frameIndex,frameTime,pcm_loudness_sma,pcm_fftMag_mfcc_sma[0],pcm_fftMag_mfcc_sma[1],pcm_fftMag_mfcc_sma[2],pcm_fftMag_mfcc_sma[3],pcm_fftMag_mfcc_sma[4],pcm_fftMag_mfcc_sma[5],pcm_fftMag_mfcc_sma[6],pcm_fftMag_mfcc_sma[7],pcm_fftMag_mfcc_sma[8],pcm_fftMag_mfcc_sma[9],pcm_fftMag_mfcc_sma[10],pcm_fftMag_mfcc_sma[11],pcm_fftMag_mfcc_sma[12],pcm_fftMag_mfcc_sma[13],pcm_fftMag_mfcc_sma[14],logMelFreqBand_sma[0],logMelFreqBand_sma[1],logMelFreqBand_sma[2],logMelFreqBand_sma[3],logMelFreqBand_sma[4],logMelFreqBand_sma[5],logMelFreqBand_sma[6],logMelFreqBand_sma[7],lspFreq_sma[0],lspFreq_sma[1],lspFreq_sma[2],lspFreq_sma[3],lspFreq_sma[4],lspFreq_sma[5],lspFreq_sma[6],lspFreq_sma[7],F0finEnv_sma,voicingFinalUnclipped_sma,pcm_loudness_sma_de,pcm_fftMag_mfcc_sma_de[0],pcm_fftMag_mfcc_sma_de[1],pcm_fftMag_mfcc_sma_de[2],pcm_fftMag_mfcc_sma_de[3],pcm_fftMag_mfcc_sma_de[4],pcm_fftMag_mfcc_sma_de[5],pcm_fftMag_mfcc_sma_de[6],pcm_fftMag_mfcc_sma_de[7],pcm_fftMag_mfcc_sma_de[8],pcm_fftMag_mfcc_sma_de[9],pcm_fftMag_mfcc_sma_de[10],pcm_fftMag_mfcc_sma_de[11],pcm_fftMag_mfcc_sma_de[12],pcm_fftMag_mfcc_sma_de[13],pcm_fftMag_mfcc_sma_de[14],logMelFreqBand_sma_de[0],logMelFreqBand_sma_de[1],logMelFreqBand_sma_de[2],logMelFreqBand_sma_de[3],logMelFreqBand_sma_de[4],logMelFreqBand_sma_de[5],logMelFreqBand_sma_de[6],logMelFreqBand_sma_de[7],lspFreq_sma_de[0],lspFreq_sma_de[1],lspFreq_sma_de[2],lspFreq_sma_de[3],lspFreq_sma_de[4],lspFreq_sma_de[5],lspFreq_sma_de[6],lspFreq_sma_de[7],F0finEnv_sma_de,voicingFinalUnclipped_sma_de,F0final_sma,jitterLocal_sma,jitterDDP_sma,shimmerLocal_sma,F0final_sma_de,jitterLocal_sma_de,jitterDDP_sma_de,shimmerLocal_sma_de
0,0.000000,1.446043e-01,-3.812835e+01,-1.382995e+01,-4.366122e+00,-1.788482e+01,-1.658479e+01,-4.230705e+00,-4.974195e+00,7.329914e+00,-6.914936e+00,3.527488e+00,-7.566779e+00,7.387178e+00,-9.445395e+00,9.484179e+00,-8.669743e+00,-6.377836e+00,-4.629910e+00,-3.638327e+00,-4.172260e+00,-4.452027e+00,-4.108276e+00,-3.446561e+00,-2.698109e+00,3.997416e-01,5.512106e-01,8.559186e-01,1.159238e+00,1.374798e+00,1.599481e+00,1.799734e+00,2.522278e+00,0,2.170309e-01,-3.580303e-03,5.440540e-01,-1.593450e-01,-1.536013e+00,-1.311230e+00,-6.890507e-02,1.256872e+00,2.379130e-01,-6.529981e-01,3.206189e+00,1.362406e-01,-1.399914e+00,-1.690960e+00,8.027584e-01,-1.201669e+00,-5.535563e-01,-9.697237e-02,9.795336e-02,1.778414e-01,1.965053e-01,2.450245e-01,5.017912e-02,1.244555e-01,3.133714e-02,8.340281e-03,2.589238e-03,1.524775e-02,-1.362915e-02,3.047122e-02,9.974336e-03,8.439815e-02,3.935714e-02,0,1.047471e-01,0,0,0,0,0,0,0,0
1,0.010000,1.362691e-01,-3.700076e+01,-1.439412e+01,-6.434973e+00,-1.982226e+01,-1.699970e+01,-2.697751e+00,-4.490193e+00,5.351153e+00,-5.666399e-01,4.003557e+00,-1.095508e+01,4.430798e+00,-5.451311e+00,7.720924e+00,-9.872993e+00,-6.525984e+00,-4.474473e+00,-3.328108e+00,-3.882780e+00,-3.987250e+00,-3.974916e+00,-3.182062e+00,-2.597683e+00,4.128921e-01,5.546207e-01,8.915046e-01,1.135687e+00,1.441960e+00,1.622945e+00,1.961529e+00,2.599893e+00,0,4.223597e-01,-3.210276e-03,9.335777e-01,6.929398e-03,-2.834622e+00,-1.730716e+00,9.342358e-01,2.687809e+00,-2.008400e-02,-1.200253e+00,4.912077e+00,2.874601e-01,-2.401879e+00,-2.825758e+00,1.083452e+00,-8.777870e-01,-6.360531e-03,-9.811001e-02,1.159286e-01,2.666137e-01,3.793370e-01,4.630739e-01,8.037510e-02,1.777034e-01,2.389901e-02,1.209475e-02,1.306012e-02,2.198802e-02,-2.573859e-02,3.486566e-02,1.803365e-02,1.116535e-01,4.933593e-02,0,1.262359e-01,0,0,0,0,0,0,0,0
2,0.020000,1.308703e-01,-3.597187e+01,-1.434459e+01,-1.101176e+01,-2.347225e+01,-1.672187e+01,1.287177e+00,-4.026631e+00,5.054304e+00,5.941859e+00,3.970657e+00,-1.287220e+01,4.105698e-01,-7.428645e+00,4.357460e+00,-1.083590e+01,-6.788623e+00,-4.217861e+00,-2.904229e+00,-3.334473e+00,-3.459293e+00,-3.924061e+00,-2.956533e+00,-2.591636e+00,4.348678e-01,5.624517e-01,9.143643e-01,1.102867e+00,1.493573e+00,1.637621e+00,2.140827e+00,2.680256e+00,0,6.381018e-01,3.549491e-03,1.253358e+00,3.193046e-01,-3.866651e+00,-1.598658e+00,2.552445e+00,3.463572e+00,-8.750774e-01,-2.058245e+00,4.357646e+00,1.246253e+00,-2.472538e+00,-3.165532e+00,9.416086e-01,-7.106695e-01,7.248190e-01,-3.254128e-02,1.061829e-01,2.578857e-01,5.676907e-01,6.419328e-01,1.282429e-01,1.593173e-01,6.906748e-03,1.481541e-02,2.319329e-02,1.822901e-02,-3.261688e-02,2.357354e-02,1.528959e-02,8.780922e-02,4.057472e-02,0,1.048981e-01,0,0,0,0,0,0,0,0
3,0.030000,1.354198e-01,-3.453870e+01,-1.353798e+01,-1.521641e+01,-2.374468e+01,-1.184508e+01,6.449398e+00,-5.548397e+00,2.466453e+00,1.121706e+01,4.743204e+00,-1.692346e+01,-3.253307e+00,-5.036509e+00,7.658604e+00,-7.618467e+00,-6.662992e+00,-4.256291e+00,-2.672307e+00,-2.694468e+00,-2.633024e+00,-3.798509e+00,-2.803058e+00,-2.631850e+00,4.426523e-01,6.108906e-01,9.366358e-01,1.058730e+00,1.489739e+00,1.670580e+00,2.187455e+00,2.689968e+00,0,6.376750e-01,1.616919e-02,1.265216e+00,4.083351e-01,-3.570646e+00,6.685810e-02,4.301868e+00,2.729244e+00,-2.839410e+00,-3.812704e+00,2.234907e+00,2.441610e+00,-1.183709e+00,-2.059331e+00,1.656919e+00,-2.147863e-01,1.127952e+00,1.107658e-01,2.617893e-02,3.872967e-02,6.073090e-01,6.984568e-01,1.815073e-01,9.525740e-02,-2.020121e-03,1.263202e-02,3.658934e-02,7.949824e-03,-2.975055e-02,-6.400764e-03,1.974368e-03,4.238248e-03,1.476831e-02,1.671415e+01,4.858392e-02,0,0,0,0,1.671415e+01,0,0,0
4,0.040000,1.627763e-01,-3.309259e+01,-1.266149e+01,-1.930866e+01,-2.391690e+01,-6.399876e+00,8.513579e+00,-8.820480e+00,-1.518959e+00,8.981445e+00,9.388928e+00,-1.694528e+01,-4.598427e+00,-4.944752e+00,5.961992e+00,-6.172911e+00,-6.472038e+00,-4.208086e+00,-2.676799e+00,-1.927962e+00,-1.919476e+00,-3.555265e+00,-2.839477e+00,-2.646491e+00,4.589386e-01,6.390421e-01,9.244980e-01,1.034632e+00,1.468777e+00,1.652112e+00,2.125817e+00,2.680114e+00,0,6.338635e-01,1.352634e-02,1.350227e+00,1.499993e-01,-2.615993e+00,1.533801e+00,4.894339e+00,1.039722e+00,-4.340924e+00,-4.863427e+00,3.259964e-01,2.828239e+00,1.074900e+00,-4.029627e-01,2.933945e+00,-9.416065e-01,7.975330e-01,2.119000e-01,6.551742e-05,-1.423626e-01,5.399814e-01,6.785466e-01,2.688959e-01,7.857416e-02,5.952942e-02,8.659726e-03,4.125225e-02,5.508482e-03,-1.685736e-02,-3.635446e-02,-1.460333e-02,-8.752026e-02,-1.671047e-02,4.174508e+01,2.103584e-02,0,0,0,0,4.162420e+01,0,0,1.227059e-02
5,0.050000,2.011620e-01,-3.211432e+01,-1.319399e+01,-2.013975e+01,-1.926565e+01,-6.513507e-01,7.335268e+00,-1.629032e+01,-1.042574e+01,9.088100e+00,1.350247e+01,-1.483709e+01,-3.361358e+00,1.591341e+00,5.844727e+00,-6.564728e+00,-6.130448e+00,-4.348465e+00,-3.248175e+00,-1.549490e+00,-1.264875e+00,-3.251778e+00,-2.764303e+00,-2.580356e+00,4.640168e-01,6.992722e-01,9.261869e-01,1.021052e+00,1.422355e+00,1.625572e+00,1.990225e+00,2.673805e+00,8.357073e+01,6.673985e-01,2.851121e-03,1.467800e+00,4.078608e-01,-1.397120e+00,1.633655e+00,3.900492e+00,-6.227161e-01,-3.991812e+00,-3.988748e+00,-4.575199e-01,1.126568e-01,2.888259e+00,9.119840e-02,1.707492e+00,-2.667967e+00,-3.618675e-01,3.344711e-01,1.279013e-01,-1.008194e-01,4.099706e-01,5.308021e-01,2.843991e-01,7.190285e-02,8.591096e-02,6.306740e-03,3.270362e-02,1.928616e-03,-2.090776e-03,-5.675962e-02,-2.802646e-02,-1.200030e-01,-2.677641e-02,6.670418e+01,4.420896e-02,8.357073e+01,0,0,0,6.636784e+01,1.371876e-02,0,3.211850e-02
6,0.060000,1.656310e-01,-3.043292e+01,-1.376659e+01,-2.163006e+01,-1.804276e+01,2.152965e+00,6.042851e+00,-2.036029e+01,-1.281674e+01,8.636318e+00,1.373222e+01,-8.540885e+00,-1.550218e+00,3.927157e+00,5.563660e-01,-7.375103e+00,-5.995396e+00,-4.171446e+00,-3.328109e+00,-1.207056e+00,-7.506345e-01,-2.852947e+00,-2.583040e+00,-2.319736e+00,4.674841e-01,7.245222e-01,9.471312e-01,1.037419e+00,1.345493e+00,1.587109e+00,1.801840e+00,2.604785e+00,1.669400e+02,7.284193e-01,-1.049089e-02,2.004832e+00,1.460221e+00,-5.551044e-01,5.793495e-02,1.900925e+00,-1.736188e+00,-7.949716e-01,-1.082781e+00,2.607301e-01,-4.270437e+00,2.191321e+00,-9.170734e-01,-7.005063e-01,-3.664862e+00,-5.837534e-01,5.112537e-01,4.317389e-01,3.023260e-01,3.313735e-01,3.901598e-01,2.823774e-01,8.331208e-02,6.703456e-02,-2.100796e-04,5.223238e-03,1.479691e-03,7.255125e-03,-6.045307e-02,-2.445368e-02,-8.215052e-02,-2.480924e-02,6.649382e+01,5.763679e-02,1.663356e+02,0,0,6.135294e-02,6.586272e+01,2.190689e-02,4.168824e-03,5.965014e-02
7,0.070000,1.482481e-01,-2.852953e+01,-1.094613e+01,-2.104131e+01,-1.851348e+01,3.380964e+00,4.571181e+00,-1.973755e+01,-1.182840e+01,9.102019e+00,3.134843e+00,-6.684364e+00,-4.321420e+00,-9.350023e-01,-2.978416e+00,-8.826709e+00,-5.228958e+00,-3.635104e+00,-2.850749e+00,-1.005068e+00,-5.634342e-01,-2.727673e+00,-2.571762e+00,-2.365673e+00,4.699132e-01,7.316687e-01,9.349623e-01,1.046882e+00,1.267583e+00,1.562949e+00,1.749428e+00,2.593750e+00,2.500509e+02,8.114419e-01,-1.036950e-02,2.685431e+00,2.923069e+00,-5.289385e-01,-2.908458e+00,-6.635113e-01,-2.435802e+00,4.156365e+00,1.903651e+00,9.233958e-01,-5.472765e+00,-2.425202e-01,-2.750028e+00,-3.765964e+00,-3.819398e+00,-5.333709e-01,6.425755e-01,8.379774e-01,8.657358e-01,4.011195e-01,2.561292e-01,2.723945e-01,8.078601e-02,-1.485479e-02,-2.562952e-03,-3.355442e-02,-1.319319e-02,1.352060e-03,-3.941815e-02,-1.376030e-02,-4.660833e-03,-4.630375e-03,4.112896e+01,5.086698e-02,2.486714e+02,6.859381e-02,0,1.299160e-01,4.024802e+01,2.298671e-02,6.746501e-03,5.883242e-02
8,0.080000,1.367788e-01,-2.486082e+01,-6.484322e+00,-2.163340e+01,-2.400331e+01,1.088593e+00,1.214685e+00,-1.107172e+01,-6.231536e+00,1.027814e+01,-6.779443e+00,-1.006503e+01,-8.703763e+00,-7.184112e+00,-7.950746e+00,-7.960687e+00,-4.366515e+00,-2.406072e+00,-1.363882e+00,-5.433050e-01,-3.193971e-01,-2.405431e+00,-2.519187e+00,-2.418660e+00,4.549400e-01,6.489601e-01,9.275088e-01,1.057992e+00,1.243897e+00,1.561155e+00,1.835463e+00,2.596095e+00,2.492290e+02,8.500257e-01,2.497239e-02,3.011522e+00,3.436494e+00,-7.140819e-01,-4.784936e+00,-2.486868e+00,-2.865360e+00,6.555087e+00,3.056641e+00,1.877018e+00,-3.351731e+00,-2.549595e+00,-2.839891e+00,-3.865726e+00,-2.375271e+00,1.121867e-01,6.306641e-01,1.081064e+00,1.163133e+00,4.744946e-01,2.135074e-01,2.783145e-01,9.423737e-02,-5.088415e-02,-6.839701e-03,-5.653151e-02,-2.501981e-02,-9.525406e-03,-1.381809e-02,-3.337598e-03,7.361690e-02,1.925387e-02,1.570441e+01,3.210308e-02,2.467633e+02,7.523755e-02,2.084412e-02,2.332927e-01,1.464445e+01,3.017359e-03,7.409976e-03,2.711727e-02
9,0.090000,1.637406e-01,-2.147321e+01,-2.219783e+00,-2.278277e+01,-3.082766e+01,-3.436721e+00,-2.429659e+00,-1.527774e-01,-4.200083e+00,1.288417e+01,-3.605525e+00,-1.528761e+01,-1.353473e+01,-1.168284e+01,-8.998708e+00,-8.938790e+00,-3.732011e+00,-1.041266e+00,9.839048e-02,1.242322e-01,-1.998472e-01,-2.113563e+00,-2.392300e+00,-2.605168e+00,4.574741e-01,5.692812e-01,8.700321e-01,1.017526e+00,1.276062e+00,1.569747e+00,1.950110e+00,2.654999e+00,2.480710e+02,8.609301e-01,7.204123e-02,2.734262e+00,2.522807e+00,-1.167904e+00,-5.535416e+00,-3.577752e+00,-2.826390e+00,5.677647e+00,2.991820e+00,1.468413e+00,5.419011e-01,-2.469708e+00,-9.658824e-01,-2.035901e+00,-8.722412e-01,7.036186e-01,4.012792e-01,1.037954e+00,1.092744e+00,4.958860e-01,2.059005e-01,2.827910e-01,1.153692e-01,1.881466e-02,-9.874785e-03,-5.612714e-02,-3.602583e-02,-2.200607e-02,-6.987536e-03,-1.493961e-02,5.670037e-02,-3.577561e-02,-1.409961e+00,1.200532e-02,2.445970e+02,7.731476e-02,2.331045e-02,2.081922e-01,-2.610643e+00,-1.883054e-02,2.074160e-03,-1.613228e-02
10,0.100000,2.827467e-01,-1.890347e+01,-9.472985e-01,-2.432973e+01,-3.581034e+01,-6.872532e+00,-4.783531e+00,2.622755e+00,-1.347689e+00,1.613033e+01,3.437490e-01,-1.698724e+01,-1.114302e+01,-1.002755e+01,-8.309845e+00,-6.758129e+00,-3.590549e+00,-6.304852e-02,1.012984e+00,6.007672e-01,1.351088e-01,-1.768429e+00,-2.201584e+00,-2.454409e+00,4.395052e-01,5.230584e-01,8.544973e-01,1.004470e+00,1.272163e+00,1.567022e+00,2.069584e+00,2.670430e+00,2.464520e+02,8.641906e-01,1.273855e-01,1.745055e+00,1.152768e+00,-1.042101e+00,-4.288317e+00,-3.620070e+00,-2.548478e+00,2.766751e+00,2.811521e+00,5.539008e-01,1.641183e+00,-9.358463e-02,1.615702e+00,-1.647873e-02,7.363969e-01,1.240293e+00,1.648771e-01,7.350327e-01,7.137384e-01,3.420847e-01,1.175015e-01,2.263538e-01,9.194903e-02,7.808547e-02,-9.220940e-03,-3.465978e-02,-3.846439e-02,-2.010586e-02,-1.170225e-02,-3.099983e-02,8.786714e-03,-7.290697e-02,-1.822050e+00,2.311963e-03,2.415951e+02,1.072632e-02,2.539466e-02,1.578012e-01,-3.058319e+00,-2.040838e-02,-4.269979e-03,-4.662754e-02
11,0.110000,4.354703e-01,-1.783690e+01,-1.100607e+00,-2.553266e+01,-4.028704e+01,-1.052723e+01,-6.561661e+00,1.803443e+00,6.887815e-01,1.351799e+01,2.282752e+00,-1.557180e+01,-7.931203e+00,-9.692788e+00,-7.160073e+00,-5.909895e+00,-3.610545e+00,3.831522e-01,1.424536e+00,9.023258e-01,2.388155e-01,-1.632219e+00,-2.153718e+00,-2.253725e+00,4.282567e-01,5.139838e-01,7.913389e-01,9.636125e-01,1.218512e+00,1.485318e+00,1.915870e+00,2.377705e+00,2.443896e+02,8.643861e-01,1.145559e-01,7.441751e-01,9.847397e-03,-3.967821e-01,-1.962721e+00,-3.546656e+00,-2.959395e+00,1.180341e+00,3.063786e+00,-8.763471e-01,1.068027e-01,2.539685e+00,3.537679e+00,8.827780e-01,1.069517e+00,1.501529e+00,3.079796e-02,3.983651e-01,3.376883e-01,8.744968e-02,-4.095131e-02,1.826993e-01,8.161490e-02,1.018827e-01,-1.153504e-02,-1.909277e-02,-3.935211e-02,-8.897871e-03,-1.949530e-02,-3.942115e-02,-6.461879e-02,-1.330165e-01,-2.227968e+00,-2.233434e-03,2.382023e+02,6.696714e-03,8.095532e-03,8.700039e-02,-3.445732e+00,-1.396108e-02,-5.088425e-03,-4.029023e-02
12,0.120000,6.378416e-01,-1.795370e+01,-1.280068e+00,-2.546896e+01,-4.071521e+01,-1.346650e+01,-9.461705e+00,1.783921e+00,5.381638e+00,1.273073e+01,-1.517668e+00,-1.039086e+01,-3.427015e+00,-8.261533e+00,-5.188079e+00,-3.273668e+00,-3.602862e+00,5.568819e-01,1.541737e+00,7.780719e-01,4.877926e-02,-1.514334e+00,-2.178733e+00,-2.203954e+00,4.234440e-01,5.033098e-01,7.745335e-01,9.844194e-01,1.214161e+00,1.448370e+00,1.896517e+00,2.370207e+00,2.419595e+02,8.598576e-01,6.534506e-02,9.448814e-03,-1.649852e-01,8.616940e-01,7.319511e-01,-3.493429e+00,-3.851700e+00,1.984007e+00,2.431688e+00,-1.534718e+00,-7.417578e-01,3.681845e+00,3.524918e+00,6.248252e-01,1.027147e+00,1.048282e+00,5.363083e-02,1.737198e-01,8.595367e-02,-1.647065e-01,-2.658441e-01,1.313710e-01,9.067170e-02,1.918371e-02,-1.008038e-02,-1.352952e-02,-3.908612e-02,1.407778e-03,-3.935433e-03,-2.390512e-02,-8.531941e-02,-8.565762e-02,-2.621999e+00,-5.312270e-03,2.346691e+02,8.504653e-03,7.101678e-03,6.075094e-02,-3.804082e+00,-5.272296e-05,-4.134616e-03,-1.950779e-02
13,0.130000,5.589724e-01,-1.822722e+01,-2.004161e+00,-2.419707e+01,-3.818883e+01,-1.787301e+01,-1.488755e+01,6.168343e+00,7.754181e+00,1.020223e+01,-2.140803e+00,-5.887374e+00,2.956670e-01,-8.151961e+00,-5.212008e+00,-3.173378e+00,-3.571864e+00,6.405944e-01,1.522455e+00,4.728283e-01,-3.614390e-01,-1.327114e+00,-1.995651e+00,-2.220982e+00,4.078296e-01,4.836915e-01,7.132535e-01,9.830619e-01,1.207586e+00,1.431967e+00,1.713549e+00,2.140028e+00,2.391774e+02,8.519295e-01,9.075642e-04,-3.298036e-01,1.734494e-02,2.560381e+00,3.300071e+00,-3.302768e+00,-4.679217e+00,2.154303e+00,1.585554e+00,-1.610390e+00,-7.089127e-01,3.004319e+00,2.426693e+00,6.039548e-02,9.419847e-02,1.021873e-01,1.478605e-01,6.581713e-02,-7.362501e-02,-3.941842e-01,-4.115361e-01,9.145282e-02,1.110251e-01,-2.355986e-02,-1.174572e-02,-1.621548e-02,-3.202164e-02,1.531972e-02,1.516860e-02,1.274252e-03,-5.491717e-02,-4.597140e-03,-3.030493e+00,-6.724966e-03,2.308314e+02,8.620181e-03,7.014807e-03,5.526624e-02,-4.255984e+00,5.824384e-04,-6.867624e-04,8.050811e-03
14,0.140000,5.477210e-01,-1.866107e+01,-1.320447e+00,-2.068906e+01,-3.319969e+01,-2.066679e+01,-1.987909e+01,1.036034e+01,7.278053e+00,1.011462e+01,-1.153262e+00,-3.420223e+00,2.368136e+00,-7.673838e+00,-4.148141e+00,-2.884977e+00,-3.341735e+00,6.768293e-01,1.393793e+00,-8.016626e-03,-8.939845e-01,-1.264126e+00,-1.827259e+00,-2.374862e+00,3.993169e-01,4.705569e-01,6.981093e-01,1.001785e+00,1.257949e+00,1.474172e+00,1.744147e+00,2.360981e+00,2.359481e+02,8.438575e-01,-3.091622e-02,-5.730314e-01,2.218269e-01,4.021909e+00,4.469763e+00,-2.708680e+00,-5.086951e+00,8.695102e-02,-1.490026e-01,-1.992591e+00,-3.101888e-01,2.220138e+00,-3.407903e-01,-9.809108e-01,-7.552448e-01,-1.846692e+00,2.374630e-01,3.903621e-03,-1.938848e-01,-5.554639e-01,-4.739200e-01,1.148574e-02,6.448674e-02,-1.968861e-02,-1.316243e-02,-1.936355e-02,-2.103237e-02,1.863668e-02,2.630081e-02,1.321963e-02,-3.484167e-02,1.375487e-02,-3.458241e+00,-6.681156e-03,2.262601e+02,9.500973e-03,5.261939e-03,7.612934e-02,-4.741477e+00,1.111126e-03,4.272972e-04,2.315155e-02
15,0.150000,4.850685e-01,-1.913223e+01,-9.936926e-01,-1.512070e+01,-2.754444e+01,-2.344093e+01,-2.474905e+01,8.286751e+00,7.668342e+00,6.774090e+00,-1.444015e+00,-4.035524e+00,1.304685e+00,-9.684658e+00,-7.209049e+00,-5.593304e+00,-3.001806e+00,6.522641e-01,1.130383e+00,-6.755507e-01,-1.347483e+00,-1.300058e+00,-1.774329e+00,-2.286070e+00,3.815917e-01,4.492829e-01,6.694427e-01,1.031528e+00,1.272461e+00,1.478788e+00,1.717469e+00,2.359332e+00,2.322428e+02,8.387613e-01,-3.733513e-02,-6.202156e-01,1.106000e-01,4.346066e+00,4.865034e+00,-1.581320e+00,-5.384919e+00,-2.542729e+00,-1.243370e+00,-2.377149e+00,-7.788771e-01,2.320467e+00,-3.691526e+00,-1.619780e+00,-9.223789e-01,-3.469832e+00,2.660403e-01,-5.280969e-02,-2.808278e-01,-6.292797e-01,-3.942762e-01,4.045799e-02,1.241516e-02,1.932716e-02,-1.104246e-02,-1.979088e-02,9.469390e-03,3.607302e-02,3.866206e-02,1.899483e-02,1.344097e-02,4.309916e-02,-3.868716e+00,-5.960399e-03,2.211268e+02,9.110746e-03,5.581589e-03,1.195652e-01,-5.100130e+00,1.526090e-03,1.723081e-03,1.728877e-02
16,0.160000,5.202125e-01,-2.036635e+01,-6.761683e-01,-9.897594e+00,-2.368859e+01,-2.422594e+01,-2.996571e+01,1.159472e+00,4.679544e+00,4.481851e+00,-3.417006e+00,-2.160956e-01,-5.635475e+00,-1.239974e+01,-7.965782e+00,-1.129716e+01,-2.700577e+00,5.705652e-01,7.683494e-01,-1.425058e+00,-1.827798e+00,-1.470433e+00,-1.966960e+00,-2.269853e+00,3.707508e-01,4.236964e-01,6.912770e-01,1.053370e+00,1.313228e+00,1.491058e+00,1.720349e+00,2.329329e+00,2.281356e+02,8.330359e-01,-3.835191e-02,-4.738453e-01,-5.186289e-01,3.570920e+00,4.676206e+00,-6.223688e-01,-5.679917e+00,-3.087441e+00,-2.354565e+00,-2.998790e+00,-5.163488e-01,3.246711e+00,-6.291633e+00,-1.724601e+00,-3.178618e-01,-4.126451e+00,2.035168e-01,-1.081253e-01,-3.331457e-01,-5.944566e-01,-2.572798e-01,1.890669e-01,4.693322e-02,6.133955e-02,-8.844614e-03,-1.696856e-02,4.379246e-02,5.720324e-02,4.542644e-02,2.573292e-02,4.211861e-02,7.284784e-03,-4.155867e+00,-4.365468e-03,2.158140e+02,1.381500e-02,9.954773e-03,1.443592e-01,-5.017317e+00,1.472538e-03,3.040396e-03,-2.256642e-03
17,0.170000,3.860510e-01,-2.047565e+01,-1.773301e+00,-7.862475e+00,-1.861922e+01,-2.400004e+01,-3.676883e+01,-1.944870e+00,2.836584e+00,1.132871e+00,-4.903316e+00,4.112895e+00,-1.416016e+01,-1.388791e+01,-7.915082e+00,-1.631644e+01,-2.562242e+00,4.296781e-01,4.310380e-01,-1.965049e+00,-1.865913e+00,-1.021671e+00,-1.863725e+00,-2.176851e+00,3.669003e-01,4.081674e-01,7.640166e-01,1.137635e+00,1.373257e+00,1.518498e+00,1.792653e+00,2.371349e+00,2.237401e+02,8.275383e-01,6.976390e-03,-2.721458e-01,-1.041646e+00,2.121368e+00,4.105945e+00,-1.982395e-01,-5.417982e+00,-8.183432e-01,-2.657757e+00,-3.289744e+00,1.205231e+00,3.720823e+00,-5.985515e+00,-8.838739e-01,1.435275e+00,-2.571909e+00,8.638980e-02,-1.431965e-01,-3.295673e-01,-4.612638e-01,-1.469767e-01,3.645171e-01,1.301209e-01,4.823561e-02,-5.746472e-03,-8.648473e-03,6.583049e-02,6.348123e-02,5.401643e-02,3.049575e-02,6.288318e-02,1.946986e-02,-4.193593e+00,-1.947558e-03,2.105538e+02,1.409361e-02,1.328379e-02,1.075952e-01,-4.306778e+00,1.721777e-03,2.651319e-03,-2.034549e-02
18,0.180000,4.054701e-01,-2.035858e+01,-3.523787e+00,-6.463576e+00,-1.428128e+01,-2.349908e+01,-4.226878e+01,3.894408e-02,-2.078895e+00,-2.058723e+00,-2.005356e+00,8.739120e+00,-2.135760e+01,-1.419522e+01,-5.384434e+00,-1.815566e+01,-2.543933e+00,2.474960e-01,7.773730e-02,-2.335550e+00,-1.921169e+00,-4.579854e-01,-1.547895e+00,-2.122774e+00,3.624395e-01,4.062718e-01,8.697847e-01,1.234748e+00,1.434683e+00,1.582981e+00,1.917148e+00,2.391396e+00,2.194201e+02,8.276417e-01,6.042073e-02,-3.602465e-01,-1.148368e+00,1.435643e+00,3.257316e+00,-5.296076e-01,-3.505807e+00,1.422688e+00,-1.449552e+00,-3.321866e+00,3.326061e+00,2.559583e+00,-3.209831e+00,4.754725e-01,3.040420e+00,-2.000785e-01,-3.087916e-02,-1.871174e-01,-3.186315e-01,-3.495036e-01,-1.644547e-01,3.435297e-01,1.443807e-01,3.018401e-02,-4.146236e-03,2.403638e-03,5.574108e-02,6.373928e-02,5.188321e-02,3.971611e-02,8.096681e-02,3.189294e-02,-3.861549e+00,6.777704e-04,2.064600e+02,1.437223e-02,1.661281e-02,7.083117e-02,-2.865427e+00,7.630161e-04,1.991624e-03,-1.036719e-02
19,0.190000,5.773216e-01,-2.049685e+01,-4.778111e+00,-6.230874e+00,-1.171837e+01,-2.479556e+01,-4.568742e+01,4.755299e+00,-2.241225e+00,-6.404344e+00,3.876314e+00,1.009098e+01,-2.076182e+01,-1.320629e+01,-1.323347e+00,-1.502360e+01,-2.648179e+00,9.781616e-02,-1.721472e-01,-2.526624e+00,-2.035681e+00,1.630321e-02,-1.333257e+00,-2.118431e+00,3.570150e-01,4.147528e-01,9.093413e-01,1.258245e+00,1.481816e+00,1.585305e+00,1.933485e+00,2.425648e+00,2.156326e+02,8.317206e-01,6.679410e-02,-9.698712e-01,-6.645702e-01,1.827496e+00,1.770784e+00,-1.190361e+00,-1.398947e+00,2.211690e+00,4.064335e-01,-2.909411e+00,3.546285e+00,9.508373e-01,1.763840e-02,1.244596e+00,3.629520e+00,1.499959e+00,-1.082304e-01,-2.170425e-01,-2.970411e-01,-3.236753e-01,-3.051016e-01,7.697145e-02,-1.605645e-02,-3.601360e-02,-5.212417e-03,6.700498e-03,8.981735e-03,2.861931e-02,3.159953e-02,2.399575e-02,2.840562e-02,-1.784864e-02,-3.143944e+00,7.699251e-04,2.042699e+02,1.744102e-02,1.550916e-02,5.460179e-02,-9.911392e-01,2.340403e-04,1.980233e-03,1.998744e-02
20,0.200000,7.266808e-01,-2.215699e+01,-4.915604e+00,-3.535182e+00,-1.085243e+01,-2.647622e+01,-4.303545e+01,4.922827e+00,-2.931277e-02,-8.358870e+00,8.823483e+00,9.592778e+00,-1.838380e+01,-1.036319e+01,3.940450e+00,-1.294398e+01,-2.812004e+00,-1.990909e-01,-5.232154e-01,-2.891789e+00,-2.565188e+00,-2.717718e-01,-1.510290e+00,-2.148143e+00,3.549623e-01,4.324219e-01,8.973200e-01,1.311760e+00,1.518364e+00,1.656235e+00,2.054767e+00,2.461645e+00,2.128816e+02,8.343336e-01,-1.429778e-02,-1.407411e+00,-8.097696e-03,2.278723e+00,6.415237e-01,-9.386179e-01,-4.170876e-02,1.203287e+00,1.798520e+00,-1.794579e+00,1.761735e+00,-4.247282e-01,1.408342e+00,1.183197e+00,2.805131e+00,1.902364e+00,-1.080249e-01,-2.229134e-01,-2.574596e-01,-3.270360e-01,-3.509451e-01,-1.965580e-01,-2.086818e-01,-1.009193e-01,-6.179914e-03,5.030003e-03,-2.918095e-02,9.230840e-03,1.029732e-02,8.302271e-03,-6.217086e-03,-2.110567e-02,-2.141127e+00,-1.491708e-03,2.046288e+02,1.595638e-02,1.880021e-02,1.190199e-01,8.673294e-01,-4.618447e-05,2.437202e-03,3.913394e-02
21,0.210000,5.594162e-01,-2.442581e+01,-4.400243e+00,-1.891901e-01,-1.147972e+01,-2.846327e+01,-4.338024e+01,6.671640e+00,3.843961e+00,-1.026411e+01,7.413689e+00,8.440253e+00,-1.555887e+01,-9.580947e+00,5.570074e+00,-1.142249e+01,-2.969358e+00,-4.322410e-01,-7.536910e-01,-3.305307e+00,-3.069412e+00,-7.299204e-01,-1.962809e+00,-2.344234e+00,3.445768e-01,4.285948e-01,7.951576e-01,1.242225e+00,1.489414e+00,1.601850e+00,1.865872e+00,2.246982e+00,2.112897e+02,8.280420e-01,-9.145136e-02,-1.365954e+00,4.705260e-01,2.651464e+00,-2.778025e-02,2.160976e-01,1.718128e-01,-5.370603e-02,1.452550e+00,-4.775877e-01,-4.499295e-01,-2.510291e-01,1.077044e+00,7.778050e-01,1.785233e+00,1.752674e+00,-1.970999e-02,-1.811744e-01,-2.043863e-01,-3.015500e-01,-2.811885e-01,-3.394105e-01,-3.147493e-01,-1.325547e-01,-7.963208e-03,-1.003915e-03,-3.884383e-02,-7.832408e-04,-8.266759e-03,-6.080103e-03,-1.965030e-02,-1.878691e-02,-9.633468e-01,-5.793923e-03,2.065137e+02,1.447174e-02,2.209126e-02,1.834380e-01,2.570003e+00,-5.825758e-04,2.012558e-03,2.700165e-02
22,0.220000,3.429339e-01,-2.543116e+01,-3.753210e+00,1.909199e+00,-1.119299e+01,-2.635831e+01,-4.363092e+01,5.097209e+00,3.871115e+00,-9.101735e+00,5.034630e+00,7.440844e+00,-1.691737e+01,-1.009190e+01,5.194511e+00,-1.044440e+01,-2.923467e+00,-6.020424e-01,-9.187887e-01,-3.581388e+00,-3.159029e+00,-1.067664e+00,-2.276528e+00,-2.514469e+00,3.377590e-01,4.245009e-01,7.809718e-01,1.288912e+00,1.482370e+00,1.616220e+00,1.919869e+00,2.375201e+00,2.108859e+02,8.220224e-01,-8.311124e-02,-9.630016e-01,8.559402e-01,2.288140e+00,-4.326439e-01,8.530403e-01,1.222942e+00,-1.064473e+00,-3.895589e-01,-1.683092e-01,-1.595857e+00,-2.031174e-02,5.829638e-01,-1.161579e-01,1.715124e+00,1.840761e+00,1.068849e-01,-1.151525e-01,-1.413309e-01,-1.748275e-01,-2.052771e-01,-3.711391e-01,-2.795542e-01,-1.198611e-01,-1.009708e-02,-5.713376e-03,-3.059505e-02,-1.201831e-02,-8.903945e-03,-1.558484e-02,1.307142e-03,3.851189e-02,4.301178e-01,-7.802075e-03,2.096747e+02,1.562594e-02,2.550778e-02,2.020827e-01,4.610510e+00,1.135527e-03,6.832395e-04,-1.012164e-02
23,0.230000,3.119383e-01,-2.568953e+01,-3.006678e+00,4.304256e+00,-1.168699e+01,-2.377403e+01,-4.453062e+01,4.399578e+00,3.071309e+00,-8.420850e+00,3.521093e+00,9.911803e+00,-1.610981e+01,-9.452905e+00,6.975787e+00,-7.510021e+00,-2.690997e+00,-6.065800e-01,-9.962919e-01,-3.689574e+00,-3.144704e+00,-1.282803e+00,-2.523885e+00,-2.598041e+00,3.258006e-01,4.136938e-01,7.732963e-01,1.265753e+00,1.458479e+00,1.574912e+00,1.902683e+00,2.374935e+00,2.118137e+02,8.089066e-01,-9.477347e-03,-6.691198e-01,1.300040e+00,1.928365e+00,-8.390386e-01,6.804489e-01,3.572527e+00,-2.400349e+00,-1.285806e+00,7.071638e-02,-1.950542e+00,-6.991678e-01,9.558786e-01,-4.318577e-01,2.189929e+00,1.723472e+00,2.030287e-01,-5.688386e-02,-9.075876e-02,-3.678596e-02,-2.100001e-01,-4.543267e-01,-2.162486e-01,-7.197361e-02,-1.006323e-02,-5.003002e-03,-2.576708e-02,-2.172545e-02,-6.120598e-03,-6.298840e-03,3.751224e-02,7.567251e-02,2.097624e+00,-7.732505e-03,2.145969e+02,1.469336e-02,2.221817e-02,1.480786e-01,7.100163e+00,1.614137e-03,-3.904274e-04,-3.522662e-02
24,0.240000,4.348636e-01,-2.634013e+01,-1.332685e+00,5.658794e+00,-1.291201e+01,-2.455564e+01,-3.634555e+01,7.364914e-01,-1.590782e+00,-1.012205e+01,2.790494e+00,8.755445e+00,-1.519351e+01,-1.100800e+01,1.181321e+01,-5.696407e+00,-2.416760e+00,-6.876840e-01,-1.108569e+00,-3.573793e+00,-3.553927e+00,-1.851026e+00,-2.627524e+00,-2.620545e+00,3.138650e-01,4.113055e-01,7.552754e-01,1.239905e+00,1.489312e+00,1.591780e+00,2.042897e+00,2.590227e+00,2.147702e+02,8.048909e-01,1.038684e-02,-5.794808e-01,1.497970e+00,1.228081e+00,-1.560004e+00,-4.312225e-01,4.606120e+00,-2.742184e+00,-2.098250e-02,1.663308e-01,-2.356101e+00,-2.206005e+00,2.377696e+00,-1.761648e+00,1.136865e+00,8.448059e-01,1.930816e-01,1.973315e-02,1.170368e-02,6.837551e-02,-2.112214e-01,-4.926575e-01,-1.843954e-01,-3.756230e-02,-8.254928e-03,-5.322895e-03,-3.489732e-02,-3.780309e-02,-8.474899e-03,5.677402e-03,2.694280e-02,4.359708e-02,4.011032e+00,-5.642050e-03,2.236398e+02,2.152321e-02,2.215295e-02,8.609136e-02,9.751251e+00,4.898317e-03,2.712391e-03,-2.966698e-02
25,0.250000,4.660646e-01,-2.731692e+01,8.896952e-01,7.577837e+00,-1.481540e+01,-2.596237e+01,-2.916029e+01,-3.149745e+00,1.458767e-01,-9.400373e+00,-1.216954e+00,4.287114e+00,-1.164141e+01,-1.128219e+01,1.321037e+01,-5.179125e+00,-2.207569e+00,-6.738395e-01,-1.112595e+00,-3.493034e+00,-3.921963e+00,-2.609873e+00,-2.868554e+00,-2.651065e+00,3.062077e-01,4.101775e-01,6.791704e-01,1.158101e+00,1.455340e+00,1.582576e+00,1.991919e+00,2.517831e+00,2.198356e+02,7.979452e-01,-2.300344e-02,-8.127232e-02,1.368445e+00,-3.792432e-01,-2.641397e+00,-2.888481e-01,3.434492e+00,-2.479079e+00,3.272321e+00,1.922793e+00,-3.483021e+00,-2.696818e+00,3.345517e+00,-2.666905e+00,-1.409996e+00,-3.454590e-01,8.308127e-02,1.337858e-01,2.191641e-01,2.116920e-01,2.108440e-02,-3.553419e-01,-1.637689e-01,-8.590460e-03,-1.255870e-05,-2.269837e-03,-3.329638e-02,-2.684251e-02,-2.194811e-02,1.300449e-02,1.472929e-02,2.136369e-02,5.962888e+00,-2.682829e-03,2.350321e+02,1.959380e-02,2.181653e-02,6.530055e-02,1.181845e+01,5.706111e-03,4.615230e-03,-7.537237e-03
26,0.260000,3.178049e-01,-2.751487e+01,1.788455e+00,6.412814e+00,-1.742880e+01,-2.742026e+01,-2.828549e+01,-4.839049e+00,5.228919e+00,-7.780320e+00,-4.376853e+00,-7.768340e-01,-7.263093e+00,-1.798550e+01,7.761549e+00,-7.385816e+00,-2.199774e+00,-4.697469e-01,-8.021190e-01,-3.337781e+00,-3.826506e+00,-2.867417e+00,-3.026170e+00,-2.675769e+00,3.062808e-01,3.996445e-01,6.535481e-01,1.153723e+00,1.441565e+00,1.640775e+00,2.009965e+00,2.521738e+00,2.269301e+02,7.992929e-01,-2.823708e-02,8.553196e-01,5.597535e-01,-2.827585e+00,-3.841810e+00,4.847530e-01,7.938623e-01,4.640594e-01,5.654212e+00,3.158731e+00,-3.869762e+00,-2.682537e-01,3.493001e+00,-2.440132e+00,-3.453939e+00,-1.009536e+00,-1.419215e-01,2.270088e-01,4.674702e-01,4.581439e-01,3.778368e-01,1.916141e-02,-6.930063e-02,2.378988e-02,1.330833e-02,4.650095e-03,-1.030243e-02,-9.490132e-04,-2.744738e-02,1.502132e-02,2.183337e-02,1.952136e-02,7.722014e+00,8.447230e-04,2.482134e+02,3.766731e-02,3.927055e-02,9.513688e-02,1.299941e+01,3.835741e-03,3.867330e-03,7.156086e-03
27,0.270000,2.554504e-01,-2.550852e+01,2.274976e+00,2.031030e+00,-2.263558e+01,-2.378596e+01,-3.138819e+01,-5.208047e+00,1.602306e+01,2.224970e-02,-1.031034e+01,1.193852e+00,-3.347436e+00,-1.929868e+01,1.951640e+00,-8.392612e+00,-2.384084e+00,-4.661955e-02,-5.369649e-02,-2.749120e+00,-2.902992e+00,-2.551317e+00,-3.143406e+00,-2.613381e+00,3.295299e-01,4.081751e-01,6.576781e-01,1.174632e+00,1.372612e+00,1.615437e+00,1.992795e+00,2.515998e+00,2.355482e+02,7.982914e-01,1.311179e-02,1.731491e+00,-5.151641e-01,-6.105671e+00,-5.042873e+00,2.143418e+00,5.959396e-01,3.353370e+00,4.724524e+00,2.466994e+00,-2.503860e+00,3.158975e+00,2.618838e+00,-8.113384e-02,-2.620255e+00,-8.005303e-01,-4.453021e-01,1.732585e-01,6.045628e-01,8.086623e-01,6.894258e-01,4.003623e-01,7.808075e-02,4.926753e-02,2.744515e-02,1.944336e-02,1.236622e-02,5.838537e-03,-2.481942e-02,-4.983044e-03,5.278444e-03,2.520318e-02,9.138739e+00,5.875575e-03,2.614023e+02,3.515186e-02,3.673552e-02,1.058697e-01,1.338891e+01,-3.383111e-04,-2.285613e-03,4.906923e-04
28,0.280000,3.989853e-01,-2.296773e+01,7.734416e-01,-5.705728e+00,-2.821097e+01,-2.322008e+01,-3.126228e+01,4.085940e+00,1.874168e+01,9.602968e-01,-1.201162e+01,8.960807e+00,-1.875491e+00,-1.920041e+01,1.728839e-01,-9.137345e+00,-3.038110e+00,1.337502e-01,6.993330e-01,-1.655030e+00,-2.174228e+00,-1.784497e+00,-2.836601e+00,-2.520437e+00,3.687456e-01,4.355572e-01,7.145094e-01,1.226894e+00,1.393439e+00,1.650456e+00,2.151626e+00,2.688751e+00,2.455240e+02,8.089414e-01,5.497612e-02,2.047215e+00,-1.229593e+00,-8.369650e+00,-5.141257e+00,3.802837e+00,2.700154e+00,4.591352e+00,2.779028e-01,5.296762e-01,6.568481e-01,4.590446e+00,1.109768e+00,3.177059e+00,-1.037938e+00,-1.462491e-01,-6.183969e-01,1.990507e-02,5.117644e-01,1.068119e+00,8.048784e-01,5.421566e-01,1.986984e-01,4.135742e-02,3.705438e-02,3.871335e-02,2.606324e-02,-1.412336e-02,-1.277293e-02,-1.897349e-02,-2.343948e-02,1.105914e-02,1.003328e+01,1.079874e-02,2.754517e+02,3.292288e-02,3.403011e-02,1.015872e-01,1.271690e+01,-4.578839e-03,-7.989432e-03,-1.105424e-02
29,0.290000,4.910333e-01,-2.093303e+01,-1.178619e+00,-1.689125e+01,-3.463868e+01,-1.734537e+01,-2.469219e+01,9.154611e+00,1.701211e+01,-1.435713e+00,-9.918871e+00,1.521317e+01,-1.241020e+00,-1.108040e+01,3.903421e+00,-8.306012e+00,-4.014911e+00,-1.092958e-01,1.159493e+00,-2.910978e-01,-1.300972e+00,-1.149521e+00,-2.572935e+00,-2.482393e+00,4.122011e-01,4.894379e-01,7.105208e-01,1.150708e+00,1.355306e+00,1.552821e+00,1.947481e+00,2.560341e+00,2.562324e+02,8.224988e-01,2.747532e-02,1.673304e+00,-1.556747e+00,-8.499169e+00,-4.137595e+00,5.039298e+00,5.285552e+00,2.964940e+00,-5.217314e+00,-1.062088e+00,4.494440e+00,2.102351e+00,-2.345518e-01,4.571022e+00,-9.446719e-01,-2.649576e-01,-5.675191e-01,-1.432552e-01,2.346489e-01,1.056129e+00,7.665788e-01,4.075714e-01,2.329944e-01,2.466817e-02,3.512160e-02,4.976893e-02,2.798427e-02,-4.475378e-02,-6.767022e-03,-2.302630e-02,-6.189617e-02,-8.174038e-03,1.024144e+01,9.791779e-03,2.883575e+02,2.027445e-02,1.300869e-02,6.452883e-02,1.086588e+01,-4.220998e-03,-7.785419e-03,-9.350518e-03
30,0.300000,4.748941e-01,-1.956655e+01,-2.632713e+00,-2.597430e+01,-3.713353e+01,-1.162637e+01,-1.813272e+01,1.093638e+01,6.123908e+00,-4.402957e+00,-1.288348e+00,1.516574e+01,-2.767462e+00,-6.209345e+00,1.595968e+00,-8.160361e+00,-4.476345e+00,-3.388834e-01,1.150108e+00,7.738053e-01,-6.031238e-01,-8.575320e-01,-2.317913e+00,-2.534476e+00,4.502171e-01,5.525799e-01,7.574430e-01,1.095068e+00,1.386353e+00,1.577216e+00,1.915425e+00,2.554863e+00,2.667544e+02,8.411829e-01,-2.107493e-02,9.985758e-01,-1.215974e+00,-5.921928e+00,-2.556571e+00,5.655981e+00,6.139867e+00,-1.596120e+00,-8.286289e+00,5.378783e-01,6.205256e+00,-2.561796e+00,-9.712480e-01,4.135281e+00,-3.004380e+00,-7.818664e-01,-2.679853e-01,-1.707136e-01,-8.573900e-02,7.458194e-01,6.875167e-01,5.628034e-02,1.422935e-01,3.091247e-02,1.938321e-02,4.407736e-02,2.106912e-02,-6.664537e-02,-3.013961e-02,-4.527062e-02,-9.071629e-02,-7.854607e-02,9.273456e+00,-7.100648e-03,2.983203e+02,2.221182e-02,1.118681e-02,6.053611e-02,-1.259820e+01,-4.147582e-03,-5.648904e-03,-6.850909e-03
31,0.310000,3.548726e-01,-1.884260e+01,-3.805680e+00,-3.033053e+01,-3.886227e+01,-4.386323e+00,-1.152521e+01,6.191432e+00,-3.754619e+00,-2.606566e+00,6.800219e+00,8.603140e+00,-4.074209e+00,-2.939103e+00,-3.483261e+00,-1.020589e+01,-4.502562e+00,-5.265787e-01,8.941606e-01,1.317110e+00,1.443496e-01,-9.769427e-01,-2.237777e+00,-2.483021e+00,4.644021e-01,5.985084e-01,7.761326e-01,1.016776e+00,1.342320e+00,1.536925e+00,1.801415e+00,2.542072e+00,2.761401e+02,8.311296e-01,-2.924865e-02,1.719704e-02,-7.834535e-01,-1.591219e+00,-8.241856e-01,4.341756e+00,5.139146e+00,-5.122872e+00,-7.270030e+00,4.161946e+00,5.367600e+00,-5.851486e+00,-7.333412e-01,2.491105e+00,-4.705990e+00,-1.652645e+00,-2.900052e-02,-1.344547e-01,-3.407896e-01,2.027276e-01,4.772873e-01,-3.210047e-01,6.231689e-03,5.077534e-02,-3.292966e-03,2.068602e-02,2.311836e-02,-4.977091e-02,-5.461972e-02,-4.736496e-02,-4.081243e-02,-7.514930e-02,7.174924e+00,-7.515783e-02,3.042974e+02,1.940240e-02,9.230076e-03,7.964263e-02,-4.653990e+01,-4.197903e-03,-2.215964e-03,-6.195815e-03
32,0.320000,3.616910e-01,-1.902007e+01,-3.992896e+00,-2.859573e+01,-3.888203e+01,-1.419695e+00,-7.146437e+00,-2.413073e+00,-1.230640e+01,4.235115e+00,1.065511e+01,-5.431568e-01,-5.315136e+00,-2.594662e+00,-1.115567e+01,-1.209674e+01,-4.134211e+00,-5.111763e-01,4.033044e-01,1.269963e+00,5.406942e-01,-1.589384e+00,-2.292712e+00,-2.365561e+00,4.395611e-01,6.014088e-01,7.870491e-01,9.606338e-01,1.249234e+00,1.432051e+00,1.771077e+00,2.305155e+00,2.819374e+02,7.691228e-01,-1.329813e-02,-1.427641e+00,-4.037355e-01,2.781436e+00,8.674549e-01,1.766466e+00,3.458147e+00,-6.242119e+00,-2.103817e+00,6.605563e+00,2.847080e+00,-6.128106e+00,4.665298e-01,2.049397e+00,-2.313797e+00,-1.394043e+00,-3.034287e-02,-2.071176e-01,-5.214381e-01,-4.515928e-01,3.997416e-02,-6.263286e-01,-1.736939e-01,2.734356e-02,-2.435498e-02,-9.953564e-03,1.405835e-02,-2.460509e-02,-6.665041e-02,-4.987301e-02,-1.589906e-02,-7.154169e-02,4.389758e+00,-1.596991e-01,2.044907e+02,1.262100e-02,7.674897e-03,5.977579e-02,-7.983652e+01,-5.974568e-03,-2.791887e-03,-1.667849e-02
33,0.330000,4.013917e-01,-2.112028e+01,-4.415794e+00,-2.353663e+01,-3.788536e+01,-7.399259e-01,-4.489607e+00,-9.785024e+00,-1.012289e+01,1.505498e+01,1.094740e+01,-6.189814e+00,-3.633889e+00,-4.322163e-01,-1.325071e+01,-1.460105e+01,-4.330981e+00,-6.954229e-01,-1.710526e-01,4.744612e-01,5.135548e-01,-2.388618e+00,-2.554377e+00,-2.312974e+00,4.010642e-01,5.684536e-01,8.113095e-01,9.690707e-01,1.150767e+00,1.388578e+00,1.815592e+00,2.309448e+00,2.845155e+02,4.827397e-01,-6.767371e-03,-3.074092e+00,-4.064053e-01,5.804790e+00,2.544598e+00,-1.523842e+00,2.428733e+00,-3.754366e+00,2.425816e+00,4.847734e+00,8.752597e-01,-3.314871e+00,2.127841e+00,2.082666e+00,2.311866e+00,-2.870264e-01,-2.329927e-01,-4.478230e-01,-6.782553e-01,-9.717957e-01,-6.092013e-01,-7.833204e-01,-3.048557e-01,-5.482697e-02,-3.773608e-02,-2.446531e-02,8.640826e-03,3.304940e-03,-2.769749e-02,-3.205192e-03,3.442723e-02,2.493689e-02,1.932883e+00,-2.214500e-01,1.025728e+02,4.080349e-03,3.684827e-03,3.392992e-02,-8.130855e+01,-5.142580e-03,-2.613505e-03,-2.190610e-02
34,0.340000,3.851439e-01,-2.556591e+01,-4.346334e+00,-1.546407e+01,-3.328471e+01,-4.617237e+00,-4.359789e+00,-1.228599e+01,-1.211043e+00,1.979408e+01,1.087346e+01,-8.078313e+00,-6.549726e-01,2.784199e+00,-5.089292e+00,-1.293300e+01,-4.713850e+00,-1.290049e+00,-9.244755e-01,-1.062835e+00,-5.878556e-01,-3.283337e+00,-3.028083e+00,-2.482782e+00,3.601111e-01,5.178395e-01,8.101463e-01,9.958950e-01,1.148878e+00,1.402024e+00,1.828841e+00,2.313466e+00,2.845155e+02,2.168823e-01,-2.781310e-02,-4.175552e+00,-9.504913e-01,6.982089e+00,4.208054e+00,-3.873224e+00,2.021472e+00,-3.486732e-01,4.323678e+00,-1.627628e+00,-3.933276e-01,-9.409170e-02,2.847177e+00,2.117799e+00,7.446418e+00,8.162551e-01,-3.748423e-01,-7.536007e-01,-7.994744e-01,-1.227051e+00,-1.203008e+00,-6.936303e-01,-3.181328e-01,-9.325087e-02,-3.441736e-02,-2.253107e-02,-4.422843e-03,1.387783e-02,2.964090e-02,4.336481e-02,1.837895e-02,7.568431e-02,5.156189e-01,-2.020985e-01,0,0,0,0,-5.115543e+01,-2.932235e-03,-1.903462e-03,-1.534815e-02
35,0.350000,3.093093e-01,-3.094014e+01,-5.660988e+00,-7.872412e+00,-2.893794e+01,-1.040676e+01,-7.748696e-01,-7.643938e+00,2.826782e+00,1.385262e+01,1.106734e+01,-4.203638e+00,4.234914e+00,4.784797e+00,5.042876e+00,-1.122289e+01,-5.377706e+00,-2.376257e+00,-1.833226e+00,-2.375470e+00,-2.337382e+00,-4.046568e+00,-3.394371e+00,-2.698545e+00,3.154467e-01,5.179665e-01,8.077882e-01,1.015670e+00,1.254011e+00,1.535913e+00,1.944669e+00,2.662601e+00,2.845155e+02,0,-5.231362e-02,-4.093255e+00,-1.485249e+00,6.291291e+00,4.626300e+00,-4.409009e+00,2.388741e+00,2.199775e+00,2.330799e+00,-7.687863e+00,-1.135970e+00,1.546299e+00,1.853806e+00,5.352929e-01,8.316437e+00,1.175295e+00,-3.302256e-01,-9.017485e-01,-8.011823e-01,-1.067731e+00,-1.409631e+00,-4.826701e-01,-2.196075e-01,-7.608411e-02,-2.381335e-02,-6.426507e-03,-1.779535e-02,1.117504e-02,7.340188e-02,5.533563e-02,-3.141165e-05,5.949483e-02,0,-7.608715e-02,0,0,0,0,-2.051456e+01,-8.160697e-04,-7.369654e-04,-6.785984e-03
36,0.360000,2.686667e-01,-3.498790e+01,-8.122756e+00,-1.517391e+00,-2.231547e+01,-1.595240e+01,1.103555e+00,-5.226982e+00,2.837161e+00,-3.301845e+00,8.628503e+00,-2.006704e+00,4.986345e+00,5.385826e+00,1.692962e+01,-9.704539e+00,-5.485060e+00,-3.438763e+00,-2.762981e+00,-3.440327e+00,-4.048879e+00,-4.228561e+00,-3.463380e+00,-2.639030e+00,3.102831e-01,5.139970e-01,7.666956e-01,1.006723e+00,1.345817e+00,1.575208e+00,1.798433e+00,2.507000e+00,2.845155e+02,0,-4.990732e-02,-2.875422e+00,-1.489727e+00,4.318500e+00,3.881405e+00,-3.215479e+00,1.755796e+00,2.408788e+00,4.381166e-02,-8.545557e+00,-1.460818e+00,7.126756e-01,-2.017449e-01,-1.078203e+00,5.846834e+00,1.256343e+00,-1.592657e-01,-7.497514e-01,-6.030201e-01,-7.073337e-01,-1.097015e+00,-2.277880e-01,-9.157781e-02,-3.368509e-02,-8.080876e-03,2.014869e-03,-2.048224e-02,6.779778e-03,6.979001e-02,3.806491e-02,-2.393731e-02,1.753023e-02,0,1.984707e-02,0,0,0,0,0,0,0,0
37,0.370000,1.980622e-01,-3.687556e+01,-9.953828e+00,9.464939e-01,-2.023849e+01,-1.711739e+01,4.722423e+00,-2.315654e+00,-4.929950e-01,-1.183637e+01,6.390028e+00,-1.494125e+00,2.814481e+00,9.434345e-01,1.732202e+01,-1.033880e+01,-5.596504e+00,-4.129809e+00,-3.257711e+00,-3.675446e+00,-4.804088e+00,-4.329357e+00,-3.434766e+00,-2.615271e+00,3.069115e-01,5.382423e-01,7.440581e-01,1.019532e+00,1.419307e+00,1.578665e+00,1.830639e+00,2.510156e+00,2.845155e+02,2.107451e-01,-3.673734e-02,-1.445094e+00,-8.176357e-01,2.281533e+00,2.403474e+00,-1.720587e+00,1.912659e-01,1.887398e+00,1.886413e-02,-4.292108e+00,-5.816453e-01,-9.189554e-01,-1.563087e+00,-2.458923e+00,1.826249e+00,1.067563e+00,-3.980775e-02,-4.010513e-01,-2.991593e-01,-3.840862e-01,-5.933648e-01,-7.034898e-02,-3.379564e-02,-3.948297e-02,-1.325279e-03,-7.083833e-04,-1.736525e-02,1.065290e-02,4.942743e-02,1.151477e-02,-2.210360e-02,-9.325504e-03,0,1.025053e-01,0,0,0,0,0,0,0,0
38,0.380000,1.912309e-01,-3.697531e+01,-9.648547e+00,1.718981e+00,-1.822742e+01,-1.733932e+01,1.670547e+00,-2.906193e+00,6.679032e-01,-1.008920e+01,5.908028e+00,-5.869691e+00,-9.534807e-01,-6.861375e-01,1.800531e+01,-7.093333e+00,-5.400780e+00,-4.162031e+00,-3.227333e+00,-3.949516e+00,-4.839579e+00,-4.280883e+00,-3.465774e+00,-2.692844e+00,3.239743e-01,5.177760e-01,7.396001e-01,1.027863e+00,1.415180e+00,1.570973e+00,1.766170e+00,2.477340e+00,2.845155e+02,2.107451e-01,-2.183144e-02,-5.193135e-01,-1.740907e-01,8.433995e-01,1.184265e+00,-4.578699e-01,-1.184077e+00,1.295087e+00,4.705608e-01,3.723302e-01,1.076808e+00,-1.530282e+00,-9.726253e-01,-2.996922e+00,-1.255972e+00,8.259646e-01,-3.352036e-02,-9.993067e-02,-1.131984e-01,-1.889046e-01,-1.932200e-01,-1.472740e-02,-3.486781e-02,-7.360251e-02,-8.018887e-03,-5.152720e-03,-5.873340e-03,9.926605e-03,1.923909e-02,7.339358e-03,-5.344904e-03,1.944816e-02,0,1.006587e-01,0,0,0,0,0,0,0,0
39,0.390000,1.643405e-01,-3.717191e+01,-8.986271e+00,1.917069e+00,-1.896460e+01,-1.831624e+01,-1.020357e-01,6.326581e-01,4.005731e+00,-4.214239e+00,9.519356e+00,-6.866921e+00,-6.106066e-01,-4.473838e+00,1.363628e+01,-7.190683e+00,-5.618885e+00,-4.019880e+00,-3.096846e+00,-4.041306e+00,-4.908856e+00,-4.372152e+00,-3.562152e+00,-2.869053e+00,3.019747e-01,5.125351e-01,7.345096e-01,1.058365e+00,1.466466e+00,1.595604e+00,1.850283e+00,2.630803e+00,2.845155e+02,4.071541e-01,-6.364758e-03,-9.776230e-02,-2.443530e-01,-6.591624e-02,4.904898e-01,1.483555e-02,-2.054061e+00,4.259400e-02,9.851463e-01,1.650119e+00,2.328670e+00,-1.625819e+00,8.998785e-02,-2.372791e+00,-2.364322e+00,-4.630079e-01,-8.586345e-02,5.622842e-02,-7.719187e-02,-1.097281e-01,1.706295e-02,4.670558e-02,-2.327671e-02,-2.079022e-02,-7.397616e-03,-7.787746e-03,4.539830e-03,1.760498e-02,1.554476e-02,1.502199e-02,1.203992e-02,2.164438e-02,0,1.035277e-01,0,0,0,0,0,0,0,0
40,0.400000,1.763703e-01,-3.743630e+01,-9.476988e+00,2.214319e+00,-1.703109e+01,-1.764232e+01,-2.404602e+00,-2.257004e-01,2.940602e+00,-5.251260e+00,1.244788e+01,-6.971714e+00,1.835763e+00,-6.890148e+00,1.249263e+01,-7.148776e+00,-5.641471e+00,-3.993381e+00,-3.409405e+00,-4.201919e+00,-4.962595e+00,-4.280800e+00,-3.574026e+00,-2.880151e+00,2.726571e-01,5.010870e-01,7.421031e-01,1.036940e+00,1.418433e+00,1.603435e+00,1.761887e+00,2.543917e+00,2.845155e+02,4.050888e-01,7.769540e-04,5.108662e-01,-9.772965e-01,-1.243755e+00,-9.365114e-01,2.033524e+00,-9.392252e-01,-2.634579e+00,5.786131e-01,1.091479e+00,2.981710e+00,-1.984579e+00,6.744140e-01,-1.336930e+00,-2.912499e+00,-1.506115e+00,-1.265747e-01,6.786864e-02,-8.715367e-02,1.377947e-01,3.374001e-01,9.759393e-02,1.159143e-02,2.026887e-01,-3.669560e-05,5.816394e-03,2.248368e-02,1.320984e-02,2.450502e-03,1.288909e-02,2.960155e-02,1.565642e-02,-1.160535e+00,1.196544e-01,0,0,0,0,1.432556e+01,0,0,4.798920e-02
41,0.410000,1.736687e-01,-3.713388e+01,-1.126137e+01,3.692438e-01,-1.838420e+01,-1.689171e+01,-3.510309e+00,-3.442930e+00,3.296387e+00,-6.004749e+00,1.476345e+01,-9.072207e+00,1.869799e+00,-7.818514e+00,8.256742e+00,-1.262612e+01,-5.905475e+00,-3.932992e+00,-3.552635e+00,-4.097884e+00,-4.657265e+00,-4.095870e+00,-3.497024e+00,-2.625569e+00,2.955821e-01,5.076481e-01,7.655058e-01,1.103018e+00,1.495404e+00,1.637544e+00,1.892980e+00,2.585089e+00,2.845155e+02,6.312118e-01,4.462999e-03,1.807116e+00,-5.083724e-01,-2.195063e+00,-3.443004e+00,3.499170e+00,-5.967761e-01,-5.206681e+00,3.980833e-01,1.590053e+00,2.029641e+00,-2.898190e+00,-2.054338e-01,7.262484e-01,-2.378310e+00,-1.267618e+00,6.759276e-02,2.911960e-01,2.055358e-01,4.742215e-01,7.382920e-01,1.395378e-01,3.385026e-02,3.932185e-01,2.141662e-02,2.278103e-02,4.125918e-02,1.632830e-02,2.759016e-03,2.587101e-02,6.549509e-02,1.563058e-02,-3.849182e+00,1.015557e-01,0,0,0,0,3.550411e+01,0,0,1.199730e-01
42,0.420000,1.904516e-01,-3.443999e+01,-1.339748e+01,-3.725882e+00,-2.320017e+01,-7.883958e+00,-1.321442e+00,-1.404129e+01,3.915641e+00,-3.736553e+00,1.819453e+01,-1.468994e+01,1.178387e+00,-5.698448e+00,6.132580e+00,-1.190619e+01,-5.890358e+00,-3.866132e+00,-3.435207e+00,-3.232253e+00,-3.278374e+00,-3.931054e+00,-3.440381e+00,-1.801143e+00,3.269872e-01,5.493014e-01,8.365204e-01,1.071585e+00,1.412964e+00,1.614448e+00,1.892829e+00,2.578479e+00,2.787128e+02,6.969881e-01,5.255041e-03,3.586514e+00,1.397840e+00,-2.726035e+00,-6.444026e+00,4.431025e+00,-9.092219e-01,-4.779611e+00,6.707651e-01,3.176991e+00,3.905151e-01,-2.447694e+00,-1.871819e+00,2.105293e+00,-1.868416e+00,-1.607331e-01,4.332093e-01,7.004539e-01,7.528433e-01,8.948441e-01,1.101295e+00,1.972969e-01,1.485805e-02,4.269503e-01,3.190103e-02,2.799492e-02,3.970772e-02,1.264930e-03,-1.446142e-02,2.424144e-02,9.313556e-02,4.023759e-02,-7.769549e+00,9.891362e-02,7.162780e+01,0,0,2.399460e-01,5.634014e+01,1.483285e-02,1.659279e-03,1.784026e-01
43,0.430000,1.796149e-01,-2.963448e+01,-9.567887e+00,-6.088148e+00,-3.309507e+01,-5.699568e+00,-3.627496e+00,-1.849295e+01,5.508628e+00,2.978673e+00,1.679424e+01,-1.749875e+01,-1.309088e+00,-1.438446e+00,4.924753e+00,-1.115006e+01,-5.156478e+00,-2.627524e+00,-2.056266e+00,-2.155032e+00,-2.059507e+00,-3.849337e+00,-3.459723e+00,-1.442464e+00,3.818927e-01,6.023330e-01,8.935969e-01,1.122683e+00,1.482996e+00,1.719452e+00,2.112288e+00,2.691675e+00,2.681709e+02,7.689832e-01,2.152766e-02,4.745135e+00,3.899203e+00,-2.506202e+00,-7.988960e+00,3.242030e+00,-1.979702e+00,-1.266983e+00,-3.294899e-01,4.044238e+00,-1.997854e+00,-1.632495e-01,-2.831641e+00,2.516847e+00,-2.942834e-02,1.097306e+00,8.235143e-01,1.086927e+00,1.251554e+00,1.122911e+00,1.150123e+00,2.466071e-01,-7.645345e-03,1.930508e-01,2.847251e-02,1.432666e-02,1.796474e-02,-2.077626e-02,-4.257328e-02,2.507814e-02,9.102269e-02,3.610630e-02,-1.093550e+01,5.864369e-02,1.417066e+02,0,0,4.798920e-01,5.543746e+01,2.333521e-02,1.067276e-02,1.274562e-01
44,0.440000,1.996724e-01,-2.325342e+01,-3.334531e+00,-8.187161e+00,-4.189578e+01,-1.083273e+00,-6.892118e+00,-1.659875e+01,5.188307e+00,6.141982e+00,1.338506e+01,-1.499691e+01,-5.933892e+00,4.462835e-01,4.816549e+00,-8.690469e+00,-3.849923e+00,-1.143845e+00,-3.933727e-01,-6.991251e-01,-7.549973e-01,-3.417583e+00,-3.518386e+00,-1.336952e+00,3.890069e-01,5.937191e-01,8.765962e-01,1.033432e+00,1.352330e+00,1.683688e+00,2.117911e+00,2.691812e+00,2.538400e+02,8.307713e-01,5.091015e-02,4.598022e+00,4.831935e+00,-2.565070e+00,-7.227361e+00,7.363340e-01,-1.923339e+00,2.514979e+00,-1.834356e+00,2.811963e+00,-3.993053e+00,2.028090e+00,-3.008890e+00,1.979493e+00,1.985889e+00,7.442765e-01,9.145017e-01,1.114303e+00,1.382603e+00,1.101638e+00,9.601526e-01,3.092391e-01,5.249929e-02,-8.145900e-02,2.281347e-02,-1.150017e-02,-1.060466e-02,-3.410428e-02,-5.274403e-02,1.293699e-02,7.580058e-02,2.566540e-02,-1.173841e+01,4.213144e-02,2.108474e+02,7.416424e-02,8.296396e-03,6.520669e-01,3.327209e+01,2.521853e-02,1.520542e-02,-1.185484e-02
45,0.450000,2.766965e-01,-1.900149e+01,3.203169e+00,-9.931127e+00,-4.898120e+01,-4.081901e+00,-1.062348e+01,-8.499121e+00,1.012604e+00,9.277173e+00,7.178915e+00,-9.734971e+00,-8.732266e+00,1.693354e+00,8.767615e+00,-8.747448e+00,-2.808121e+00,1.404984e-01,1.184220e+00,2.501090e-01,-1.683391e-01,-3.119571e+00,-3.496248e+00,-1.892410e+00,4.069348e-01,5.570725e-01,8.352916e-01,1.018214e+00,1.312855e+00,1.728315e+00,2.235553e+00,2.708954e+00,2.422744e+02,8.575387e-01,6.225396e-02,3.286687e+00,3.301093e+00,-2.572490e+00,-4.782271e+00,-6.700516e-01,4.298403e-01,3.675051e+00,-3.164393e+00,4.935810e-01,-4.136476e+00,2.234462e+00,-1.067060e+00,1.231646e+00,3.779725e+00,4.334915e-01,6.647102e-01,6.889464e-01,1.033428e+00,8.838626e-01,6.736539e-01,2.736671e-01,1.648449e-01,-1.421347e-01,1.874351e-02,-2.260165e-02,-2.295977e-02,-4.293411e-02,-6.767986e-02,-1.213418e-02,1.637742e-02,-1.871681e-03,-1.064075e+01,2.169196e-02,2.075775e+02,7.959393e-02,4.921558e-02,4.312208e-01,1.161994e+01,4.979784e-03,1.337761e-02,-1.313713e-01
46,0.460000,3.964615e-01,-1.676638e+01,4.376666e+00,-1.462974e+01,-5.139392e+01,-5.011122e+00,-7.440145e+00,-6.463314e+00,-3.008129e+00,7.174011e+00,3.036927e+00,-8.431382e+00,-1.015447e+01,2.633116e+00,1.414059e+01,-9.386117e+00,-2.492028e+00,3.213742e-01,1.857566e+00,1.073367e+00,5.768056e-01,-2.749742e+00,-3.159622e+00,-1.983465e+00,4.285335e-01,5.144308e-01,8.126498e-01,9.532988e-01,1.234314e+00,1.674702e+00,2.210199e+00,2.698167e+00,2.329690e+02,8.633676e-01,6.061432e-02,1.604912e+00,1.264980e+00,-2.245233e+00,-2.398771e+00,-1.328083e+00,2.866997e+00,3.317014e+00,-3.635354e+00,-1.092606e+00,-3.620093e+00,4.518598e-01,1.128670e+00,1.023459e+00,3.929854e+00,2.443184e-01,2.934537e-01,2.001412e-01,5.750843e-01,5.697659e-01,3.429289e-01,1.379013e-01,2.238536e-01,-1.104800e-01,2.179605e-02,-1.317574e-02,-1.963624e-02,-2.769051e-02,-4.304361e-02,-1.470007e-02,-7.244849e-03,-6.548405e-03,-8.643521e+00,4.976016e-03,2.050528e+02,8.629569e-02,5.141929e-02,2.050074e-01,-2.651817e+00,-1.717421e-02,-9.015466e-04,-1.620868e-01
47,0.470000,3.924901e-01,-1.644456e+01,3.081980e+00,-1.572931e+01,-5.225736e+01,-7.085902e+00,-1.204281e+00,-5.185414e+00,-6.215119e+00,4.930563e+00,1.285926e+00,-9.609211e+00,-4.534099e+00,3.626370e+00,1.916136e+01,-8.634782e+00,-2.511874e+00,8.459821e-02,1.985405e+00,1.378035e+00,6.428614e-01,-2.814922e+00,-2.814880e+00,-1.829881e+00,4.558469e-01,5.289689e-01,8.107712e-01,9.480794e-01,1.203605e+00,1.663274e+00,2.148030e+00,2.679139e+00,2.254027e+02,8.611448e-01,3.189198e-02,5.907421e-01,2.349827e-02,-1.392049e+00,-8.562649e-01,1.355137e-01,3.675485e+00,2.684214e+00,-2.812797e+00,-1.445046e+00,-2.678308e+00,-1.646799e+00,2.238385e+00,9.172701e-01,1.716250e+00,1.802535e-01,6.268764e-02,-8.880858e-02,2.241648e-01,3.448761e-01,1.197283e-01,3.429108e-02,1.548779e-01,-3.546368e-02,1.856073e-02,2.347827e-05,-1.679588e-02,-2.254173e-02,-3.701854e-02,-2.508147e-02,-3.492353e-02,-1.038156e-02,-7.164993e+00,-3.304559e-03,2.027036e+02,1.883320e-02,4.532661e-02,4.656519e-02,-2.729404e+00,-1.917317e-02,-1.362879e-02,-9.469952e-02
48,0.480000,4.448472e-01,-1.650732e+01,3.050966e+00,-1.651424e+01,-5.225156e+01,-6.221686e+00,2.733270e+00,-1.670527e+00,-9.374600e+00,2.852257e+00,-1.768908e+00,-1.280049e+01,-2.389628e+00,4.597071e+00,1.926895e+01,-7.525210e+00,-2.530778e+00,-1.151887e-01,2.081456e+00,1.585741e+00,5.540468e-01,-2.880401e+00,-2.739802e+00,-1.920616e+00,4.735310e-01,5.418922e-01,7.906752e-01,9.300466e-01,1.191737e+00,1.642707e+00,2.125448e+00,2.673977e+00,2.190583e+02,8.538483e-01,1.833280e-02,9.327183e-02,2.927908e-01,-3.247029e-01,-4.880196e-01,1.196827e+00,2.243591e+00,3.007555e+00,-1.875061e+00,-3.344861e-01,-2.616672e+00,-2.311779e+00,1.657195e+00,7.375847e-01,-9.954839e-01,-2.754825e-01,9.009075e-03,-9.192915e-02,1.106525e-01,1.805223e-01,-6.580595e-02,-4.126709e-02,-2.471185e-03,-1.082959e-01,1.349883e-02,8.440685e-03,-1.385546e-02,-8.755160e-03,-1.172684e-02,-5.363107e-04,-5.749536e-03,-1.985931e-03,-6.175616e+00,-7.149768e-03,2.000252e+02,1.867357e-02,5.733152e-03,3.396067e-02,-3.207472e+00,-1.495557e-02,-1.323931e-02,-3.401314e-02
49,0.490000,4.119636e-01,-1.617731e+01,3.983510e+00,-1.594913e+01,-5.283371e+01,-2.799051e+00,2.667241e+00,2.525555e+00,-9.868146e+00,4.212818e+00,-3.809706e+00,-1.578441e+01,-1.422762e+00,5.297727e+00,1.478469e+01,-8.776634e+00,-2.475308e+00,-8.526296e-02,2.193099e+00,1.718302e+00,4.416818e-01,-2.882786e+00,-2.931768e+00,-2.101153e+00,4.772396e-01,5.434592e-01,7.622995e-01,9.171314e-01,1.149051e+00,1.618904e+00,2.103311e+00,2.669141e+00,2.134048e+02,8.457755e-01,-7.992858e-03,-2.937317e-03,6.159779e-01,-2.035232e-01,-1.616428e-01,1.323129e+00,4.825075e-01,2.507801e+00,-6.039039e-01,3.291875e-01,-2.435032e+00,-1.845873e+00,-7.731199e-02,3.593904e-01,-2.457196e+00,-1.284167e+00,6.413889e-03,-2.871468e-02,9.046857e-02,1.056440e-01,-9.416527e-02,-2.605200e-03,-7.001350e-02,-1.473258e-01,7.931391e-03,5.248350e-03,-1.063670e-02,-2.520734e-03,1.431978e-02,1.635597e-02,2.075129e-02,6.028938e-03,-5.529495e+00,-1.222471e-02,1.964443e+02,1.753913e-02,3.914723e-03,4.324651e-02,-3.591148e+00,-1.997563e-03,-7.202978e-03,1.471039e-04
50,0.500000,4.783888e-01,-1.643365e+01,5.389854e+00,-1.614335e+01,-5.354584e+01,-1.170415e+00,1.842050e+00,4.718976e+00,-1.055692e+01,5.860453e+00,-7.498614e+00,-1.690268e+01,-3.424165e+00,5.485361e+00,1.135151e+01,-1.069260e+01,-2.465266e+00,-5.334093e-02,2.306982e+00,1.805845e+00,3.483657e-01,-2.922145e+00,-3.113534e+00,-2.389309e+00,4.853313e-01,5.493891e-01,7.676083e-01,9.249970e-01,1.202957e+00,1.694205e+00,2.203811e+00,2.693236e+00,2.080899e+02,8.353034e-01,-4.255847e-02,3.005085e-02,8.834274e-02,-8.703564e-01,-3.513489e-02,8.773618e-01,-7.098559e-01,1.444663e+00,7.376758e-01,4.023730e-01,-1.290424e+00,-5.172021e-01,-8.549798e-01,-3.765337e-01,-1.630920e+00,-1.351666e+00,-6.306519e-02,-1.599556e-02,5.957108e-02,7.103894e-02,-8.874467e-03,9.569778e-02,-3.568726e-02,-8.322723e-02,5.220207e-03,3.763801e-03,-5.867064e-04,3.073394e-03,2.823240e-02,1.132762e-02,1.948500e-02,8.553291e-03,-4.792792e+00,-2.287502e-02,1.921451e+02,1.216488e-02,5.928663e-03,3.660105e-02,-1.583775e+01,-2.972173e-03,1.149029e-03,-1.926322e-03
51,0.510000,3.357551e-01,-1.649609e+01,4.992425e+00,-1.693237e+01,-5.241843e+01,-2.995893e+00,1.653866e+00,4.158837e+00,-8.643477e+00,5.072402e+00,-8.024381e+00,-1.678748e+01,-4.403390e+00,4.979177e+00,1.083410e+01,-1.347192e+01,-2.512561e+00,-8.989909e-02,2.324985e+00,1.796203e+00,2.748756e-01,-2.807076e+00,-2.978082e+00,-2.332164e+00,4.896038e-01,5.514622e-01,7.691211e-01,9.380005e-01,1.269593e+00,1.719305e+00,2.212605e+00,2.699655e+00,2.032394e+02,8.092937e-01,-3.942998e-02,7.137604e-02,-8.180388e-01,-1.882242e+00,9.823097e-01,8.383406e-01,-8.279454e-01,7.198004e-01,1.628916e+00,-4.225897e-01,4.281846e-01,8.888483e-01,-1.484296e+00,-7.986643e-01,3.061175e-01,-6.550938e-01,-1.682681e-01,-1.096588e-01,-3.378887e-02,3.846089e-02,1.205429e-01,2.429783e-01,7.059512e-02,6.486082e-03,5.028519e-03,4.955530e-03,1.049837e-02,4.383522e-03,2.073126e-02,-1.310816e-02,-3.310401e-02,-1.802511e-02,-3.707034e+00,-3.675305e-02,1.886879e+02,1.209973e-02,9.213958e-03,4.598052e-02,-3.358744e+01,-3.030093e-03,4.292635e-04,-6.838222e-03
52,0.520000,2.701591e-01,-1.619768e+01,2.988222e+00,-2.037440e+01,-5.263487e+01,-1.736456e+00,-3.093225e-01,4.736147e+00,-6.298555e+00,4.434330e+00,-6.113691e+00,-1.488497e+01,-5.174213e+00,2.873677e+00,1.308965e+01,-1.193589e+01,-2.827477e+00,-1.928485e-01,2.313369e+00,1.901986e+00,5.930775e-01,-2.439767e+00,-2.895082e+00,-2.221247e+00,4.934500e-01,5.567097e-01,7.843308e-01,9.349790e-01,1.272627e+00,1.649145e+00,2.168226e+00,2.701487e+00,2.001770e+02,7.577141e-01,-6.017610e-03,3.618145e-03,-1.473372e+00,-2.038811e+00,1.578104e+00,1.788723e+00,-1.029010e+00,9.247568e-01,2.003359e+00,-9.641752e-01,2.223327e+00,1.735671e+00,-1.298046e+00,-8.493037e-01,1.903860e+00,3.049062e-01,-2.604965e-01,-2.108947e-01,-1.529648e-01,-2.631562e-02,1.705745e-01,3.180861e-01,7.788675e-02,5.129783e-02,1.020733e-03,3.556103e-03,5.420065e-03,-1.529479e-03,-2.492552e-02,-5.254800e-02,-1.164048e-01,-9.883475e-02,-2.294102e+00,-4.243888e-02,1.247147e+02,6.532407e-03,8.828680e-03,2.296205e-02,-5.107558e+01,-3.122458e-03,-1.646025e-03,-1.033077e-02
53,0.530000,3.189285e-01,-1.593841e+01,1.094133e+00,-2.324481e+01,-4.837764e+01,1.675673e+00,-3.967991e-01,6.115971e+00,-3.852749e+00,2.812931e+00,-2.361245e+00,-1.234903e+01,-7.969219e+00,2.610247e+00,1.544621e+01,-1.143046e+01,-3.135543e+00,-5.638030e-01,2.020962e+00,1.862536e+00,9.220402e-01,-1.909083e+00,-2.688019e+00,-2.152754e+00,4.983229e-01,5.645766e-01,8.064302e-01,9.340580e-01,1.217872e+00,1.575894e+00,1.955584e+00,2.574890e+00,1.988260e+02,7.008049e-01,9.650569e-02,-3.463667e-01,-1.427636e+00,-1.355438e+00,1.957068e+00,2.841805e+00,-5.633624e-01,1.473862e+00,1.421081e+00,-4.347982e-01,2.924368e+00,2.256211e+00,-1.127143e+00,-1.973699e-01,2.815958e+00,1.117834e+00,-3.095393e-01,-3.038389e-01,-2.691259e-01,-1.058189e-01,1.169370e-01,2.526372e-01,1.348670e-02,-3.732943e-03,-2.681643e-04,2.870142e-03,4.417992e-03,-5.003244e-03,-4.452818e-02,-5.418551e-02,-1.497191e-01,-1.372537e-01,-1.017769e+00,-3.704933e-02,6.222233e+01,5.204907e-03,4.611032e-03,1.587489e-02,-5.020905e+01,-3.073186e-03,-2.725660e-03,-1.149231e-02
54,0.540000,4.567140e-01,-1.669440e+01,-2.785819e-02,-2.318118e+01,-4.767572e+01,5.437420e+00,-2.277668e+00,8.364193e+00,-2.935492e+00,2.169312e+00,7.864527e-01,-1.044355e+01,-8.131482e+00,2.423307e+00,1.856476e+01,-1.018880e+01,-3.456258e+00,-8.708627e-01,1.694170e+00,1.641100e+00,8.776559e-01,-1.780711e+00,-2.869132e+00,-2.222525e+00,4.860754e-01,5.606124e-01,7.760541e-01,9.193209e-01,1.104190e+00,1.503171e+00,1.750298e+00,2.261445e+00,1.988260e+02,6.773534e-01,1.365633e-01,-9.371778e-01,-1.002878e+00,1.193226e-01,2.035757e+00,2.397345e+00,7.656221e-01,1.249939e+00,2.743495e-01,1.999065e-01,2.034181e+00,1.912378e+00,-1.011587e+00,2.495547e-01,3.055950e+00,1.107691e+00,-2.824891e-01,-3.675190e-01,-3.488615e-01,-2.115389e-01,-6.777848e-02,3.316439e-02,-4.746139e-02,-6.390779e-02,-2.033490e-03,3.720737e-03,-1.322174e-03,-5.180401e-03,-2.878862e-02,-2.860860e-02,-1.203070e-01,-1.204657e-01,-2.701996e-01,-2.543684e-02,0,0,0,0,-3.116516e+01,-1.826972e-03,-2.226839e-03,-6.179900e-03
55,0.550000,7.250061e-01,-1.797956e+01,-6.377148e-01,-2.230617e+01,-4.511267e+01,7.626192e+00,-1.787731e-01,9.714127e+00,-3.219602e+00,4.030920e+00,3.147387e+00,-7.727134e+00,-8.560468e+00,4.217513e+00,2.217633e+01,-8.756297e+00,-3.745867e+00,-1.270086e+00,1.288955e+00,1.397552e+00,7.172713e-01,-1.873418e+00,-2.923623e+00,-2.350190e+00,4.919502e-01,5.638615e-01,7.953494e-01,9.208133e-01,1.131171e+00,1.521365e+00,1.672973e+00,2.233407e+00,1.988260e+02,6.642274e-01,8.624854e-02,-1.866136e+00,-1.017617e+00,1.364403e+00,2.254218e+00,7.947102e-01,2.356894e+00,5.073711e-01,-6.250551e-01,1.317080e+00,1.242834e+00,1.323752e+00,-7.339483e-01,2.836514e-01,3.509209e+00,1.035942e+00,-3.262724e-01,-4.756194e-01,-4.667385e-01,-3.686679e-01,-2.715558e-01,-2.250432e-01,-6.366749e-02,-1.063496e-01,-2.545863e-04,4.143345e-03,9.600163e-03,-2.351582e-03,1.567947e-02,-1.226950e-03,-4.687439e-02,-6.464267e-03,0,-1.953430e-02,0,0,0,0,-1.244447e+01,-1.040981e-03,-9.222063e-04,-3.174979e-03
56,0.560000,7.499366e-01,-1.986299e+01,-1.160245e+00,-2.024711e+01,-4.408857e+01,7.275011e+00,3.409775e+00,9.186765e+00,-5.243382e+00,4.824868e+00,1.302896e+00,-7.634024e+00,-9.936524e+00,3.317818e+00,2.500433e+01,-7.734521e+00,-3.934760e+00,-1.677302e+00,9.350643e-01,1.076784e+00,3.565695e-01,-2.291778e+00,-3.014586e+00,-2.442068e+00,4.864689e-01,5.756709e-01,7.832603e-01,9.156993e-01,1.172035e+00,1.533367e+00,1.707996e+00,2.269900e+00,1.988260e+02,6.488187e-01,-3.271527e-02,-3.102211e+00,-1.638800e+00,2.769861e+00,3.788975e+00,-1.715870e+00,3.626189e+00,-1.036849e+00,-7.659091e-01,8.844768e-01,8.550543e-01,3.377366e-01,-4.095211e-01,-3.668946e-01,2.918799e+00,4.371476e-01,-4.192763e-01,-6.773960e-01,-7.256925e-01,-6.719958e-01,-5.772302e-01,-4.497022e-01,-2.331502e-02,-9.412196e-02,-9.492451e-03,4.418284e-03,2.076682e-02,3.160071e-03,5.307124e-02,1.467527e-02,1.142373e-02,9.019241e-02,0,-2.450675e-02,0,0,0,0,0,0,0,0
57,0.570000,6.035599e-01,-2.368479e+01,-3.427757e+00,-1.788983e+01,-3.890012e+01,4.730429e+00,8.543951e+00,8.241540e+00,-5.824080e+00,8.070552e+00,3.594704e+00,-7.135027e+00,-1.073644e+01,3.581249e+00,2.977246e+01,-7.477890e+00,-4.527653e+00,-2.538680e+00,6.682221e-02,3.013552e-01,-1.751954e-01,-2.778766e+00,-2.933629e+00,-2.574730e+00,4.968532e-01,5.777640e-01,8.508279e-01,9.241109e-01,1.262347e+00,1.554661e+00,1.742363e+00,2.538341e+00,1.988260e+02,6.174008e-01,-1.489858e-01,-4.177416e+00,-2.290825e+00,4.314548e+00,5.342640e+00,-3.946902e+00,3.017736e+00,-1.312534e+00,5.953265e-01,-9.531713e-01,1.725622e+00,-1.238540e-01,3.921406e-01,-1.648474e+00,1.430310e+00,2.186561e-02,-5.105140e-01,-8.169948e-01,-9.770588e-01,-1.017440e+00,-9.586301e-01,-5.381502e-01,-5.776997e-02,-7.720099e-02,-3.240145e-02,-7.169962e-04,1.431227e-02,1.131029e-02,6.561719e-02,1.183386e-02,3.873397e-02,1.055866e-01,0,-2.566018e-02,0,0,0,0,0,0,0,0
58,0.580000,3.538608e-01,-2.935283e+01,-6.826839e+00,-1.154004e+01,-3.183711e+01,-1.694049e+00,1.149192e+01,3.916239e+00,-5.462799e+00,4.571881e+00,4.838066e+00,-9.050920e+00,-9.091102e+00,9.069660e-01,2.936069e+01,-8.642269e+00,-5.161747e+00,-3.623546e+00,-1.323226e+00,-1.170781e+00,-1.562262e+00,-3.576547e+00,-2.980704e+00,-2.580864e+00,4.361617e-01,5.757526e-01,8.521490e-01,9.334725e-01,1.303958e+00,1.559899e+00,1.772722e+00,2.559940e+00,1.988260e+02,5.782329e-01,-1.663709e-01,-4.396417e+00,-2.766542e+00,4.714902e+00,6.108174e+00,-4.827256e+00,1.858227e+00,-5.502020e-01,2.995014e+00,-2.803307e+00,1.880692e+00,9.472551e-02,1.847391e+00,-1.712071e+00,-1.225021e+00,4.123968e-01,-5.522294e-01,-8.300086e-01,-1.040429e+00,-1.160175e+00,-1.191352e+00,-4.677584e-01,-9.915559e-02,-3.910012e-02,-5.959180e-02,-4.404449e-03,-6.895065e-03,2.588159e-02,6.551318e-02,1.231744e-02,3.664117e-02,7.534251e-02,0,-6.029342e-02,0,0,0,0,0,0,0,0
59,0.590000,1.781151e-01,-3.412172e+01,-9.258542e+00,-5.086960e+00,-2.452520e+01,-7.623787e+00,1.086884e+01,5.786722e+00,-1.332603e-01,-6.084430e-01,1.000791e+01,-7.637956e+00,-7.022476e+00,-2.819432e+00,2.714970e+01,-8.193095e+00,-5.684944e+00,-4.381938e+00,-2.467194e+00,-2.565865e+00,-3.116463e+00,-3.921784e+00,-3.229414e+00,-2.666796e+00,3.550966e-01,5.602357e-01,8.324664e-01,9.684782e-01,1.393295e+00,1.567268e+00,1.834280e+00,2.616320e+00,1.988260e+02,5.712194e-01,-1.165812e-01,-3.404926e+00,-2.344976e+00,3.951316e+00,5.039603e+00,-3.963651e+00,1.405178e-01,4.792453e-01,4.431588e+00,-3.387789e+00,1.399040e+00,5.894149e-01,2.551183e+00,-9.266531e-01,-3.036495e+00,1.036124e+00,-4.234262e-01,-5.988886e-01,-8.142265e-01,-9.867259e-01,-1.103360e+00,-2.863159e-01,-1.489392e-01,-1.170573e-02,-7.461543e-02,-4.413986e-03,-3.209187e-02,3.329020e-02,4.871769e-02,1.356221e-02,1.208221e-02,1.903603e-02,0,-6.498219e-02,0,0,0,0,0,0,0,0
60,0.600000,1.308044e-01,-3.662661e+01,-1.207756e+01,-3.074033e+00,-2.073517e+01,-1.068416e+01,1.153847e+01,7.663164e+00,6.886279e+00,-4.852169e+00,7.499750e+00,-6.908932e+00,-2.556550e+00,-2.042199e+00,2.019061e+01,-5.314935e+00,-6.117262e+00,-4.905716e+00,-3.000072e+00,-3.290481e+00,-4.129555e+00,-4.059061e+00,-3.362472e+00,-2.591535e+00,2.593882e-01,5.624128e-01,7.579657e-01,1.022924e+00,1.434126e+00,1.588651e+00,1.845243e+00,2.607623e+00,1.988260e+02,3.704423e-01,-3.680252e-02,-1.847617e+00,-1.626340e+00,2.130043e+00,2.940888e+00,-2.140270e+00,-8.536937e-01,1.167804e+00,4.566159e+00,-1.282602e+00,1.001311e+00,-2.070574e-01,2.847136e+00,2.136131e-01,-2.578413e+00,9.107027e-01,-2.759527e-01,-2.945111e-01,-4.304420e-01,-6.071287e-01,-6.878014e-01,-1.140326e-01,-1.106571e-01,1.707759e-02,-5.863490e-02,-4.273438e-03,-3.427190e-02,3.075273e-02,3.105834e-02,1.501105e-02,-8.228731e-03,1.290407e-02,0,-5.315825e-02,0,0,0,0,0,0,0,0
61,0.610000,1.321823e-01,-3.707254e+01,-1.252728e+01,-2.366257e+00,-1.925308e+01,-1.059277e+01,9.223264e+00,8.764304e+00,1.015932e+01,-4.156368e+00,9.259059e+00,-5.258947e+00,-1.247800e+00,4.225658e-01,1.917502e+01,-3.960939e+00,-6.167027e+00,-4.892038e+00,-3.165888e+00,-3.572425e+00,-4.408350e+00,-3.969088e+00,-3.487441e+00,-2.627923e+00,2.121628e-01,5.623640e-01,7.374601e-01,1.045836e+00,1.440851e+00,1.608096e+00,1.766513e+00,2.609680e+00,1.988260e+02,3.963852e-01,2.853695e-02,-4.922886e-01,-6.461746e-01,1.223263e+00,1.167008e+00,-1.400747e+00,-1.930207e+00,-2.085768e-01,2.622318e+00,9.001235e-01,1.004927e+00,-1.289087e+00,2.213132e+00,3.353691e-01,-1.458762e+00,-9.088863e-01,-7.662825e-02,3.715982e-02,-1.487584e-01,-3.082676e-01,-2.800955e-01,-3.868561e-02,-4.885769e-03,5.144653e-02,-2.803788e-02,-9.527368e-03,-2.289016e-02,1.633323e-02,7.932854e-03,1.183589e-02,-2.477247e-02,-3.063464e-03,0,7.135516e-03,0,0,0,0,0,0,0,0
62,0.620000,1.928146e-01,-3.711551e+01,-1.332417e+01,-2.250178e+00,-1.976873e+01,-1.091091e+01,8.046235e+00,8.266465e+00,1.222171e+01,-6.716788e-02,1.021905e+01,-1.127571e+01,2.257239e+00,3.540324e-01,2.045596e+01,-6.204834e+00,-6.300469e+00,-4.841051e+00,-3.126089e+00,-3.703145e+00,-4.355325e+00,-4.123058e+00,-3.404976e+00,-2.514913e+00,2.144540e-01,5.533212e-01,7.282926e-01,1.048557e+00,1.435472e+00,1.614540e+00,1.765461e+00,2.627780e+00,1.988260e+02,3.998588e-01,4.059660e-02,1.281399e-01,9.934292e-02,9.989130e-01,-2.009335e-01,-1.342188e+00,-2.550798e+00,-9.056872e-01,4.896581e-01,1.180615e+00,1.123768e+00,-1.484616e+00,2.571446e+00,2.747529e-01,-7.787323e-02,-2.615563e+00,5.431743e-02,2.023361e-01,8.585095e-03,-1.157624e-01,-7.473650e-02,-3.293941e-02,3.978705e-02,4.976533e-02,5.634548e-03,-1.108862e-02,-1.176835e-02,7.017875e-03,2.090430e-03,6.714499e-03,-1.197958e-02,-7.429099e-03,0,6.608485e-02,0,0,0,0,0,0,0,0
63,0.630000,2.897948e-01,-3.633871e+01,-1.186611e+01,6.174284e-01,-1.917338e+01,-1.451415e+01,2.963921e+00,4.442187e+00,1.031061e+01,1.499674e+00,1.367290e+01,-1.190000e+01,1.636292e+00,-2.340702e+00,1.972322e+01,-1.229258e+01,-5.976482e+00,-4.228471e+00,-3.147977e+00,-3.900871e+00,-4.404056e+00,-4.083213e+00,-3.232591e+00,-2.447875e+00,2.373743e-01,5.171447e-01,7.328522e-01,1.037328e+00,1.432287e+00,1.613503e+00,1.750308e+00,2.590924e+00,1.988260e+02,5.921887e-01,1.337451e-02,1.385468e+00,6.213279e-01,-8.734045e-01,-1.656795e+00,5.166521e-01,-2.878551e+00,-7.301301e-01,-1.155546e+00,4.753555e-01,-1.225473e+00,-2.226468e-01,1.882350e+00,1.631652e+00,-4.464226e-01,-2.998164e+00,1.924375e-01,3.213309e-01,2.900432e-01,2.744561e-01,3.036106e-01,1.671851e-01,1.140269e-01,5.182428e-02,3.050704e-02,3.010482e-03,3.861213e-03,1.245465e-02,5.802417e-03,1.529629e-02,3.217121e-02,-7.337594e-03,2.018066e-01,7.293612e-02,0,0,0,0,1.406229e+01,0,0,0
64,0.640000,2.549812e-01,-3.635283e+01,-1.191143e+01,4.286894e-01,-2.177969e+01,-1.543441e+01,1.914151e+00,5.295786e+00,9.258924e+00,-1.777115e+00,1.091167e+01,-1.101148e+01,8.858637e+00,7.131999e-01,1.952715e+01,-1.422693e+01,-5.940947e+00,-4.225819e+00,-2.966101e+00,-3.705070e+00,-4.505385e+00,-4.166695e+00,-3.290962e+00,-2.432733e+00,2.749552e-01,5.295793e-01,7.014280e-01,1.062267e+00,1.448861e+00,1.619520e+00,1.793448e+00,2.579855e+00,1.988260e+02,6.029648e-01,-2.893863e-02,3.009968e+00,1.315076e+00,-3.949448e+00,-3.385934e+00,3.989132e+00,-2.886724e+00,6.002699e-01,-2.285533e+00,-2.114998e-01,-3.417950e+00,1.403395e+00,6.159101e-01,3.993598e+00,-6.595047e-01,-1.428869e+00,3.497210e-01,4.274699e-01,6.666349e-01,7.993280e-01,8.244153e-01,4.724134e-01,1.336039e-01,1.076362e-02,4.967128e-02,2.300207e-02,3.021696e-02,1.444472e-02,1.150663e-02,1.964033e-02,6.676545e-02,1.125901e-02,6.828125e-01,7.561766e-02,0,0,0,0,3.526352e+01,0,0,0
65,0.650000,1.679716e-01,-3.052654e+01,-1.012701e+01,-8.072713e+00,-2.653158e+01,-5.747757e+00,-2.103447e+00,6.598993e+00,5.862985e+00,-9.246169e-01,2.785382e+00,-6.504295e+00,4.863253e+00,8.401240e+00,1.740732e+01,-1.494071e+01,-5.384600e+00,-3.593000e+00,-1.795665e+00,-2.199182e+00,-2.815267e+00,-3.111345e+00,-2.974314e+00,-2.409892e+00,3.344475e-01,5.892873e-01,7.701985e-01,1.101254e+00,1.463169e+00,1.682088e+00,1.913376e+00,2.596955e+00,1.998351e+02,6.595128e-01,-5.064089e-02,4.960301e+00,2.320811e+00,-7.218068e+00,-4.815085e+00,7.448850e+00,-2.295284e+00,1.381087e+00,-1.878255e+00,2.278560e-01,-4.770254e+00,8.026417e-01,-1.636532e+00,5.612057e+00,-1.240940e+00,-1.825671e-01,5.444747e-01,6.162370e-01,1.126190e+00,1.344756e+00,1.453258e+00,7.887233e-01,1.970846e-01,2.340257e-02,6.141881e-02,3.252757e-02,5.033636e-02,9.192621e-03,-1.718724e-03,1.911646e-02,8.117193e-02,1.956356e-02,1.375183e+00,5.957347e-02,7.031145e+01,0,0,0,5.647260e+01,2.404501e-03,4.019944e-03,3.536264e-02
66,0.660000,1.090330e-01,-2.497176e+01,-7.618341e+00,-1.765235e+01,-3.301930e+01,4.651557e+00,-3.853700e+00,1.018941e+01,3.017856e+00,8.747879e-02,-1.426947e+00,-6.956587e+00,3.723309e+00,1.495105e+01,1.831639e+01,-1.202512e+01,-4.847805e+00,-3.021437e+00,-4.690699e-01,-5.573500e-01,-1.027642e+00,-2.246926e+00,-2.866095e+00,-2.480086e+00,4.142739e-01,6.322603e-01,8.607042e-01,1.088817e+00,1.477564e+00,1.678449e+00,2.017755e+00,2.681060e+00,2.017356e+02,7.442850e-01,9.584854e-03,5.453883e+00,3.405563e+00,-7.130109e+00,-5.255722e+00,6.816249e+00,-1.558958e+00,-2.390116e-01,-1.620305e+00,8.589337e-01,-4.091147e+00,-9.120371e-01,-2.662120e+00,4.428962e+00,-2.591233e+00,-4.805933e-01,7.121660e-01,8.175172e-01,1.259747e+00,1.443398e+00,1.584704e+00,7.658566e-01,1.815409e-01,4.359951e-02,5.901050e-02,1.569309e-02,4.726613e-02,-1.147634e-02,-3.822856e-02,2.948058e-03,5.749472e-02,1.465654e-02,1.924008e+00,6.506668e-02,1.411619e+02,0,0,0,5.659076e+01,6.011252e-03,1.004986e-02,8.840660e-02
67,0.670000,1.095644e-01,-1.722775e+01,-2.408598e+00,-2.643239e+01,-3.762899e+01,1.268711e+01,-5.628574e+00,8.900808e+00,4.039875e+00,1.706657e+00,-4.009060e+00,-9.914240e+00,-3.978706e+00,1.860066e+01,1.412389e+01,-1.430632e+01,-3.800679e+00,-1.749477e+00,1.234459e+00,1.249050e+00,1.123361e+00,-1.099482e+00,-2.459601e+00,-2.307185e+00,4.748090e-01,6.284420e-01,9.048958e-01,1.070016e+00,1.409341e+00,1.679620e+00,2.044014e+00,2.638139e+00,2.042472e+02,8.193960e-01,7.818768e-02,4.187244e+00,3.614514e+00,-4.058761e+00,-4.527481e+00,2.924317e+00,2.011414e-01,-2.062400e+00,-9.861076e-01,3.500069e-01,-3.319134e+00,-2.632099e+00,-7.807063e-01,1.440901e+00,-3.489549e+00,-1.302820e+00,7.225086e-01,7.840933e-01,1.042769e+00,1.110119e+00,1.107600e+00,4.111310e-01,1.034034e-01,8.822803e-02,4.258225e-02,-3.863645e-03,1.269014e-02,-2.138323e-02,-6.480043e-02,-4.923689e-03,3.713355e-02,3.864241e-03,2.051396e+00,4.968771e-02,2.117821e+02,1.202250e-02,2.009972e-02,1.768132e-01,3.557124e+01,8.934019e-03,1.338284e-02,1.103866e-01
68,0.680000,3.321090e-01,-1.573281e+01,1.257181e+00,-2.604202e+01,-4.250959e+01,9.429398e+00,-4.118075e+00,2.949821e+00,2.068952e+00,1.201917e+00,-6.146849e+00,-1.386670e+01,-3.098524e-02,1.775830e+01,8.212693e+00,-1.694709e+01,-3.172077e+00,-1.059994e+00,1.817573e+00,1.787804e+00,1.448821e+00,-1.343343e+00,-2.640613e+00,-2.266088e+00,4.998269e-01,5.884674e-01,8.704100e-01,1.020505e+00,1.284632e+00,1.635494e+00,2.015602e+00,2.632545e+00,2.062400e+02,8.483567e-01,1.092370e-01,2.411693e+00,2.984538e+00,-3.046459e-01,-3.120791e+00,-8.264426e-01,9.070526e-01,-2.706160e+00,-9.346506e-01,7.402007e-01,-3.884079e+00,-2.234442e+00,1.240434e+00,-1.654900e+00,-4.063933e+00,-1.683284e+00,6.075166e-01,6.203429e-01,6.545040e-01,6.166207e-01,4.395520e-01,5.944509e-02,2.552054e-02,8.252124e-02,2.085899e-02,-1.283402e-02,-2.197300e-02,-1.715066e-02,-6.753901e-02,2.000523e-03,4.205225e-02,3.130055e-03,1.850559e+00,2.570397e-02,2.122185e+02,2.404501e-02,4.019944e-02,3.536264e-01,1.450309e+01,6.555759e-03,9.053329e-03,6.455208e-02
69,0.690000,4.473720e-01,-1.420979e+01,3.507800e+00,-2.417169e+01,-4.442384e+01,6.484909e+00,-9.655522e-01,-9.321340e-02,1.406899e+00,2.681987e-01,-1.145034e+01,-1.620974e+01,2.836868e+00,1.420212e+01,5.011424e+00,-1.899382e+01,-2.609921e+00,-6.532547e-01,2.274857e+00,2.178835e+00,1.484499e+00,-1.507481e+00,-2.570038e+00,-2.075751e+00,5.045822e-01,5.918655e-01,8.287964e-01,1.028494e+00,1.235633e+00,1.678947e+00,2.100120e+00,2.640533e+00,2.078398e+02,8.559155e-01,6.516620e-02,7.505476e-01,1.452023e+00,2.032911e+00,-1.076665e+00,-2.859313e+00,6.742710e-01,-1.155243e+00,-6.324571e-01,1.075155e+00,-3.581531e+00,1.021118e-01,2.824228e+00,-2.977627e+00,-2.909009e+00,-8.271948e-01,3.446562e-01,3.289040e-01,2.215747e-01,1.471952e-01,-1.318520e-01,-1.267198e-01,1.295788e-02,5.446982e-02,3.667039e-03,-9.855568e-03,-3.565356e-02,-6.318152e-03,-3.298951e-02,3.056812e-03,3.109875e-02,1.472545e-02,1.502408e+00,8.675605e-03,2.126393e+02,3.264759e-02,4.681450e-02,3.751199e-01,4.579453e-01,-2.207879e-04,-2.291362e-03,-1.752961e-02
70,0.700000,4.863141e-01,-1.442227e+01,4.346149e+00,-2.030593e+01,-4.522583e+01,3.620445e+00,-1.649948e+00,1.155621e+00,-3.389088e-01,4.507711e+00,-1.712670e+01,-1.498105e+01,6.517693e+00,8.875820e+00,2.552959e+00,-1.809779e+01,-2.405601e+00,-4.678345e-01,2.283252e+00,2.060861e+00,9.895479e-01,-1.745701e+00,-2.683274e+00,-2.183197e+00,5.036823e-01,5.863784e-01,7.888890e-01,1.023825e+00,1.226723e+00,1.688788e+00,2.199963e+00,2.695513e+00,2.091921e+02,8.545451e-01,-4.152840e-03,3.951441e-01,4.494128e-01,1.434863e+00,7.180389e-01,-1.807240e+00,-1.325295e+00,7.478432e-01,-1.951011e-01,1.655708e+00,-2.004192e+00,1.673485e+00,1.673365e+00,-2.858642e+00,-2.316966e+00,-2.176083e-01,1.584649e-01,1.927360e-01,1.599388e-02,-3.423756e-02,-1.802395e-01,3.688090e-02,7.817998e-02,-7.725382e-03,-9.729546e-03,-3.951222e-03,-3.589739e-02,1.725650e-03,-1.075455e-02,-2.190289e-02,-2.430227e-02,-3.557765e-02,1.195232e+00,2.845913e-03,2.132487e+02,2.246625e-02,3.190926e-02,2.236071e-01,2.736954e-01,-6.160385e-03,-1.005293e-02,-5.153108e-02
71,0.710000,3.582928e-01,-1.413028e+01,3.307034e+00,-1.913588e+01,-4.165419e+01,1.295026e+00,-3.491283e+00,4.021693e+00,2.081520e+00,5.429534e+00,-1.642679e+01,-8.846503e+00,6.868094e+00,8.153760e+00,2.408720e+00,-1.786695e+01,-2.460637e+00,-4.010374e-01,2.109493e+00,1.848497e+00,6.937369e-01,-1.531902e+00,-2.373482e+00,-2.076282e+00,4.912165e-01,5.802087e-01,7.673885e-01,1.036765e+00,1.273348e+00,1.668257e+00,2.107328e+00,2.680283e+00,2.102832e+02,8.596798e-01,-1.263707e-02,2.709494e-01,-3.069044e-01,3.796127e-01,1.342566e+00,-7.556362e-01,-2.655685e+00,5.507134e-01,-3.568833e-01,1.759055e+00,3.691054e-01,1.680324e+00,4.352182e-01,-1.963438e+00,-2.224609e+00,-9.934235e-02,2.867315e-02,1.256821e-01,-1.208541e-01,-1.289067e-01,-5.933001e-02,1.706869e-01,1.279937e-01,-6.632781e-03,-1.549861e-02,-4.873598e-03,-2.531308e-02,-5.562306e-05,-1.470841e-02,-6.350132e-02,-9.841124e-02,-7.410045e-02,8.918045e-01,1.354223e-03,2.135567e+02,1.170794e-02,1.278800e-02,1.541748e-01,-1.848297e-02,-7.833827e-03,-1.140458e-02,-3.690340e-02
72,0.720000,3.558844e-01,-1.379685e+01,3.604628e+00,-2.138560e+01,-4.030421e+01,2.988140e+00,-9.481686e+00,4.631584e+00,7.561362e-01,6.899786e+00,-1.367958e+01,-9.180888e+00,6.320227e+00,6.489273e+00,-2.070783e+00,-1.859857e+01,-2.454395e+00,-2.224232e-01,1.980224e+00,1.781785e+00,9.430045e-01,-1.146728e+00,-2.347991e+00,-2.304450e+00,4.578620e-01,5.745397e-01,7.216269e-01,1.024998e+00,1.212001e+00,1.531325e+00,1.890487e+00,2.434782e+00,2.109945e+02,8.607041e-01,8.061191e-03,2.993580e-01,-5.068477e-01,-3.743765e-01,9.254020e-01,3.523760e-01,-3.177520e+00,-1.123203e+00,-1.204589e+00,1.598746e+00,1.784994e+00,-4.116678e-02,-4.862979e-01,-1.383594e+00,-2.096270e+00,-3.978079e-01,1.631844e-02,1.120626e-01,-1.642547e-01,-1.456530e-01,1.301492e-01,2.069756e-01,1.274567e-01,1.215198e-02,-1.671971e-02,-5.103171e-03,-6.267995e-03,9.093046e-04,-2.529353e-02,-7.189516e-02,-1.144894e-01,-8.882739e-02,5.848129e-01,-1.511395e-03,2.131283e+02,3.712907e-03,6.948038e-03,2.064435e-01,-3.361374e-01,-4.788005e-03,-7.154806e-03,-1.982622e-02
73,0.730000,4.494015e-01,-1.316775e+01,2.344039e+00,-2.173379e+01,-4.017182e+01,3.022881e+00,-1.032811e+01,9.223719e-01,-9.250400e-01,7.867434e+00,-1.132837e+01,-1.070820e+01,5.111692e+00,5.578209e+00,-3.799751e+00,-1.924014e+01,-2.442158e+00,-1.475499e-01,1.822100e+00,1.673840e+00,1.211121e+00,-9.535326e-01,-2.097710e+00,-2.048288e+00,4.499993e-01,5.734169e-01,7.358620e-01,1.027630e+00,1.169452e+00,1.440172e+00,1.762802e+00,2.400397e+00,2.113976e+02,8.596072e-01,7.113875e-02,1.623230e-02,-5.546540e-01,5.188305e-01,5.587616e-02,8.347354e-01,-2.749284e+00,-3.357260e+00,-2.357745e+00,2.446240e+00,1.101942e+00,-9.226834e-01,-8.374435e-01,-1.059183e+00,-1.812915e+00,-5.325918e-01,4.917183e-02,8.725240e-02,-2.351762e-01,-2.146444e-01,1.613539e-01,7.166769e-02,4.174054e-02,3.256862e-02,-1.345934e-02,-4.809421e-03,1.651728e-02,2.442312e-03,-2.744531e-02,-4.673891e-02,-4.006688e-02,-1.800051e-02,2.349747e-01,-1.027285e-02,2.126071e+02,2.855127e-03,2.272225e-03,1.991847e-01,-8.145447e-01,-1.934625e-03,-2.744384e-03,-2.821437e-02
74,0.740000,4.810658e-01,-1.340674e+01,2.293409e+00,-2.087886e+01,-4.134001e+01,4.518398e+00,-1.411913e+01,-2.910732e+00,-4.858572e+00,1.128249e+01,-1.075094e+01,-1.425604e+01,4.964405e+00,3.245626e+00,-4.824155e+00,-1.940023e+01,-2.333248e+00,-3.426507e-02,1.605675e+00,1.419925e+00,1.381602e+00,-1.000008e+00,-2.183876e+00,-2.136434e+00,4.406923e-01,5.642585e-01,7.733123e-01,1.032939e+00,1.152204e+00,1.443355e+00,1.799779e+00,2.391320e+00,2.115589e+02,8.470244e-01,9.502231e-02,-5.809286e-01,-4.907532e-01,1.981530e+00,1.625534e-01,1.504633e-01,-1.941379e+00,-4.349482e+00,-2.751757e+00,2.538153e+00,1.848788e-01,-5.908478e-01,-1.952879e+00,-3.605670e-01,-1.081722e+00,-1.152869e+00,6.590171e-02,2.882394e-02,-3.269504e-01,-3.519755e-01,2.375013e-02,-1.437979e-01,-4.699550e-02,2.077004e-02,-1.273848e-02,-8.111751e-03,2.947603e-02,6.368697e-03,-1.070358e-02,-2.023757e-03,2.688218e-02,5.036623e-02,-1.737717e-01,-1.901644e-02,2.120428e+02,2.952636e-03,1.393117e-03,1.019711e-01,-1.400008e+00,-1.441249e-04,-7.335721e-04,-3.542472e-02
75,0.750000,6.513959e-01,-1.424417e+01,1.189374e+00,-1.679510e+01,-4.085691e+01,4.703574e+00,-1.491898e+01,-8.993451e+00,-6.899849e+00,1.546938e+01,-1.238140e+01,-1.092235e+01,3.358787e+00,4.479668e+00,-5.279171e+00,-2.012908e+01,-2.275351e+00,-5.885440e-02,1.120887e+00,9.562052e-01,1.281208e+00,-1.246924e+00,-2.246836e+00,-1.997446e+00,4.325047e-01,5.613022e-01,8.241323e-01,1.045006e+00,1.166021e+00,1.478547e+00,1.952347e+00,2.612011e+00,2.111759e+02,8.151553e-01,7.292429e-02,-1.590739e+00,-5.780628e-02,3.536657e+00,1.667366e+00,-4.796090e-01,-8.954865e-01,-3.761477e+00,-2.102985e+00,1.921623e+00,3.456564e-02,-4.173977e-01,-2.931992e+00,-4.013886e-01,-1.531289e-01,-1.420649e+00,5.654769e-02,-1.078152e-01,-4.679167e-01,-5.695131e-01,-2.661012e-01,-3.852603e-01,-1.746832e-01,-8.095584e-02,-2.059839e-02,-1.445845e-02,1.287776e-02,3.266168e-03,-9.109115e-03,1.471276e-02,2.281908e-02,4.243069e-02,-5.837433e-01,-2.124230e-02,2.100267e+02,2.414955e-03,1.843543e-03,6.533924e-02,-1.813673e+00,1.889339e-03,2.286847e-03,-6.945294e-03
76,0.760000,7.299988e-01,-1.616328e+01,1.728194e+00,-1.394730e+01,-3.914890e+01,2.900110e+00,-1.689315e+01,-1.215792e+01,-1.001524e+01,1.578957e+01,-1.222867e+01,-1.202805e+01,-2.567714e+00,5.235709e+00,-6.739685e+00,-2.391845e+01,-2.208289e+00,-1.226513e-01,6.960785e-01,3.807247e-01,1.026712e+00,-1.719022e+00,-2.508406e+00,-2.226021e+00,4.029169e-01,5.400383e-01,8.248720e-01,1.048153e+00,1.160199e+00,1.502018e+00,1.930125e+00,2.580806e+00,2.102365e+02,7.878478e-01,8.763314e-04,-2.631598e+00,2.232024e-01,5.323419e+00,3.877551e+00,-2.523389e+00,9.131923e-01,-1.945194e+00,-2.758514e-01,-4.049161e-01,1.880975e-01,-1.548331e+00,-4.278882e+00,-8.538224e-01,1.359330e+00,-7.193800e-01,4.981270e-02,-2.890309e-01,-5.461831e-01,-8.421610e-01,-7.116626e-01,-6.068344e-01,-2.190258e-01,-1.154104e-01,-2.943707e-02,-2.291648e-02,-1.905426e-02,-4.011023e-03,-1.096678e-03,1.711818e-02,-3.237464e-02,1.498024e-02,-8.548279e-01,-1.192386e-02,2.074184e+02,3.212368e-03,3.494519e-03,9.624269e-02,-1.668083e+00,4.334533e-03,4.807749e-03,1.948658e-02
77,0.770000,6.895564e-01,-1.974318e+01,2.337615e+00,-7.516285e+00,-3.293055e+01,1.433980e+00,-1.341854e+01,-1.326142e+01,-8.861630e+00,1.522200e+01,-1.041668e+01,-1.390918e+01,-5.782211e+00,2.576224e+00,-3.607630e+00,-2.408427e+01,-2.221899e+00,-6.424329e-01,-6.268549e-02,-6.541255e-01,5.806005e-02,-2.520327e+00,-2.808862e+00,-2.408274e+00,3.658950e-01,5.132347e-01,7.744710e-01,1.036353e+00,1.119908e+00,1.484405e+00,1.811724e+00,2.517807e+00,2.091401e+02,7.829840e-01,-1.088764e-01,-3.352272e+00,5.903711e-01,6.503732e+00,5.652433e+00,-4.450713e+00,1.536951e+00,4.577153e-01,1.638870e+00,-2.700981e+00,1.034550e+00,-3.546608e+00,-4.562012e+00,-2.121717e+00,3.449759e+00,7.310726e-01,5.711422e-02,-3.996075e-01,-5.256050e-01,-1.060435e+00,-1.120884e+00,-7.006232e-01,-2.436809e-01,-1.697799e-01,-3.222797e-02,-2.896045e-02,-4.510590e-02,-5.166030e-03,2.881196e-02,2.797086e-02,-4.437187e-02,-1.300325e-02,-8.552490e-01,2.360499e-03,2.058509e+02,1.217195e-02,1.265576e-02,1.673224e-01,-8.565048e-01,4.955903e-03,5.783462e-03,1.550323e-02
78,0.780000,4.663672e-01,-2.381522e+01,2.835300e+00,1.098827e+00,-2.591544e+01,-6.463751e+00,-1.030339e+01,-1.050272e+01,-5.256938e+00,9.381601e+00,-1.079282e+01,-2.050427e+01,-1.185951e+01,-7.176391e-02,1.136726e+00,-2.101953e+01,-2.110911e+00,-1.187630e+00,-5.334546e-01,-1.985714e+00,-1.565138e+00,-3.397478e+00,-2.997992e+00,-2.508072e+00,3.268118e-01,4.737098e-01,7.028716e-01,1.017210e+00,1.169776e+00,1.526018e+00,1.708217e+00,2.513323e+00,2.083027e+02,8.034908e-01,-1.462279e-01,-3.233328e+00,6.752301e-01,6.807586e+00,5.421365e+00,-6.063933e+00,1.454095e+00,1.182710e+00,3.014378e+00,-3.758153e+00,7.572626e-01,-3.959375e+00,-3.525819e+00,-2.739047e+00,4.330907e+00,2.459406e+00,8.013780e-02,-3.430858e-01,-3.784134e-01,-1.066373e+00,-1.285719e+00,-6.637858e-01,-2.013872e-01,-1.273196e-01,-2.686375e-02,-2.772108e-02,-5.322970e-02,-5.064941e-03,5.967058e-02,3.547865e-02,1.269809e-02,2.203453e-02,-6.442398e-01,9.619594e-03,2.057903e+02,1.974680e-02,2.002575e-02,1.484124e-01,-1.121368e-02,2.199976e-03,3.279912e-03,-1.049692e-02
79,0.790000,2.388299e-01,-2.717956e+01,3.587677e+00,8.200497e+00,-1.921148e+01,-1.286806e+01,-1.052910e+01,-7.532473e+00,-1.084651e+00,5.168466e+00,-7.926577e+00,-2.441728e+01,-1.480538e+01,-3.475183e+00,8.031421e+00,-1.792317e+01,-2.038470e+00,-1.524402e+00,-8.923714e-01,-3.162750e+00,-3.027288e+00,-3.910812e+00,-3.220448e+00,-2.705320e+00,3.094174e-01,4.496642e-01,6.596029e-01,1.034648e+00,1.305292e+00,1.606402e+00,1.841442e+00,2.580737e+00,2.078666e+02,8.191363e-01,-1.334113e-01,-2.316026e+00,8.122245e-01,5.124093e+00,3.643845e+00,-5.967994e+00,-1.360998e-02,9.944309e-01,2.435807e+00,-3.580163e+00,4.250307e-01,-2.372474e+00,-2.238371e+00,-1.800444e+00,3.582530e+00,2.537778e+00,9.492098e-02,-1.320547e-01,-1.757223e-01,-7.950609e-01,-1.053406e+00,-4.473820e-01,-1.474431e-01,-1.145011e-01,-1.834703e-02,-2.181297e-02,-4.501883e-02,-2.841139e-03,7.268856e-02,3.958266e-02,5.832881e-02,4.454088e-02,-3.286423e-01,7.822275e-03,2.065583e+02,1.892725e-02,2.249524e-02,1.167705e-01,6.181534e-01,-2.490608e-03,-1.668089e-03,-2.347947e-02
80,0.800000,2.242227e-01,-2.861173e+01,4.479314e+00,1.223224e+01,-1.890161e+01,-2.026854e+01,-1.106739e+01,-9.108838e+00,1.168157e+00,2.025577e+00,-9.687408e+00,-2.657088e+01,-1.568523e+01,-5.433821e+00,9.095325e+00,-1.470197e+01,-1.899315e+00,-1.397095e+00,-7.811455e-01,-3.696828e+00,-3.859207e+00,-4.342709e+00,-3.309549e+00,-2.714096e+00,2.968370e-01,4.332182e-01,6.161575e-01,1.023681e+00,1.365860e+00,1.618413e+00,1.978757e+00,2.659514e+00,2.076521e+02,8.178696e-01,-6.712731e-02,-1.000754e+00,6.337017e-01,2.541806e+00,1.512773e+00,-3.498203e+00,-5.079514e-01,-1.706839e-03,8.085850e-01,-2.773893e+00,1.497045e-01,3.552437e-01,7.082434e-02,-1.084310e+00,2.203764e+00,2.172853e+00,8.287327e-02,4.274521e-02,-5.868876e-02,-3.553005e-01,-5.748776e-01,-1.901641e-01,-6.427345e-02,-5.137236e-02,-1.327052e-02,-1.462412e-02,-3.461776e-02,-1.384182e-02,2.733278e-02,1.767582e-02,2.952021e-02,-1.055081e-02,-2.644501e-02,3.844369e-03,2.070087e+02,1.083460e-02,1.497434e-02,6.903400e-02,8.801621e-01,-4.160057e-03,-4.875754e-03,-1.577665e-02
81,0.810000,1.435723e-01,-2.892506e+01,5.576730e+00,1.253747e+01,-1.821824e+01,-2.150360e+01,-1.310459e+01,-8.986208e+00,1.048582e-01,9.992012e-01,-8.844226e+00,-2.273825e+01,-1.506121e+01,-3.744968e+00,1.032572e+01,-1.455416e+01,-1.853092e+00,-1.197974e+00,-8.174513e-01,-3.773873e+00,-4.061935e+00,-4.284622e+00,-3.390299e+00,-2.877768e+00,2.891473e-01,4.244157e-01,5.927339e-01,1.018912e+00,1.385309e+00,1.636120e+00,1.968099e+00,2.667416e+00,2.078222e+02,8.149059e-01,-1.019571e-02,3.585768e-01,1.469742e-01,-5.115919e-01,-2.863583e-01,-6.576540e-01,-5.017346e-01,-6.800140e-01,-1.254694e+00,-2.341325e+00,4.850510e-01,2.320195e+00,9.912207e-01,-5.304459e-01,5.772332e-01,1.401342e+00,5.043839e-02,1.413513e-01,1.724294e-02,1.209546e-01,-3.169499e-02,8.707266e-02,4.067020e-02,3.555014e-02,-8.914908e-03,-7.255984e-03,-1.014948e-02,-2.304163e-02,-1.773648e-02,-6.387138e-03,-4.565398e-02,-5.821361e-02,1.759186e-01,3.554845e-03,2.083325e+02,4.175013e-03,6.841020e-03,8.961425e-02,7.830231e-01,1.940050e-04,-2.431137e-03,-9.959904e-03
82,0.820000,1.783594e-01,-2.794624e+01,5.009282e+00,1.163937e+01,-1.884820e+01,-1.963700e+01,-1.155541e+01,-9.784386e+00,-1.808768e+00,-2.403230e+00,-9.585469e+00,-1.956757e+01,-1.137747e+01,-5.358420e+00,1.100840e+01,-1.183977e+01,-1.789233e+00,-1.137118e+00,-8.643584e-01,-3.456655e+00,-3.922202e+00,-4.161394e+00,-3.234434e+00,-2.678710e+00,2.705942e-01,4.132135e-01,5.632173e-01,9.558687e-01,1.266431e+00,1.599537e+00,1.792490e+00,2.417229e+00,2.081926e+02,8.248278e-01,4.363487e-02,1.462767e+00,-3.521936e-01,-2.938635e+00,-2.259542e+00,1.729196e+00,3.310974e-01,-1.221448e+00,-2.796592e+00,-1.092156e+00,2.656994e+00,2.892117e+00,9.457346e-01,-1.427705e+00,-8.037071e-02,4.400899e-01,-1.596743e-02,2.061828e-01,1.068285e-01,5.379987e-01,4.537760e-01,2.401507e-01,1.236241e-01,1.344106e-01,1.549840e-03,-1.466429e-03,2.529749e-02,-2.476270e-02,-3.180076e-02,-1.154464e-02,-5.368290e-02,-7.230558e-02,2.069000e-01,8.222878e-03,2.093040e+02,6.322635e-03,3.474089e-03,8.310726e-02,2.998367e-01,5.693764e-03,2.739011e-03,-5.773955e-03
83,0.830000,2.107830e-01,-2.571942e+01,4.057564e+00,5.938975e+00,-2.066998e+01,-1.647210e+01,-1.279377e+01,-1.059477e+01,-5.869658e+00,-4.323755e+00,-5.552292e+00,-1.631796e+01,-1.200315e+01,-6.165113e+00,9.961051e+00,-1.234756e+01,-1.841318e+00,-9.476342e-01,-7.645502e-01,-2.678063e+00,-3.154266e+00,-3.566106e+00,-3.054654e+00,-2.545263e+00,2.779643e-01,4.233867e-01,6.353256e-01,9.533457e-01,1.266324e+00,1.583904e+00,1.706306e+00,2.410811e+00,2.084759e+02,8.334314e-01,8.378614e-02,2.101934e+00,-1.888850e-01,-4.650105e+00,-4.920441e+00,2.600650e+00,1.503749e+00,-1.568882e+00,-3.279895e+00,1.029612e+00,4.586266e+00,2.016173e+00,9.730826e-02,-1.518368e+00,-1.132550e+00,-5.108339e-01,-8.059315e-02,2.985741e-01,2.948144e-01,8.629913e-01,8.219690e-01,2.190336e-01,1.103882e-01,1.552836e-01,1.578722e-02,4.994407e-03,5.373856e-02,-1.882775e-02,-3.347627e-02,-1.504829e-02,-1.272771e-02,-5.421114e-03,2.326660e-02,1.040870e-02,2.093257e+02,2.215326e-02,1.608968e-02,5.993439e-02,-5.276443e-01,7.076208e-03,6.140860e-03,-1.492765e-04
84,0.840000,4.087917e-01,-2.290072e+01,3.477929e+00,8.383136e-01,-2.897346e+01,-1.413831e+01,-9.567315e+00,-1.441180e+01,-9.827545e+00,-7.737249e-01,1.951596e+00,-1.532044e+01,-1.248558e+01,-1.136227e+01,8.875807e+00,-1.360482e+01,-1.985039e+00,-4.913512e-01,-2.734537e-01,-1.554739e+00,-2.044162e+00,-3.501213e+00,-2.859251e+00,-2.208296e+00,3.101777e-01,4.264005e-01,7.213491e-01,9.326510e-01,1.266349e+00,1.586798e+00,1.841239e+00,2.426288e+00,2.083597e+02,8.497213e-01,8.805712e-02,2.088921e+00,3.980656e-01,-5.088653e+00,-6.899864e+00,2.250678e+00,3.030341e+00,-1.038634e+00,-3.251705e+00,2.734463e+00,5.452321e+00,1.219895e+00,-4.155712e-01,-2.803250e-01,-1.002339e+00,-1.493663e+00,-1.305418e-01,3.429385e-01,4.565743e-01,1.001866e+00,9.564238e-01,9.462030e-02,4.883878e-02,1.003324e-01,2.979879e-02,1.215364e-02,5.851348e-02,-1.086335e-02,-2.143885e-02,5.225539e-04,5.403314e-02,6.844842e-02,-2.919129e-01,9.902191e-03,2.080112e+02,3.031430e-02,2.404507e-02,5.500415e-02,-1.237469e+00,1.722212e-03,3.901798e-03,1.189093e-02
85,0.850000,4.472868e-01,-2.093815e+01,5.397981e+00,-5.312525e+00,-3.775781e+01,-1.124969e+01,-6.579890e+00,-1.451691e+01,-1.228523e+01,5.332509e+00,8.318569e+00,-1.478095e+01,-1.402061e+01,-8.334885e+00,5.729267e+00,-1.622581e+01,-2.158155e+00,-2.798671e-02,3.611685e-01,-4.098741e-01,-8.911101e-01,-3.519544e+00,-3.025949e+00,-2.336558e+00,3.482916e-01,4.427942e-01,7.823609e-01,9.363823e-01,1.217969e+00,1.567249e+00,1.880086e+00,2.635781e+00,2.078550e+02,8.545027e-01,3.205400e-02,1.500757e+00,9.788052e-01,-4.358199e+00,-7.257170e+00,1.775732e+00,4.297231e+00,2.896518e-01,-2.836043e+00,2.509984e+00,3.156322e+00,7.689754e-01,3.010865e-01,1.078697e+00,1.360507e-01,-9.556330e-01,-1.226252e-01,2.465993e-01,5.001675e-01,9.242240e-01,8.141022e-01,-7.535134e-02,-4.073434e-02,-1.730514e-03,3.458468e-02,1.954558e-02,3.523896e-02,-1.103539e-02,-2.761952e-02,1.949430e-02,7.793822e-02,7.091720e-02,-6.147385e-01,7.593590e-03,2.063406e+02,2.756022e-02,2.725983e-02,1.029194e-01,-1.583208e+00,-5.076398e-03,-1.187869e-03,1.775697e-02
86,0.860000,5.003930e-01,-1.989227e+01,6.329401e+00,-8.178149e+00,-4.480360e+01,-1.099481e+01,4.893622e-01,-1.301649e+01,-1.485951e+01,6.440954e+00,1.074070e+01,-1.423660e+01,-1.244660e+01,-5.675159e+00,8.112596e+00,-1.736896e+01,-2.283524e+00,1.177505e-01,8.556535e-01,4.185791e-01,-2.716613e-01,-3.711573e+00,-3.004592e+00,-2.281401e+00,3.844245e-01,4.642779e-01,7.822672e-01,9.100337e-01,1.183415e+00,1.610478e+00,1.975766e+00,2.646986e+00,2.070435e+02,8.638031e-01,2.836773e-02,7.449943e-01,8.748334e-01,-3.100344e+00,-5.681190e+00,9.804403e-01,3.894360e+00,2.147345e+00,-2.645998e+00,-4.542127e-02,3.450220e-01,9.131588e-01,1.216009e+00,2.168756e+00,1.408084e+00,6.097127e-01,-7.988112e-02,6.459295e-02,3.984769e-01,6.857252e-01,4.793448e-01,-9.711218e-02,-8.001864e-02,-6.487205e-02,3.184620e-02,2.671399e-02,1.483586e-02,-7.699865e-03,3.089833e-03,4.381496e-02,8.651777e-02,5.657365e-02,-8.387909e-01,4.526752e-03,2.046092e+02,1.223021e-02,1.739800e-02,1.210694e-01,-1.510941e+00,-6.327699e-03,-3.687143e-03,4.420645e-03
87,0.870000,3.252523e-01,-1.971986e+01,7.525854e+00,-1.134379e+01,-4.904075e+01,-9.165183e+00,3.664049e+00,-9.844167e+00,-1.753389e+01,4.618824e+00,5.834764e+00,-1.301500e+01,-1.051721e+01,-3.615185e+00,1.102291e+01,-1.524366e+01,-2.305202e+00,-1.918852e-02,1.171733e+00,9.563975e-01,2.999489e-02,-3.837683e+00,-3.185655e+00,-2.517363e+00,4.137643e-01,5.021759e-01,7.810614e-01,9.094774e-01,1.169693e+00,1.669535e+00,2.028733e+00,2.655048e+00,2.060603e+02,8.643584e-01,7.117949e-02,1.734388e-01,4.858060e-01,-1.356066e+00,-3.906092e+00,9.414949e-02,2.519915e+00,3.402425e+00,-2.499944e+00,-2.949973e+00,-1.582580e+00,1.359578e+00,1.471762e+00,1.322209e+00,1.932998e+00,2.862680e+00,-6.896496e-04,-5.324262e-02,2.745935e-01,4.247958e-01,1.358302e-01,-9.258232e-02,-9.649853e-02,-5.750892e-02,2.283195e-02,2.375614e-02,-3.127992e-04,-1.160222e-02,2.892122e-02,4.425299e-02,7.065588e-02,5.092454e-03,-9.312668e-01,2.978951e-03,2.031107e+02,5.813312e-03,1.347387e-02,1.156866e-01,-1.208691e+00,-3.442094e-03,-4.171907e-03,-1.329270e-02
88,0.880000,6.116476e-01,-1.978489e+01,6.788160e+00,-1.164777e+01,-5.173793e+01,-1.027836e+01,4.782514e+00,-6.011446e+00,-2.043320e+01,-6.439889e-01,4.918609e+00,-1.163762e+01,-8.157235e+00,-2.878345e+00,1.326940e+01,-1.104733e+01,-2.310921e+00,-1.727856e-01,1.313648e+00,1.190751e+00,-1.079908e-01,-3.827705e+00,-3.179491e+00,-2.442253e+00,4.366724e-01,5.302797e-01,7.961781e-01,9.076042e-01,1.305936e+00,1.754729e+00,2.199504e+00,2.699523e+00,2.050631e+02,8.674272e-01,1.118179e-01,-1.161385e-01,2.955372e-01,-6.139145e-02,-2.413735e+00,-6.686378e-01,6.073157e-01,4.231945e+00,-1.969642e+00,-4.682964e+00,-1.500072e+00,1.611663e+00,9.091525e-01,5.871977e-01,8.401955e-01,4.310067e+00,6.597050e-02,-5.796795e-02,1.876431e-01,2.383614e-01,-6.342302e-02,-4.033954e-02,-1.272731e-01,-5.144091e-02,1.201231e-02,1.370052e-02,-6.117076e-03,-1.537166e-02,3.260325e-02,1.459458e-02,2.099376e-02,-9.971475e-03,-8.869339e-01,1.479119e-03,2.020715e+02,9.549263e-03,1.250233e-02,7.072379e-02,-7.539490e-01,-4.442222e-06,-2.524019e-03,-1.826733e-02
89,0.890000,7.475570e-01,-2.012465e+01,7.597632e+00,-1.035804e+01,-5.382111e+01,-1.113717e+01,3.873109e+00,-1.007309e+00,-2.199810e+01,-5.874884e+00,3.316717e+00,-9.282545e+00,-8.806479e+00,-3.122245e+00,1.281585e+01,-5.073220e+00,-2.147905e+00,-1.489318e-01,1.505139e+00,1.328019e+00,-2.937945e-01,-3.924390e+00,-3.420993e+00,-2.543676e+00,4.363275e-01,5.285740e-01,7.738414e-01,8.795860e-01,1.301314e+00,1.716388e+00,2.121496e+00,2.634975e+00,2.041888e+02,8.675855e-01,6.816033e-02,-2.257065e-01,2.900258e-01,1.064611e+00,-1.276672e+00,-1.829857e+00,1.583350e-01,3.809193e+00,-9.993580e-01,-5.166998e+00,-7.537758e-01,1.668745e+00,4.115118e-01,-6.185180e-01,2.311363e-02,4.366750e+00,1.114868e-01,-1.160055e-06,1.379804e-01,1.145917e-01,-1.561310e-01,-4.438930e-02,-9.950135e-02,-6.095028e-03,3.029349e-03,1.946306e-03,-1.248949e-02,-2.337887e-02,1.679471e-02,-9.316993e-03,-1.409164e-02,-1.818724e-02,-7.307999e-01,1.076937e-03,2.015660e+02,1.169023e-02,8.848133e-03,6.162874e-02,-2.624024e-01,-5.448582e-05,-2.498465e-03,-1.572554e-02
90,0.900000,8.483301e-01,-2.027057e+01,7.771198e+00,-8.977979e+00,-5.448210e+01,-1.335201e+01,3.421411e+00,3.724810e+00,-2.247561e+01,-1.172701e+01,4.499365e+00,-8.044511e+00,-8.756200e+00,-2.985641e+00,1.141710e+01,-9.038406e-01,-2.032320e+00,-1.072177e-01,1.627166e+00,1.424575e+00,-4.268817e-01,-3.869918e+00,-3.523289e+00,-2.525449e+00,4.332044e-01,5.195814e-01,7.552918e-01,8.481211e-01,1.280620e+00,1.660024e+00,2.034353e+00,2.607166e+00,2.035446e+02,8.695852e-01,-5.083309e-02,-2.223431e-01,3.374010e-01,1.443634e+00,-3.389767e-01,-2.391859e+00,4.333673e-02,2.943544e+00,4.391517e-02,-3.901632e+00,-1.084583e+00,1.394480e+00,3.463306e-01,-9.992994e-01,-8.322906e-01,3.330379e+00,1.093546e-01,4.199250e-02,1.053621e-01,2.226594e-02,-2.003575e-01,-5.349748e-02,-5.083144e-02,2.234697e-04,-2.591610e-04,-1.080072e-03,-1.532283e-02,-1.361125e-02,1.113939e-02,1.279283e-03,-6.731272e-03,-3.983927e-03,-5.143539e-01,4.820347e-04,2.016118e+02,9.269545e-03,7.090771e-03,5.676172e-02,1.349808e-01,-2.185125e-03,-2.383993e-03,-9.525121e-03
91,0.910000,5.477127e-01,-2.060555e+01,8.484464e+00,-7.355631e+00,-5.405203e+01,-1.677764e+01,5.136276e+00,4.333670e+00,-2.150948e+01,-1.567466e+01,2.275507e+00,-6.467824e+00,-8.160169e+00,-6.654127e+00,1.206463e+01,1.518347e+00,-1.887068e+00,-5.197827e-02,1.704876e+00,1.412444e+00,-5.912148e-01,-4.038523e+00,-3.511263e+00,-2.506240e+00,4.306450e-01,5.172566e-01,7.390571e-01,8.223246e-01,1.266325e+00,1.670303e+00,2.040850e+00,2.610290e+00,2.031656e+02,8.686641e-01,-7.772263e-02,-1.570097e-01,3.185091e-02,1.461256e+00,4.837341e-01,-2.779408e+00,-3.630525e-01,1.954226e+00,5.515798e-01,-2.249972e+00,-1.384099e+00,5.016159e-01,8.774780e-01,-3.680658e-01,-1.325804e+00,1.341079e+00,7.662531e-02,4.728045e-02,5.636643e-02,-7.283252e-02,-3.043939e-01,-9.215522e-03,4.672205e-02,2.475734e-02,-5.559117e-04,3.183502e-03,-1.124533e-02,1.754673e-02,4.331920e-02,4.053370e-02,5.517113e-02,2.634101e-02,-3.043854e-01,3.825426e-04,2.020285e+02,5.680742e-03,3.687326e-03,4.403992e-02,3.255234e-01,-2.697882e-03,-2.058732e-03,-9.912739e-03
92,0.920000,4.574043e-01,-2.065616e+01,8.031749e+00,-5.930809e+00,-5.331736e+01,-1.941742e+01,4.367614e+00,6.035786e+00,-2.045794e+01,-1.525226e+01,1.630004e-02,-6.072578e+00,-6.748737e+00,-6.108902e+00,9.483562e+00,2.308782e+00,-1.894566e+00,-1.129984e-02,1.740590e+00,1.259868e+00,-9.610682e-01,-4.038126e+00,-3.388513e+00,-2.459854e+00,4.382178e-01,5.305381e-01,7.369561e-01,8.681786e-01,1.379128e+00,1.784168e+00,2.206170e+00,2.691946e+00,2.030030e+02,8.692980e-01,-1.799551e-02,-1.398275e-01,-2.336845e-01,1.516366e+00,6.201378e-01,-2.516449e+00,-1.278435e+00,1.632923e+00,5.887081e-01,-8.051935e-01,-2.053539e+00,-3.808527e-01,1.364220e+00,7.913547e-01,-2.161883e+00,-3.613432e-01,4.752188e-02,3.918502e-02,2.434754e-02,-1.330566e-01,-4.448946e-01,2.000454e-02,8.039530e-02,2.259903e-02,-5.636486e-03,5.017138e-03,-1.324815e-02,3.728667e-02,5.330602e-02,4.667689e-02,7.448874e-02,3.131590e-02,-1.665711e-01,1.065195e-04,2.025151e+02,1.628383e-03,3.162770e-03,3.189259e-02,2.468964e-01,-1.697827e-03,-1.314683e-03,-6.651249e-03
93,0.930000,5.544067e-01,-2.071690e+01,7.626611e+00,-4.575348e+00,-5.198481e+01,-2.200150e+01,1.584744e+00,7.608332e+00,-2.024904e+01,-1.536212e+01,-1.362245e+00,-7.760432e+00,-5.422821e+00,-3.400944e+00,7.153603e+00,2.586412e-02,-1.833655e+00,3.951156e-02,1.730259e+00,1.046210e+00,-1.548671e+00,-3.886363e+00,-3.254770e+00,-2.452687e+00,4.310412e-01,5.390132e-01,7.267826e-01,9.572909e-01,1.468657e+00,1.856985e+00,2.311443e+00,2.724290e+00,2.029377e+02,8.696418e-01,8.048260e-02,-2.171837e-01,-3.677589e-01,1.437152e+00,1.604622e-01,-2.080768e+00,-1.934768e+00,1.621235e+00,2.293167e-02,-6.672176e-01,-2.281368e+00,-1.084998e+00,1.596019e+00,1.190486e+00,-2.725313e+00,-1.399026e+00,2.880678e-02,1.989461e-02,1.822388e-03,-1.230460e-01,-5.209049e-01,1.544635e-02,5.303783e-02,9.124994e-03,-1.345809e-02,2.831405e-03,-1.736084e-02,3.668469e-02,3.396211e-02,2.166551e-02,4.863565e-02,1.935911e-02,-1.347961e-01,-2.380490e-04,2.027420e+02,2.021399e-03,5.184726e-04,2.449961e-02,-3.948975e-02,-4.852611e-04,-3.140203e-04,-1.920716e-03
94,0.940000,7.550055e-01,-2.091403e+01,7.031702e+00,-2.786288e+00,-5.241502e+01,-2.332232e+01,-1.194999e+00,1.025209e+01,-2.016229e+01,-1.590925e+01,-3.949455e+00,-9.302470e+00,-3.303772e+00,-6.554591e-01,3.063202e+00,-1.964315e+00,-1.821417e+00,4.296253e-02,1.736213e+00,9.424090e-01,-2.172626e+00,-3.845975e+00,-3.249559e+00,-2.439230e+00,4.048239e-01,5.337887e-01,6.951883e-01,9.670713e-01,1.445985e+00,1.800068e+00,2.271501e+00,2.706745e+00,2.028257e+02,8.696290e-01,5.678581e-02,-2.984322e-01,-2.265199e-01,1.193528e+00,-1.923187e-01,-1.728784e+00,-1.462993e+00,1.042009e+00,7.002030e-02,-1.586937e+00,-2.045700e+00,-1.613646e+00,1.910946e+00,4.833822e-02,-2.518083e+00,-1.341211e+00,2.661428e-02,3.216513e-04,-6.971669e-03,-6.633335e-02,-4.682502e-01,-3.995826e-02,6.339884e-03,2.345571e-02,-1.715562e-02,-2.167404e-04,-1.896502e-02,1.360720e-02,-7.636249e-03,-1.087326e-02,2.826452e-03,-9.528875e-04,-1.991028e-01,-7.843495e-04,2.024896e+02,2.610080e-03,2.101785e-03,3.327563e-02,-3.920227e-01,3.566944e-04,1.614946e-04,1.502683e-03
95,0.950000,8.013251e-01,-2.156253e+01,7.145692e+00,-1.742132e+00,-5.370089e+01,-2.522903e+01,-1.756258e+00,1.033169e+01,-2.154264e+01,-1.868225e+01,-7.148457e+00,-1.027787e+01,-1.902556e+00,-3.428420e+00,1.648244e+00,-3.340234e+00,-1.779608e+00,2.036362e-02,1.716177e+00,9.559434e-01,-2.589960e+00,-4.057366e+00,-3.315551e+00,-2.470927e+00,3.800515e-01,5.297883e-01,6.731368e-01,9.563017e-01,1.402707e+00,1.770681e+00,2.251364e+00,2.699686e+00,2.025802e+02,8.673084e-01,-3.390577e-02,-2.989735e-01,-3.869081e-02,7.589535e-01,-2.277756e-02,-1.654336e+00,-3.850115e-01,7.327744e-01,5.438969e-01,-1.856825e+00,-1.324173e+00,-1.060607e+00,1.864039e+00,-1.164624e+00,-1.746035e+00,-6.352628e-01,2.045846e-03,-9.214340e-03,-5.438209e-03,-1.331903e-02,-3.372799e-01,-6.475742e-02,-6.532669e-06,3.322241e-02,-8.592081e-03,1.337349e-03,-9.070814e-03,4.692930e-03,-1.459757e-02,-3.977835e-03,-2.360392e-03,-1.136589e-03,-3.117798e-01,-6.403804e-04,2.018439e+02,2.763588e-03,2.647717e-03,3.374482e-02,-6.498032e-01,1.051736e-04,3.845235e-04,4.483456e-03
96,0.960000,6.178741e-01,-2.172550e+01,7.139609e+00,-1.379775e+00,-5.342091e+01,-2.644758e+01,-1.276849e+00,9.884149e+00,-1.946104e+01,-2.152688e+01,-7.319096e+00,-1.288209e+01,1.045859e+00,-5.853472e+00,-3.541739e-01,-2.714223e+00,-1.788518e+00,-1.176124e-04,1.712773e+00,9.733345e-01,-2.781675e+00,-4.152415e+00,-3.326423e+00,-2.333455e+00,3.779345e-01,5.340669e-01,6.689539e-01,9.367092e-01,1.373921e+00,1.772954e+00,2.250342e+00,2.699483e+00,2.021862e+02,8.665430e-01,-1.070010e-01,-2.497320e-01,2.397609e-02,-8.464990e-02,5.744015e-01,-1.712179e+00,-5.573408e-02,4.255705e-01,1.168511e+00,-1.450474e+00,-2.230323e-01,-6.600126e-01,1.133126e+00,-9.421529e-01,-8.051838e-01,-5.186929e-01,-3.593277e-02,-7.561580e-03,-3.509975e-03,-6.960404e-03,-1.974886e-01,4.289532e-03,1.901350e-02,1.548018e-02,5.495328e-03,4.415923e-03,5.255449e-03,1.599223e-02,8.226275e-03,2.248263e-02,1.655428e-02,6.603265e-03,-4.164398e-01,-2.324820e-04,2.010041e+02,3.040761e-03,2.905620e-03,3.478341e-02,-7.304214e-01,1.031060e-04,1.796790e-04,4.472140e-03
97,0.970000,4.534436e-01,-2.180604e+01,7.379204e+00,-1.483837e+00,-5.159575e+01,-2.871056e+01,-2.993881e-01,1.145618e+01,-1.788018e+01,-2.183743e+01,-6.298291e+00,-1.127365e+01,1.722561e+00,-6.625055e+00,1.321176e-01,-2.775496e+00,-1.839875e+00,1.497993e-02,1.714788e+00,9.641522e-01,-2.930547e+00,-4.056930e+00,-3.216370e+00,-2.339462e+00,4.015255e-01,5.455609e-01,6.945457e-01,9.959366e-01,1.431700e+00,1.850652e+00,2.310220e+00,2.722238e+00,2.016986e+02,8.679829e-01,-8.399428e-02,-3.095043e-01,-9.014969e-02,-5.818511e-01,7.707142e-01,-1.782776e+00,-3.398208e-01,4.034986e-01,2.153717e+00,-7.474591e-01,2.664505e-01,6.092242e-01,2.450458e-01,1.169811e-01,1.268741e-02,-7.339307e-01,-8.946860e-02,-6.677240e-03,-4.912674e-03,-3.463732e-02,-1.573567e-01,6.584825e-02,1.551223e-03,-2.201519e-02,1.349919e-02,4.229283e-03,1.199095e-02,2.362451e-02,2.862429e-02,3.257903e-02,2.232783e-02,8.971548e-03,-4.799591e-01,-2.829313e-04,2.002357e+02,2.331927e-03,2.039172e-03,4.616300e-02,-6.704849e-01,5.298847e-04,4.633339e-04,1.504890e-03
98,0.980000,3.939415e-01,-2.204094e+01,7.034827e+00,-3.338685e+00,-5.059558e+01,-3.014245e+01,-2.202104e+00,1.181770e+01,-1.615096e+01,-2.158403e+01,-5.489700e+00,-1.210464e+01,5.493024e-01,-3.767906e+00,-2.046536e-01,-4.840148e+00,-1.970948e+00,7.846476e-03,1.719357e+00,9.035026e-01,-2.989776e+00,-3.824745e+00,-3.204082e+00,-2.427562e+00,4.215635e-01,5.479820e-01,7.107611e-01,1.027215e+00,1.472619e+00,1.872495e+00,2.324844e+00,2.728486e+00,2.011843e+02,8.681293e-01,-1.552834e-02,-4.768303e-01,-2.353146e-01,-3.048270e-01,5.889450e-01,-1.938183e+00,-6.103138e-01,1.215558e-01,2.418445e+00,-4.273354e-01,-6.233124e-01,1.596034e+00,-1.342880e-01,2.886608e-01,4.764568e-01,-1.392792e+00,-1.048119e-01,-1.930350e-02,-3.113073e-02,-7.014115e-02,-2.228834e-01,4.334760e-02,-1.157541e-02,-4.515062e-02,8.504030e-03,1.133382e-03,6.804812e-03,1.796043e-02,3.064466e-02,2.222919e-02,1.462882e-02,6.062197e-03,-5.061814e-01,-1.160294e-03,1.996415e+02,3.341441e-03,3.304452e-03,4.942724e-02,-5.848602e-01,9.412489e-04,9.124071e-04,-1.615494e-03
99,0.990000,4.933201e-01,-2.295233e+01,6.747335e+00,-3.671933e+00,-5.125998e+01,-3.229547e+01,-2.992734e+00,1.138241e+01,-1.242909e+01,-2.239097e+01,-6.730902e+00,-7.620474e+00,-4.290485e-01,-3.886297e+00,1.636921e+00,-5.946925e+00,-2.135737e+00,-1.700463e-02,1.688321e+00,8.176727e-01,-3.272693e+00,-3.891960e+00,-3.368966e+00,-2.533950e+00,4.257330e-01,5.439771e-01,7.121879e-01,1.029171e+00,1.496479e+00,1.883805e+00,2.325752e+00,2.730042e+00,2.006814e+02,8.651006e-01,1.734529e-02,-5.630949e-01,-2.496065e-01,5.889364e-01,5.602398e-01,-1.753283e+00,-3.870161e-02,-1.920172e-01,2.612671e+00,-6.000672e-02,-1.774613e+00,1.631175e+00,9.286615e-01,-6.179449e-01,4.877085e-01,-1.827171e+00,-9.030446e-02,-4.223457e-02,-6.770130e-02,-9.005959e-02,-3.075798e-01,-5.296617e-02,1.695297e-02,-6.395555e-03,-4.691037e-03,-3.275591e-03,-6.879502e-03,-8.901477e-03,7.479644e-03,-3.123021e-03,-5.035090e-03,-1.574516e-03,-5.231308e-01,-1.461649e-03,1.991727e+02,5.262672e-03,4.764970e-03,3.394735e-02,-5.740021e-01,9.679318e-04,1.101693e-03,-2.517174e-03
100,1.000000,5.202942e-01,-2.353651e+01,6.278970e+00,-1.809862e+00,-5.064407e+01,-3.434604e+01,-2.981745e+00,1.052881e+01,-1.009436e+01,-2.338679e+01,-1.021935e+01,-6.728512e+00,1.450223e+00,-5.779547e+00,1.275709e+00,-8.092467e+00,-2.164647e+00,-8.064286e-02,1.570352e+00,6.958684e-01,-3.725018e+00,-4.018162e+00,-3.308003e+00,-2.461964e+00,4.083509e-01,5.405257e-01,6.941568e-01,1.009894e+00,1.494755e+00,1.867524e+00,2.315721e+00,2.725892e+00,2.001639e+02,8.621827e-01,-8.499047e-03,-4.630226e-01,-2.595288e-01,1.474593e+00,1.022094e+00,-1.375251e+00,6.994778e-01,3.933779e-01,1.994237e+00,7.531443e-01,-2.724832e+00,1.425694e+00,2.222644e+00,-1.888412e+00,4.902777e-01,-2.322756e+00,-7.138546e-02,-6.756489e-02,-1.020809e-01,-8.834516e-02,-3.415764e-01,-1.005950e-01,1.158639e-01,3.255675e-02,-1.489996e-02,-5.499506e-03,-1.721312e-02,-3.198395e-02,-1.104988e-02,-2.747344e-02,-2.206187e-02,-7.245612e-03,-5.456650e-01,-1.132935e-03,1.986113e+02,6.281633e-03,6.104758e-03,3.281376e-02,-6.132675e-01,2.160417e-04,7.785415e-04,2.937472e-03
101,1.010000,4.769937e-01,-2.387373e+01,6.509099e+00,6.964338e-01,-4.877031e+01,-3.537518e+01,-1.030761e-01,1.114054e+01,-7.845132e+00,-2.123608e+01,-1.280653e+01,-5.805842e+00,5.915408e+00,-8.708959e+00,1.830479e+00,-1.028519e+01,-2.194548e+00,-1.519483e-01,1.450784e+00,6.176713e-01,-4.100824e+00,-4.225052e+00,-3.079645e+00,-2.354239e+00,3.846766e-01,5.329111e-01,6.684503e-01,9.600897e-01,1.458031e+00,1.837523e+00,2.289606e+00,2.715662e+00,1.995931e+02,8.636479e-01,-4.301427e-02,-3.161066e-01,-3.586298e-01,1.384509e+00,1.278379e+00,-4.757183e-01,6.428915e-01,1.273268e+00,1.078860e+00,1.257179e+00,-2.180844e+00,2.258744e-01,2.049843e+00,-2.180084e+00,3.089589e-01,-2.463600e+00,-9.002466e-02,-9.437537e-02,-1.141418e-01,-8.410811e-02,-2.617097e-01,-5.708342e-02,1.584406e-01,3.647981e-02,-1.242852e-02,-4.624409e-03,-1.670769e-02,-3.044316e-02,-1.381125e-02,-3.520131e-02,-2.453411e-02,-8.292628e-03,-5.704864e-01,-5.908132e-04,1.978808e+02,5.701490e-03,6.147484e-03,4.188387e-02,-6.449600e-01,2.939090e-04,4.850846e-04,1.118745e-02
102,1.020000,3.596095e-01,-2.389536e+01,5.856300e+00,1.850096e+00,-4.672995e+01,-3.547885e+01,-1.495444e-01,1.390553e+01,-8.471761e+00,-1.839575e+01,-1.607605e+01,-5.883486e+00,8.490295e+00,-1.079863e+01,2.149956e+00,-1.428479e+01,-2.298469e+00,-2.625062e-01,1.327722e+00,5.617776e-01,-4.283593e+00,-4.161174e+00,-2.769423e+00,-2.354634e+00,3.675919e-01,5.260175e-01,6.465643e-01,9.018361e-01,1.436594e+00,1.758269e+00,2.232607e+00,2.699448e+00,1.990001e+02,8.631909e-01,-2.541112e-02,-2.265484e-01,-4.716840e-01,7.834832e-01,1.121636e+00,4.163139e-01,6.052253e-02,2.035564e+00,7.668108e-01,9.417152e-01,-3.846224e-01,-7.650184e-03,4.247577e-01,-1.316405e+00,3.874184e-01,-1.927550e+00,-1.255178e-01,-1.039257e-01,-1.045470e-01,-8.411013e-02,-1.392295e-01,3.183098e-02,8.146751e-02,2.848649e-03,-2.489299e-04,-9.336352e-04,-7.598781e-03,-6.300473e-03,-1.145720e-04,-2.475669e-02,-1.318264e-02,-4.504895e-03,-5.775574e-01,-9.228230e-04,1.972211e+02,4.202240e-03,6.505903e-03,6.014634e-02,-5.987762e-01,3.606153e-04,6.839141e-04,1.036667e-02
103,1.030000,3.585911e-01,-2.435344e+01,5.165521e+00,1.420635e+00,-4.682515e+01,-3.410765e+01,-1.194377e+00,1.606039e+01,-7.846088e+00,-1.860059e+01,-1.470677e+01,-6.913615e+00,6.300129e+00,-1.227717e+01,2.744592e+00,-1.516876e+01,-2.518949e+00,-3.979498e-01,1.238928e+00,4.641776e-01,-4.301954e+00,-4.105871e+00,-2.846053e+00,-2.405216e+00,3.839699e-01,5.281091e-01,6.524457e-01,9.309845e-01,1.456504e+00,1.762426e+00,2.244638e+00,2.701801e+00,1.984108e+02,8.616424e-01,4.439534e-02,-2.124092e-01,-4.667052e-01,4.816762e-01,3.893196e-01,1.058516e+00,-7.314382e-01,2.204808e+00,8.017846e-01,-4.057779e-01,1.310318e+00,1.940413e-01,-1.589069e+00,-1.879940e-02,6.433678e-03,-4.385120e-01,-1.215628e-01,-8.970355e-02,-7.856043e-02,-8.438688e-02,-7.098226e-02,7.291701e-02,-8.108404e-02,-1.862774e-02,9.975791e-03,6.169200e-04,-5.461574e-04,6.388468e-03,6.163978e-03,-1.359531e-02,-2.678623e-02,-2.822204e-02,-5.530044e-01,-1.564932e-03,1.966430e+02,7.771913e-03,6.989820e-03,7.621831e-02,-4.793426e-01,6.082680e-04,6.132133e-04,5.973120e-03
104,1.040000,4.524399e-01,-2.442939e+01,4.592340e+00,1.745453e+00,-4.600847e+01,-3.289823e+01,-2.133482e+00,1.824671e+01,-6.259825e+00,-1.999596e+01,-1.119234e+01,-6.212877e+00,3.381651e+00,-1.057746e+01,2.755744e+00,-1.528843e+01,-2.630036e+00,-4.772705e-01,1.153545e+00,3.520646e-01,-4.320601e+00,-3.918598e+00,-3.017461e+00,-2.422232e+00,4.074596e-01,5.382585e-01,6.641652e-01,9.929442e-01,1.494946e+00,1.781289e+00,2.272291e+00,2.710298e+00,1.978672e+02,8.585714e-01,7.530288e-02,-2.421715e-01,-1.570172e-01,4.128770e-01,-3.106060e-01,8.336744e-01,-8.369560e-01,1.795783e+00,5.207670e-01,-9.422720e-01,1.862115e+00,7.726082e-01,-2.233152e+00,3.620211e-01,1.324053e-01,8.819067e-01,-7.434244e-02,-4.084787e-02,-3.547524e-02,-6.844966e-02,-4.874072e-02,2.990787e-02,-1.719420e-01,-4.196949e-02,1.128615e-02,-1.957548e-03,-1.947248e-03,-8.199209e-03,4.792631e-03,-7.658720e-03,-3.449950e-02,-4.107714e-02,-4.916596e-01,-1.421154e-03,1.962363e+02,7.049498e-03,9.103159e-03,6.747990e-02,-3.076416e-01,-1.782132e-04,1.296749e-04,-2.426892e-03
105,1.050000,6.525552e-01,-2.466876e+01,4.807554e+00,3.157136e+00,-4.718445e+01,-3.137291e+01,-2.768298e+00,1.999399e+01,-4.942177e+00,-2.246487e+01,-8.696795e+00,-4.670940e+00,5.243850e-01,-8.913541e+00,1.559753e+00,-1.197593e+01,-2.636579e+00,-4.930839e-01,1.145070e+00,3.005934e-01,-4.437232e+00,-3.981755e+00,-3.361046e+00,-2.413578e+00,4.146217e-01,5.298752e-01,6.569191e-01,9.464779e-01,1.459675e+00,1.758037e+00,2.135833e+00,2.569127e+00,1.973945e+02,8.581331e-01,7.054451e-02,-2.357071e-01,2.131131e-01,2.216171e-01,-6.912121e-01,4.564068e-01,-6.099043e-01,1.242288e+00,3.721457e-02,-5.625866e-01,1.112566e+00,1.225167e+00,-1.111569e+00,-5.863867e-01,5.135447e-01,9.802648e-01,-3.106947e-02,9.087292e-03,8.696914e-04,-1.973177e-02,-3.985934e-02,-3.436410e-02,-1.624652e-01,-6.931295e-02,2.287698e-03,-1.039779e-02,-9.721279e-03,-5.470899e-02,-2.055201e-02,-3.082715e-02,-8.408916e-02,-7.779460e-02,-3.987244e-01,-6.658494e-04,1.959765e+02,7.319201e-03,7.914922e-03,6.808269e-02,-1.199097e-01,-1.014923e-03,-9.690404e-04,-7.761134e-03
106,1.060000,5.891418e-01,-2.494856e+01,5.250198e+00,3.046231e+00,-4.810333e+01,-3.267785e+01,-3.547364e+00,2.091764e+01,-7.319881e+00,-2.117497e+01,-9.770464e+00,-3.141783e+00,2.124053e-01,-1.067034e+01,3.404402e+00,-1.147167e+01,-2.611367e+00,-4.191785e-01,1.197274e+00,3.013214e-01,-4.459658e+00,-4.073693e+00,-3.371636e+00,-2.560300e+00,4.086968e-01,5.153467e-01,6.345914e-01,8.530933e-01,1.458972e+00,1.722170e+00,2.114512e+00,2.560399e+00,1.970500e+02,8.578398e-01,4.126906e-02,-3.226101e-01,5.399922e-01,-2.600667e-01,-8.648060e-01,-5.336380e-02,2.881661e-01,1.455807e-01,-5.825751e-01,1.304966e-01,3.552465e-01,8.708916e-01,1.095482e-01,-1.988390e+00,5.283633e-01,3.470470e-01,-2.234826e-02,3.161222e-02,1.086078e-02,2.667699e-02,-1.006827e-02,-1.081389e-01,-9.655692e-02,-9.483387e-02,-3.832424e-03,-1.540801e-02,-1.160335e-02,-7.665800e-02,-3.238529e-02,-4.180451e-02,-9.226102e-02,-5.896089e-02,-3.081482e-01,-3.036678e-04,1.960162e+02,3.537530e-03,6.691726e-03,5.207969e-02,-3.641052e-02,-9.276185e-04,-1.519811e-03,-7.441902e-03
107,1.070000,6.429627e-01,-2.527239e+01,5.902157e+00,1.878332e+00,-4.923378e+01,-3.193581e+01,-3.536957e+00,2.093636e+01,-7.129987e+00,-2.082401e+01,-9.854882e+00,-2.323329e+00,2.326906e+00,-1.516267e+01,4.987987e+00,-1.217581e+01,-2.683631e+00,-3.815594e-01,1.221412e+00,3.908904e-01,-4.431723e+00,-4.200144e+00,-3.481292e+00,-2.682747e+00,3.947898e-01,4.875761e-01,6.186262e-01,7.273650e-01,1.371730e+00,1.637849e+00,1.903082e+00,2.387778e+00,1.968259e+02,8.586789e-01,1.011159e-02,-1.874659e-01,5.233691e-01,-4.508557e-01,-3.750069e-01,-9.073067e-02,1.824933e+00,-1.026659e+00,-4.783757e-01,9.778076e-01,2.092715e-01,2.643353e-01,9.749745e-01,-2.282466e+00,5.874109e-02,-8.428510e-01,-2.570443e-02,1.991764e-02,-8.784508e-03,5.387925e-02,5.265384e-02,-1.174645e-01,2.459803e-02,-4.470978e-02,-4.627800e-03,-1.340196e-02,-5.510652e-03,-6.485975e-02,-3.019338e-02,-3.711050e-02,-7.099599e-02,-1.861014e-02,-2.695908e-01,-5.483449e-04,1.961535e+02,4.453283e-03,3.350335e-03,4.511275e-02,-1.539215e-01,-6.886233e-04,-1.290550e-03,-7.597516e-03
108,1.080000,6.635814e-01,-2.574062e+01,6.744999e+00,1.084522e+00,-4.930783e+01,-3.288360e+01,-3.083217e-01,1.850343e+01,-8.078795e+00,-2.016390e+01,-8.837066e+00,-3.032224e+00,3.028131e+00,-1.739485e+01,3.683444e+00,-1.345325e+01,-2.718251e+00,-3.749716e-01,1.169678e+00,4.403011e-01,-4.373697e+00,-4.350098e+00,-3.440123e+00,-2.761817e+00,3.982135e-01,4.823680e-01,6.252949e-01,7.192107e-01,1.376992e+00,1.632360e+00,1.927362e+00,2.506168e+00,1.966108e+02,8.567801e-01,-1.665248e-02,-1.794491e-02,2.864483e-01,1.290900e-01,-2.133930e-01,1.518150e-01,2.849957e+00,-1.581503e+00,4.750802e-01,5.737915e-01,8.070765e-01,1.805960e-01,1.096922e+00,-1.277479e+00,-7.659232e-01,-3.950337e-01,-1.997232e-02,-1.546913e-03,-2.542898e-02,5.421559e-02,5.632801e-02,-1.159366e-01,6.330767e-02,6.011002e-02,-1.731536e-03,-7.648253e-03,1.975018e-03,-3.622575e-02,-2.154545e-02,-2.454999e-02,-4.372734e-02,2.815998e-02,-3.217621e-01,-9.207845e-04,1.959658e+02,3.844364e-03,3.786398e-03,4.175536e-02,-4.782532e-01,-1.414407e-04,-8.754854e-04,-2.494781e-03
109,1.090000,6.658933e-01,-2.521005e+01,6.676999e+00,1.883712e+00,-4.845723e+01,-3.172369e+01,4.736848e+00,1.606780e+01,-6.954599e+00,-1.808137e+01,-8.117137e+00,-3.404042e+00,3.991394e+00,-1.696362e+01,1.713938e+00,-1.519940e+01,-2.711659e+00,-4.155991e-01,1.114945e+00,5.004998e-01,-4.216943e+00,-4.430875e+00,-3.203812e+00,-2.536368e+00,3.967243e-01,4.793548e-01,6.340141e-01,6.891205e-01,1.349698e+00,1.617389e+00,1.874428e+00,2.503192e+00,1.962662e+02,8.559212e-01,-7.699402e-02,1.449713e-01,-1.759201e-01,8.240196e-01,-2.047806e-02,-2.432892e-01,2.369815e+00,-1.106740e+00,1.184139e+00,-1.980805e-01,8.247951e-01,3.662225e-01,7.657881e-01,-1.505550e-01,-1.157539e+00,2.247467e-01,-6.494355e-03,-5.697197e-03,-2.345560e-02,2.282305e-02,4.852772e-03,-6.144323e-02,9.101949e-02,1.468688e-01,1.425779e-03,2.519369e-04,4.665279e-03,-7.131493e-03,7.079327e-03,-1.153815e-03,2.914593e-02,7.080173e-02,-4.691955e-01,-9.379208e-04,1.952321e+02,3.722667e-03,2.914837e-03,3.525727e-02,-9.114868e-01,-9.944807e-05,-2.258792e-04,-3.624704e-04
110,1.100000,4.944141e-01,-2.506945e+01,6.295019e+00,3.688991e+00,-4.955857e+01,-3.202483e+01,6.565518e+00,1.544441e+01,-5.032175e+00,-1.967734e+01,-6.603954e+00,-1.698446e+00,4.864771e+00,-1.615726e+01,1.211810e+00,-1.193505e+01,-2.697214e+00,-4.098932e-01,1.123363e+00,5.175946e-01,-4.285408e+00,-4.538010e+00,-3.193837e+00,-2.332939e+00,3.990718e-01,4.812161e-01,6.367726e-01,6.910868e-01,1.362261e+00,1.609650e+00,1.910202e+00,2.643492e+00,1.957210e+02,8.546147e-01,-1.032523e-01,1.212187e-01,-5.363519e-01,1.040424e+00,-2.796936e-02,-2.816248e-01,9.358632e-02,3.811010e-01,2.211717e+00,-1.333804e+00,3.154198e-01,7.315004e-01,7.182641e-01,8.799400e-01,-1.363694e+00,1.076023e+00,-1.888332e-02,-8.198840e-03,-9.759617e-03,-1.027809e-02,-9.332957e-02,1.918998e-02,-2.247262e-03,1.413990e-01,1.276302e-03,2.245188e-03,1.764303e-03,-1.009113e-03,1.787151e-02,6.851673e-04,2.856319e-02,4.898749e-02,-6.763977e-01,-1.954281e-03,1.940856e+02,3.195634e-03,2.532049e-03,4.453352e-02,-1.297995e+00,1.228741e-04,-2.004449e-04,2.987318e-04
111,1.110000,3.425763e-01,-2.488312e+01,5.247547e+00,4.696196e+00,-4.921080e+01,-3.358164e+01,4.875197e+00,1.693217e+01,-2.732600e+00,-2.205770e+01,-6.847462e+00,-1.159106e+00,5.237526e+00,-1.653423e+01,4.361092e-01,-1.181118e+01,-2.726621e+00,-3.925846e-01,1.127292e+00,4.663588e-01,-4.451603e+00,-4.413404e+00,-3.149337e+00,-2.162842e+00,4.014895e-01,4.894117e-01,6.362138e-01,7.057695e-01,1.414492e+00,1.643435e+00,2.057391e+00,2.673124e+00,1.949248e+02,8.550720e-01,-1.052147e-01,-1.313644e-01,-5.567306e-01,6.893194e-01,-3.937302e-02,-5.238884e-01,-1.809740e+00,1.326295e+00,1.673786e+00,-1.088350e+00,-2.824640e-01,1.228731e-01,1.810041e-02,1.839834e+00,-1.939437e+00,1.366384e+00,-4.009707e-02,-9.230867e-03,-1.184559e-02,-5.971999e-02,-1.449943e-01,4.804897e-02,-9.510064e-02,3.632617e-02,2.358162e-03,4.738760e-03,-1.121235e-03,1.101542e-02,3.389574e-02,1.608468e-02,5.975800e-02,4.003248e-02,-8.308868e-01,-8.833611e-03,1.925362e+02,4.280407e-03,2.848114e-03,4.191132e-02,-1.294360e+00,3.096716e-04,4.534661e-04,5.586687e-04
112,1.120000,3.089784e-01,-2.529799e+01,4.777965e+00,4.880398e+00,-4.907090e+01,-3.336275e+01,9.043535e-02,1.997675e+01,8.687885e-01,-2.484476e+01,-7.894804e+00,-4.971910e-01,5.996386e+00,-1.320984e+01,-2.496111e+00,-9.767250e+00,-2.805187e+00,-4.274731e-01,1.114707e+00,4.059812e-01,-4.723014e+00,-4.262884e+00,-3.478597e+00,-2.241585e+00,4.022124e-01,4.885655e-01,6.330165e-01,7.058406e-01,1.433952e+00,1.622763e+00,1.978696e+00,2.666139e+00,1.938995e+02,8.474333e-01,-6.769000e-02,-2.473667e-01,-4.428267e-01,3.779602e-02,-5.199432e-04,3.392876e-01,-2.424441e+00,1.535065e+00,6.186230e-01,7.274736e-01,-2.451129e-01,-1.063614e+00,-5.140336e-01,2.295260e+00,-1.765101e+00,5.667208e-01,-7.632647e-02,-2.267189e-02,-2.818108e-02,-8.736899e-02,-7.874002e-02,4.405928e-02,-1.273798e-01,-5.096774e-02,2.398896e-03,3.928632e-03,-2.896172e-03,1.095037e-02,2.015341e-02,1.491293e-02,2.384579e-02,2.610374e-03,-2.397008e+00,-1.957708e-02,1.908238e+02,4.179865e-03,2.817535e-03,3.992200e-02,-7.095372e+00,2.704641e-04,9.300376e-04,-1.114508e-03
113,1.130000,2.325377e-01,-2.575260e+01,4.651873e+00,4.734606e+00,-4.889793e+01,-3.367417e+01,-1.074311e+00,2.043311e+01,-1.536150e+00,-2.093941e+01,-8.884032e+00,-3.390305e+00,3.516089e+00,-9.238160e+00,-6.129286e+00,-9.451379e+00,-2.858158e+00,-4.529635e-01,1.060045e+00,2.577066e-01,-4.723111e+00,-4.328194e+00,-3.536936e+00,-2.400414e+00,4.069449e-01,4.993739e-01,6.302859e-01,7.368207e-01,1.483331e+00,1.691257e+00,2.138971e+00,2.692031e+00,1.930225e+02,8.153439e-01,-3.326594e-02,-3.345608e-01,-3.595993e-01,-5.950441e-01,-4.003975e-01,1.695822e+00,-1.594644e+00,4.851614e-01,-5.975343e-01,2.173499e+00,1.116637e+00,-1.223080e+00,-6.961934e-01,1.981821e+00,-6.976379e-01,3.678963e-01,-1.308168e-01,-5.973238e-02,-7.755043e-02,-9.129719e-02,5.654883e-02,-2.151093e-02,-1.456013e-01,-8.654704e-02,2.722251e-03,3.450704e-03,-9.684086e-04,1.129269e-02,-6.050539e-03,1.341924e-02,8.900809e-03,-5.787992e-03,-4.552124e+00,-3.345919e-02,1.903912e+02,4.778910e-03,5.039424e-03,4.035638e-02,-2.228119e+01,-1.777587e-04,8.691552e-04,-2.778998e-03
114,1.140000,2.109833e-01,-2.587155e+01,4.378722e+00,3.858766e+00,-4.971760e+01,-3.028213e+01,-2.581934e+00,2.136926e+01,-2.537285e+00,-1.659912e+01,-6.811234e+00,-5.900919e+00,3.155322e+00,-8.329000e+00,-4.330999e+00,-1.028135e+01,-3.013078e+00,-4.930632e-01,1.016080e+00,1.850758e-01,-4.543354e+00,-4.360319e+00,-3.636937e+00,-2.468992e+00,4.083386e-01,4.958782e-01,6.252556e-01,7.303131e-01,1.428609e+00,1.660304e+00,1.988641e+00,2.647091e+00,1.846871e+02,7.765934e-01,-9.400474e-03,-4.716625e-01,-6.178727e-01,-1.030325e+00,2.399609e-01,2.542308e+00,-4.329069e-01,-5.185526e-01,-8.159121e-01,1.960526e+00,3.173533e+00,-8.899755e-01,-2.805264e-01,1.283993e+00,1.154815e+00,-6.465855e-01,-2.135676e-01,-1.523438e-01,-1.916583e-01,-1.340028e-01,1.302934e-01,4.987717e-03,-9.869578e-02,-5.105465e-02,2.006897e-03,4.605487e-03,3.591645e-03,1.387838e-02,-1.268641e-02,5.883670e-03,6.136107e-03,-7.908965e-03,-6.613997e+00,-4.284536e-02,1.596812e+02,4.298703e-03,6.086582e-03,3.973845e-02,-4.095889e+01,-6.474250e-04,4.442390e-05,-6.398418e-03
115,1.150000,2.252441e-01,-2.626915e+01,3.649172e+00,2.231791e+00,-5.088943e+01,-2.664284e+01,-1.761840e+00,1.866172e+01,-4.017235e+00,-1.531303e+01,-1.806065e+00,-4.572643e+00,3.177091e+00,-9.065551e+00,-2.134636e+00,-9.714652e+00,-3.276759e+00,-6.584514e-01,7.888528e-01,1.203255e-01,-4.258689e+00,-4.472241e+00,-3.798173e+00,-2.481874e+00,4.120376e-01,5.030089e-01,6.352522e-01,7.499967e-01,1.386912e+00,1.691761e+00,2.096923e+00,2.653709e+00,1.767704e+02,7.231960e-01,1.501756e-02,-1.240529e+00,-1.461329e+00,-1.041671e+00,2.476547e+00,2.663278e+00,7.846168e-01,-1.011802e+00,6.057504e-01,9.896717e-01,4.763471e+00,9.799061e-01,6.456918e-01,8.222704e-01,2.697582e+00,-4.409984e-01,-4.070668e-01,-4.014986e-01,-4.628498e-01,-3.455438e-01,1.836305e-02,4.675484e-02,-6.726108e-02,-4.654736e-02,-8.337706e-04,6.970963e-03,1.174785e-02,3.112749e-02,2.450979e-03,-3.584576e-03,5.552876e-03,-1.724577e-03,-6.386527e+00,-4.528121e-02,9.670150e+01,3.332195e-03,5.559367e-03,2.810810e-02,-5.075895e+01,-1.219043e-03,-1.338575e-03,-1.063972e-02
116,1.160000,2.656229e-01,-2.739803e+01,2.189952e+00,9.801785e-01,-4.687534e+01,-2.416688e+01,-1.730335e+00,1.826968e+01,-1.970229e+00,-1.785532e+01,4.433877e+00,-4.355900e+00,4.763252e+00,-6.876184e+00,1.280640e+00,-1.286854e+01,-3.663724e+00,-1.086448e+00,2.920117e-01,-1.953425e-01,-4.303758e+00,-4.165921e+00,-3.841457e+00,-2.456129e+00,4.097005e-01,5.097754e-01,6.484916e-01,7.686445e-01,1.418730e+00,1.651929e+00,2.030401e+00,2.645756e+00,1.689556e+02,6.792805e-01,1.857717e-02,-2.158404e+00,-2.488863e+00,-5.873313e-01,5.100541e+00,1.564298e+00,2.202765e+00,-8.854548e-01,2.268077e+00,5.918401e-01,3.993324e+00,1.018805e+00,1.780517e-01,5.109222e-01,2.641404e+00,-5.710743e-01,-5.712562e-01,-6.486372e-01,-7.098542e-01,-6.150550e-01,-1.802321e-01,6.069560e-02,1.547284e-02,-5.317445e-02,-6.691477e-03,8.244109e-03,1.765516e-02,5.821646e-02,2.807549e-02,-6.092286e-03,3.066540e-04,-1.050222e-02,-3.927785e+00,-3.790277e-02,3.287422e+01,1.666097e-03,2.779683e-03,1.405405e-02,-4.160639e+01,-1.192960e-03,-1.773253e-03,-1.075850e-02
117,1.170000,2.803058e-01,-3.119201e+01,-1.560388e+00,9.655460e-01,-3.793633e+01,-2.341541e+01,2.422973e+00,1.692389e+01,1.209074e+00,-1.536295e+01,9.310764e+00,7.367163e-01,5.940582e+00,-5.853217e+00,4.552804e+00,-1.036277e+01,-4.568169e+00,-2.163764e+00,-8.921695e-01,-1.279803e+00,-4.751093e+00,-4.191618e+00,-3.770981e+00,-2.639583e+00,4.020951e-01,5.272801e-01,6.774072e-01,8.732924e-01,1.500525e+00,1.677521e+00,2.145856e+00,2.684075e+00,1.689556e+02,6.375943e-01,3.314805e-03,-2.672051e+00,-3.293718e+00,-1.459367e-01,6.326551e+00,5.197700e-01,2.313237e+00,-1.879313e-01,3.428989e+00,9.844021e-01,1.624107e+00,3.023626e-01,-2.336569e-01,-5.283742e-01,1.992816e+00,-8.126020e-01,-6.685500e-01,-7.739453e-01,-8.087902e-01,-7.866299e-01,-3.213460e-01,4.863076e-02,9.342048e-02,-6.520538e-02,-1.091745e-02,6.130099e-03,1.477163e-02,6.593283e-02,2.427963e-02,-1.474854e-02,-6.065232e-02,-5.795562e-02,-1.562955e+00,-2.180021e-02,0,0,0,0,-2.262772e+01,-8.330487e-04,-1.389842e-03,-7.027024e-03
118,1.180000,2.763383e-01,-3.420214e+01,-5.460814e+00,1.555232e+00,-3.069145e+01,-2.407435e+01,6.339482e+00,1.781090e+01,6.189949e+00,-1.361496e+01,7.596973e+00,-3.461576e+00,2.663835e+00,-7.380557e+00,5.532302e+00,-1.281266e+01,-5.223654e+00,-2.983593e+00,-1.692680e+00,-2.190135e+00,-5.198313e+00,-4.197153e+00,-3.573169e+00,-2.656010e+00,3.798525e-01,5.249631e-01,6.924539e-01,9.597475e-01,1.512179e+00,1.636962e+00,1.965708e+00,2.579396e+00,1.689556e+02,6.298804e-01,-1.666944e-02,-2.190699e+00,-2.851115e+00,7.106303e-02,4.863311e+00,2.962456e-02,1.322731e+00,-3.775564e-01,2.584966e+00,8.505789e-01,-1.481810e+00,-8.772338e-01,-2.765599e-01,-7.140221e-01,6.807536e-01,-8.969970e-01,-5.066918e-01,-6.238061e-01,-6.301840e-01,-6.498532e-01,-2.658955e-01,-1.128387e-02,9.389468e-02,-6.914022e-02,-1.441263e-02,3.749591e-03,3.936255e-03,4.800125e-02,-6.767249e-03,-1.275294e-02,-1.040309e-01,-9.357975e-02,0,-5.973816e-03,0,0,0,0,-6.574843e+00,-3.332195e-04,-5.559367e-04,-2.810810e-03
119,1.190000,2.364604e-01,-3.622736e+01,-8.994038e+00,1.214581e+00,-2.734862e+01,-2.409025e+01,5.769434e+00,1.795145e+01,9.047618e+00,-1.251120e+01,4.732919e+00,-3.507992e+00,3.058516e+00,-1.145524e+01,5.703611e+00,-1.380560e+01,-5.839544e+00,-3.579605e+00,-2.262752e+00,-2.815428e+00,-5.418142e+00,-4.213472e+00,-3.465215e+00,-2.707960e+00,3.723744e-01,5.260655e-01,6.871292e-01,9.841094e-01,1.461585e+00,1.625501e+00,1.826008e+00,2.397110e+00,1.689556e+02,6.388950e-01,-1.631954e-02,-1.032019e+00,-1.664951e+00,-1.331814e-01,3.119438e+00,-2.820188e-01,-7.756066e-01,-1.463151e+00,7.995812e-01,-3.015292e-01,-2.889205e+00,-1.790960e+00,4.756718e-02,6.114897e-01,-3.689351e-02,-1.273814e+00,-2.024374e-01,-3.365400e-01,-3.461228e-01,-3.775154e-01,-8.250599e-02,5.426488e-02,8.833587e-02,-2.490771e-02,-1.608910e-02,1.757878e-03,-1.156778e-02,1.374930e-02,-2.517793e-02,-1.299355e-02,-1.154870e-01,-9.485686e-02,0,2.354640e-03,0,0,0,0,0,0,0,0
120,1.200000,2.041983e-01,-3.583385e+01,-8.348796e+00,1.210976e+00,-2.785264e+01,-2.368134e+01,3.210089e+00,1.586812e+01,7.035331e+00,-1.502830e+01,-6.862492e-01,-6.619715e+00,4.821486e+00,-7.645285e+00,4.109005e+00,-1.563211e+01,-5.561495e+00,-3.497558e+00,-2.173617e+00,-2.676796e+00,-5.299711e+00,-4.211414e+00,-3.524867e+00,-2.767641e+00,3.524977e-01,5.291306e-01,6.633119e-01,9.532423e-01,1.404364e+00,1.614174e+00,1.670170e+00,2.321339e+00,1.689556e+02,6.487610e-01,2.647176e-03,-3.345615e-01,-8.160356e-01,-5.078088e-01,2.210447e+00,-1.347185e-01,-1.850702e+00,-3.328951e+00,-1.032998e+00,-6.862144e-02,-1.457026e+00,-6.508355e-01,8.477196e-01,2.378066e+00,3.176567e-01,-6.941349e-01,-3.823648e-02,-1.636794e-01,-2.384751e-01,-2.306339e-01,8.496771e-02,8.969810e-02,7.131650e-02,-7.326650e-03,-1.517234e-02,1.740104e-03,-9.470242e-03,1.193714e-03,-2.526912e-02,-3.024185e-03,-6.209002e-02,-5.858877e-02,0,2.867275e-03,0,0,0,0,0,0,0,0
121,1.210000,2.347781e-01,-3.553624e+01,-8.441154e+00,4.717667e-01,-2.375854e+01,-2.502201e+01,1.096365e-01,1.057953e+01,4.784288e+00,-1.616392e+01,-9.936476e-01,-6.639012e+00,5.099593e+00,-2.663404e+00,5.079986e+00,-1.532212e+01,-5.411436e+00,-3.589482e+00,-2.382315e+00,-2.924050e+00,-5.112924e+00,-3.913163e+00,-3.353453e+00,-2.708306e+00,3.353270e-01,5.339857e-01,6.341393e-01,9.452915e-01,1.428543e+00,1.623948e+00,1.716190e+00,2.338820e+00,1.689556e+02,6.399271e-01,4.618080e-03,-2.272671e-01,-7.931499e-01,-8.601476e-01,2.037720e+00,-3.098515e-01,-2.038986e+00,-3.765118e+00,-3.849226e-01,1.808643e+00,1.314869e+00,-7.985792e-02,7.742615e-01,2.002819e+00,1.622134e-01,-4.595972e-01,-1.096551e-01,-6.772199e-02,-2.191323e-01,-2.583173e-01,1.494462e-01,1.020866e-01,7.643533e-02,2.035513e-02,-1.082862e-02,-5.128777e-03,4.013049e-03,1.537425e-02,-7.831752e-03,-1.396620e-03,3.756678e-03,-4.386759e-03,0,1.271373e-03,0,0,0,0,0,0,0,0
122,1.220000,2.904154e-01,-3.622050e+01,-9.817433e+00,-6.124055e-01,-2.143426e+01,-2.428207e+01,-8.413086e-02,4.852110e+00,3.156624e+00,-1.213170e+01,3.175124e+00,-5.150244e+00,5.881895e+00,1.138581e-01,7.432398e+00,-1.552508e+01,-5.628891e+00,-3.797052e+00,-2.825274e+00,-3.288993e+00,-4.926083e+00,-3.898816e+00,-3.272467e+00,-2.692471e+00,3.225145e-01,5.297036e-01,6.715977e-01,9.851250e-01,1.402354e+00,1.622618e+00,1.710167e+00,2.315598e+00,1.689556e+02,6.437007e-01,-1.541301e-02,-7.557762e-01,-1.532482e+00,-8.694552e-01,1.237449e+00,-5.637158e-01,-1.965406e+00,-3.153185e+00,1.887899e+00,4.368335e+00,3.184850e+00,1.298554e+00,1.773363e+00,-6.136015e-01,4.313793e-01,2.063990e-01,-3.815847e-01,-8.935396e-02,-2.721221e-01,-3.948223e-01,8.355699e-02,-1.075244e-02,5.885086e-02,2.624025e-02,2.078822e-03,-9.139860e-03,2.722387e-02,3.806256e-02,-8.680821e-05,-4.116988e-03,5.534087e-02,3.333633e-02,0,1.569933e-03,0,0,0,0,0,0,0,0
123,1.230000,2.164423e-01,-3.717037e+01,-1.222547e+01,-2.174466e+00,-2.036922e+01,-2.533914e+01,-2.778384e+00,4.633861e+00,9.062359e+00,-4.916281e+00,9.376578e+00,-4.642017e+00,6.399619e+00,-5.320711e+00,4.852981e+00,-1.615711e+01,-6.354122e+00,-3.768468e+00,-3.032585e+00,-3.800916e+00,-4.857725e+00,-3.859338e+00,-3.209238e+00,-2.643770e+00,3.332229e-01,5.001352e-01,7.030516e-01,1.045039e+00,1.423431e+00,1.614296e+00,1.824793e+00,2.378047e+00,1.689556e+02,6.477820e-01,-4.526667e-02,-9.445068e-01,-1.582703e+00,-2.541482e-01,-3.473858e-01,-7.598513e-01,-2.349963e+00,-1.932722e+00,3.996265e+00,5.010550e+00,2.311211e+00,5.323695e-01,2.729132e+00,-2.505197e+00,4.071278e-01,1.413528e+00,-4.478908e-01,-4.032328e-02,-1.592099e-01,-3.990441e-01,-1.144743e-02,-1.620789e-01,-1.772938e-02,3.254049e-02,1.542141e-02,-1.068690e-02,3.429497e-02,4.791829e-02,2.680183e-04,-1.042122e-02,5.658436e-02,7.084052e-02,0,7.010520e-04,0,0,0,0,0,0,0,0
124,1.240000,1.363012e-01,-3.879567e+01,-1.411905e+01,-1.813183e+00,-2.336006e+01,-2.634135e+01,-5.172931e+00,3.075027e+00,1.433579e+01,1.189556e+00,1.005289e+01,-1.125443e+00,1.303829e+01,-9.384639e+00,6.379404e+00,-1.418262e+01,-6.998075e+00,-3.854835e+00,-3.209092e+00,-4.212475e+00,-5.009526e+00,-4.292089e+00,-3.302720e+00,-2.668708e+00,3.639439e-01,5.003566e-01,7.649751e-01,1.093681e+00,1.406486e+00,1.598415e+00,1.892573e+00,2.468407e+00,1.689556e+02,6.526833e-01,-4.747935e-02,-7.771565e-01,-1.069071e+00,4.136431e-01,-1.210428e+00,-1.067324e+00,-2.349850e+00,-1.447052e+00,3.598621e+00,2.858258e+00,-2.017504e-01,-1.160739e+00,2.050024e+00,-2.032115e+00,6.793864e-01,1.974835e+00,-2.883139e-01,-4.092810e-02,-2.750862e-02,-3.003169e-01,-7.922926e-02,-2.052947e-01,-5.683613e-02,4.413025e-02,2.401886e-02,-4.654435e-03,2.353308e-02,3.750480e-02,1.039810e-02,-7.866025e-03,3.990525e-02,8.386569e-02,0,-3.068399e-03,0,0,0,0,0,0,0,0
125,1.250000,8.550185e-02,-3.897119e+01,-1.420386e+01,-1.985859e-01,-2.453257e+01,-2.779163e+01,-9.095778e+00,1.804459e+00,1.917603e+01,2.228204e+00,7.123524e+00,-5.989564e+00,1.516706e+01,-1.044014e+01,7.642122e+00,-8.925704e+00,-6.966297e+00,-3.762207e+00,-2.986456e+00,-4.457529e+00,-5.128440e+00,-4.526922e+00,-3.426973e+00,-2.557485e+00,3.917193e-01,4.952247e-01,7.589254e-01,1.130605e+00,1.427818e+00,1.583943e+00,1.907909e+00,2.616617e+00,1.689556e+02,6.389411e-01,-1.706363e-02,-4.009464e-01,-3.503128e-01,6.953384e-01,-5.011891e-01,-1.772705e-01,-1.079331e+00,-1.240331e+00,6.232138e-02,-2.811044e-01,-1.324177e+00,-2.131632e+00,7.880916e-02,-1.532564e-01,1.332073e+00,2.257938e+00,-1.463971e-02,-1.154272e-01,-3.156707e-02,-1.396017e-01,-8.098745e-02,-1.292629e-01,-5.459104e-02,1.929584e-02,2.083658e-02,6.592142e-03,1.276537e-02,2.054474e-02,1.383622e-02,-5.467653e-04,3.285802e-03,5.859289e-02,0,-6.690598e-03,0,0,0,0,0,0,0,0
126,1.260000,1.184888e-01,-3.920587e+01,-1.417359e+01,4.678700e-01,-2.540471e+01,-2.839245e+01,-8.674683e+00,-9.684508e-01,1.609289e+01,-1.412656e+00,3.292899e+00,-1.028016e+01,1.174829e+01,-7.487000e+00,9.434760e+00,-9.266603e+00,-6.764372e+00,-4.004823e+00,-2.985882e+00,-4.462271e+00,-5.186872e+00,-4.591498e+00,-3.447780e+00,-2.514962e+00,4.133606e-01,5.088866e-01,7.613261e-01,1.129866e+00,1.452151e+00,1.598465e+00,1.868135e+00,2.615641e+00,1.689556e+02,6.327791e-01,6.843504e-03,-9.790268e-02,-1.160020e-01,1.337228e-01,9.823738e-01,9.537943e-01,1.122066e-01,-4.133897e-02,-3.175294e+00,-2.769574e+00,-8.555931e-01,-2.165811e+00,-3.660038e+00,5.953878e-01,3.922206e-01,7.939740e-01,1.173606e-01,-1.925577e-01,-1.067821e-01,-1.481857e-02,-4.040070e-02,7.920861e-02,-1.408498e-02,-2.694263e-02,1.272636e-02,1.256432e-02,1.194814e-02,1.232228e-02,3.231869e-02,1.253022e-02,1.507528e-02,3.455229e-02,0,-4.204345e-03,0,0,0,0,0,0,0,0
127,1.270000,1.400303e-01,-3.897000e+01,-1.394976e+01,1.616995e-01,-2.185283e+01,-2.519995e+01,-6.424162e+00,4.539447e-01,8.495414e+00,-5.020697e+00,6.135687e+00,-1.072282e+01,7.438662e+00,-7.035812e+00,9.985669e+00,-7.325427e+00,-6.544172e+00,-4.270609e+00,-3.302026e+00,-4.374026e+00,-5.173989e+00,-4.355947e+00,-3.409663e+00,-2.624164e+00,4.126974e-01,5.288309e-01,7.687029e-01,1.129671e+00,1.469779e+00,1.611537e+00,1.853441e+00,2.597395e+00,1.689556e+02,6.242811e-01,7.369237e-03,-9.236908e-03,-2.744434e-01,-2.346168e-01,2.414742e+00,2.247762e+00,1.216941e+00,8.415186e-01,-4.859129e+00,-3.241537e+00,9.804486e-01,1.352701e-02,-4.613385e+00,8.484503e-01,2.773931e-01,-1.528904e-01,1.173334e-01,-2.543119e-01,-2.672854e-01,1.244941e-02,-8.526516e-03,2.153930e-01,3.489089e-02,-5.775189e-02,9.586364e-04,1.663327e-02,2.271048e-02,9.887683e-03,3.421645e-02,1.709726e-02,2.408602e-02,9.124875e-03,0,6.547570e-05,0,0,0,0,0,0,0,0
128,1.280000,1.432545e-01,-3.928578e+01,-1.482611e+01,-1.324712e+00,-1.978806e+01,-2.286822e+01,-5.947706e+00,3.543590e+00,3.799631e+00,-9.033863e+00,6.268841e+00,-9.587874e+00,-1.397701e+00,-8.109864e+00,7.168733e+00,-1.101289e+01,-6.622335e+00,-4.563422e+00,-3.585217e+00,-4.328319e+00,-5.188755e+00,-3.981533e+00,-3.381800e+00,-2.770081e+00,4.170867e-01,5.463751e-01,8.198271e-01,1.155760e+00,1.547099e+00,1.647269e+00,1.995184e+00,2.650780e+00,1.689556e+02,6.389915e-01,-8.896120e-04,7.764473e-02,-3.007732e-01,-2.764096e-01,2.784423e+00,2.347479e+00,5.689683e-01,8.499529e-01,-2.924572e+00,-1.934222e+00,2.828825e+00,1.105989e+00,-3.719220e+00,8.634265e-01,6.981741e-01,2.399645e-01,6.946178e-02,-1.652118e-01,-2.571429e-01,-3.912063e-02,2.533832e-02,2.487642e-01,2.452800e-02,-3.389399e-02,-8.633005e-03,7.161313e-03,2.508977e-02,1.160841e-02,2.639376e-02,1.179581e-02,1.438684e-02,-9.301066e-03,0,5.893094e-03,0,0,0,0,0,0,0,0
129,1.290000,1.099652e-01,-3.897742e+01,-1.524982e+01,-4.753788e-01,-1.526719e+01,-1.931493e+01,-4.374562e+00,3.756032e+00,1.027019e+00,-1.016888e+01,1.053780e+01,-6.268074e+00,-1.326869e+00,-5.886457e+00,1.016210e+01,-8.817012e+00,-6.450649e+00,-4.754467e+00,-4.023215e+00,-4.462258e+00,-5.170131e+00,-3.754939e+00,-3.285509e+00,-2.718684e+00,3.946495e-01,5.596468e-01,8.432274e-01,1.167096e+00,1.551426e+00,1.645027e+00,1.964815e+00,2.644672e+00,1.689556e+02,6.361623e-01,-1.408667e-02,-2.430077e-02,-1.896209e-01,1.655845e-01,2.243937e+00,8.796865e-01,4.245350e-01,-1.050756e-01,-6.125073e-01,-6.167736e-02,2.715664e+00,1.245108e+00,-1.626766e+00,2.021768e+00,2.001781e+00,1.418441e+00,4.607473e-02,-9.182453e-02,-1.535517e-01,-1.189767e-01,-5.943680e-03,1.443665e-01,3.748174e-02,1.650109e-02,-1.467576e-02,-4.103363e-03,9.347958e-03,2.515316e-06,1.493454e-03,1.780200e-03,-3.604387e-02,-4.339011e-02,0,6.107062e-03,0,0,0,0,0,0,0,0
130,1.300000,1.290733e-01,-3.881394e+01,-1.502743e+01,-5.956386e-01,-1.477542e+01,-1.959756e+01,-6.854641e+00,1.630270e+00,5.204231e+00,-8.509674e+00,1.523597e+01,-6.977587e+00,-2.465041e+00,-3.744545e+00,1.283741e+01,-7.320987e+00,-6.463825e+00,-4.588953e+00,-3.911002e+00,-4.613758e+00,-5.062109e+00,-3.648181e+00,-3.387217e+00,-2.637172e+00,3.792195e-01,5.292853e-01,8.495128e-01,1.169195e+00,1.543297e+00,1.640699e+00,1.884383e+00,2.545497e+00,1.689556e+02,6.563040e-01,-9.491953e-03,-3.089668e-01,-1.601721e-01,4.877315e-01,1.345678e+00,-3.642025e-01,3.043688e-01,-8.697012e-01,1.256839e+00,2.367752e+00,1.669133e+00,4.388312e-01,7.429734e-01,2.006277e+00,2.015546e+00,2.439692e+00,-2.820473e-02,-5.247559e-02,-6.727059e-02,-2.044248e-01,-3.763618e-02,-3.589306e-02,2.408740e-02,1.993733e-02,-1.471172e-02,-1.359492e-02,-6.941182e-03,-9.940994e-03,-2.565268e-02,-9.238410e-03,-7.601365e-02,-6.308796e-02,0,5.103284e-03,0,0,0,0,0,0,0,0
131,1.310000,7.668752e-02,-3.932743e+01,-1.479721e+01,6.250855e-01,-1.313947e+01,-2.243684e+01,-3.848020e+00,8.852268e-01,4.730577e+00,-5.591178e+00,1.523044e+01,-5.802418e+00,-1.614986e-01,8.903683e-01,1.716023e+01,-2.079174e+00,-6.393054e+00,-4.716966e+00,-3.906892e+00,-4.826190e+00,-5.267030e+00,-3.800791e+00,-3.219546e+00,-2.608113e+00,3.582522e-01,5.168590e-01,8.005999e-01,1.122965e+00,1.479148e+00,1.623724e+00,1.728622e+00,2.433086e+00,1.689556e+02,6.461602e-01,-3.238441e-03,-5.378883e-01,-7.066937e-02,5.660790e-01,-1.921672e-01,-5.547484e-01,6.901429e-01,-5.486334e-01,1.907515e+00,3.417933e+00,-1.483135e+00,-1.757275e+00,1.211867e+00,4.505340e-01,-2.368526e-01,1.111930e+00,-7.166596e-02,-5.483403e-02,2.941494e-02,-1.877272e-01,-4.428329e-02,-1.975500e-01,-1.498833e-02,-2.171805e-02,-3.889337e-03,-1.217215e-02,-1.464281e-02,-1.613888e-02,-3.558495e-02,-1.059040e-02,-5.891594e-02,-3.233914e-02,0,7.281047e-03,0,0,0,0,0,0,0,0
132,1.320000,1.124336e-01,-4.065561e+01,-1.585328e+01,5.637137e-01,-1.412353e+01,-2.312827e+01,-4.689133e+00,6.304865e-01,8.232045e+00,5.160478e-01,1.226818e+01,-7.626546e+00,1.734480e+00,-1.466891e+00,1.374740e+01,-2.183353e+00,-6.792156e+00,-4.844550e+00,-3.979732e+00,-5.168477e+00,-5.328486e+00,-4.138072e+00,-3.294345e+00,-2.725680e+00,3.617267e-01,4.997944e-01,8.064349e-01,1.128120e+00,1.454975e+00,1.611729e+00,1.733212e+00,2.441133e+00,1.689556e+02,6.595090e-01,5.081959e-03,-3.663166e-01,1.023192e-01,4.026214e-01,-1.568646e+00,1.304825e-01,9.655016e-01,8.090442e-03,1.519386e+00,2.633585e+00,-3.583518e+00,-2.342570e+00,1.117407e+00,-2.245774e+00,-2.211016e+00,-6.309446e-01,-5.535774e-02,-6.322813e-03,7.952280e-02,-6.293573e-02,-1.097288e-02,-2.648951e-01,-5.706632e-02,-5.281863e-02,4.532978e-03,-5.448467e-03,-1.450295e-02,-1.816351e-02,-3.525000e-02,-1.581495e-02,-2.836493e-02,-9.495402e-03,0,8.164441e-03,0,0,0,0,0,0,0,0
133,1.330000,1.020929e-01,-4.074603e+01,-1.519024e+01,1.775340e+00,-1.655397e+01,-2.032331e+01,-2.006602e+00,1.512757e+00,9.050688e+00,2.407927e+00,4.606013e+00,-1.472997e+01,2.632704e+00,-4.772614e+00,8.522846e+00,-5.826178e+00,-6.644813e+00,-4.900839e+00,-3.841775e+00,-5.123535e+00,-5.258359e+00,-4.497743e+00,-3.406887e+00,-2.783020e+00,3.839492e-01,5.135314e-01,7.915522e-01,1.106940e+00,1.417663e+00,1.606560e+00,1.745820e+00,2.535158e+00,1.689556e+02,6.709650e-01,1.176184e-02,2.428391e-01,3.888704e-01,-2.233469e-01,-3.161083e+00,5.575687e-01,2.701242e-01,5.205475e-01,1.433118e+00,5.391184e-01,-4.165065e+00,-2.971659e+00,1.347071e-01,-3.989930e+00,-2.281324e+00,-2.071416e+00,8.830309e-03,1.169857e-01,2.409098e-01,1.560477e-01,8.543067e-02,-1.942883e-01,-9.730454e-02,-2.300603e-02,1.269870e-02,-1.433960e-03,-1.449427e-02,-2.229134e-02,-3.716948e-02,-1.656520e-02,-1.245475e-02,-4.568546e-02,0,9.766281e-03,0,0,0,0,0,0,0,0
134,1.340000,1.417804e-01,-3.993622e+01,-1.431931e+01,8.423415e-01,-2.091139e+01,-2.000191e+01,-2.947842e+00,1.356957e+00,1.064111e+01,6.586974e-01,2.630592e+00,-1.422666e+01,1.724891e+00,-1.214192e+01,6.101030e+00,-8.602208e+00,-6.614734e+00,-4.528631e+00,-3.545946e+00,-4.779765e+00,-5.121309e+00,-4.624180e+00,-3.578878e+00,-2.813811e+00,3.890359e-01,5.037067e-01,7.815218e-01,1.086391e+00,1.397789e+00,1.570206e+00,1.733959e+00,2.446984e+00,1.689556e+02,6.847238e-01,7.066689e-03,5.574207e-01,5.323889e-01,-9.041910e-01,-3.596064e+00,-3.457851e-01,-5.087784e-01,8.007654e-01,5.599238e-01,-1.488613e+00,-3.597003e+00,-1.389240e+00,-5.251042e-01,-2.474361e+00,5.737104e-02,-1.160178e+00,5.192528e-02,1.663707e-01,3.391491e-01,2.812857e-01,9.383206e-02,-7.371125e-02,-8.511803e-02,-1.276026e-02,1.367708e-02,-7.806480e-04,-2.338447e-02,-2.543796e-02,-4.169872e-02,-1.540159e-02,-3.058056e-02,-9.670091e-02,0,3.426528e-03,0,0,0,0,0,0,0,0
135,1.350000,1.208233e-01,-3.847293e+01,-1.361983e+01,-6.309629e-01,-2.555095e+01,-2.121218e+01,-3.368044e+00,3.124729e+00,1.069164e+01,-2.966911e+00,-7.760851e-01,-1.736065e+01,5.168316e-01,-1.372177e+01,9.576798e+00,-9.226826e+00,-6.437613e+00,-4.289997e+00,-2.919236e+00,-4.240308e+00,-4.943465e+00,-4.529179e+00,-3.563802e+00,-2.679078e+00,4.080911e-01,5.077330e-01,7.405851e-01,1.032374e+00,1.321893e+00,1.561659e+00,1.665975e+00,2.201733e+00,1.689556e+02,6.823842e-01,-3.940970e-04,4.183613e-01,3.512204e-01,-1.222532e+00,-2.725162e+00,-1.171575e+00,-9.206609e-01,7.248952e-01,-1.624132e-01,-2.344250e+00,-2.485536e+00,-3.866444e-02,-5.019539e-01,-2.558201e-01,1.437233e+00,-1.326923e-01,2.229376e-02,9.850488e-02,2.902583e-01,2.557289e-01,5.114102e-02,6.983376e-03,-5.477750e-02,-1.408920e-02,1.202507e-02,5.967468e-04,-2.302002e-02,-1.815019e-02,-3.504904e-02,-6.505060e-03,-3.235478e-02,-8.209188e-02,0,-2.808827e-03,0,0,0,0,0,0,0,0
136,1.360000,1.384018e-01,-3.900506e+01,-1.397653e+01,-2.754090e+00,-2.760536e+01,-2.441277e+01,-6.552303e+00,3.828327e+00,1.021119e+01,-4.239596e+00,-3.025782e+00,-1.325741e+01,1.668950e-01,-9.364119e+00,1.350728e+01,-6.283921e+00,-6.636130e+00,-4.318118e+00,-2.745256e+00,-4.203661e+00,-5.016773e+00,-4.490911e+00,-3.641478e+00,-2.841453e+00,4.180412e-01,4.987904e-01,7.149962e-01,1.038214e+00,1.294366e+00,1.557171e+00,1.620232e+00,2.124341e+00,1.689556e+02,6.709321e-01,-3.345540e-03,1.905136e-02,3.833204e-01,-7.069758e-01,-8.638355e-01,-1.091027e+00,1.554241e-02,-2.060687e-01,-1.588997e+00,-2.832851e+00,-2.101565e+00,-3.530220e-01,-8.725511e-01,1.631593e+00,1.104072e+00,1.734931e-01,9.316139e-02,-4.447656e-02,1.143924e-01,1.276775e-01,-2.072759e-02,6.435203e-03,-2.649264e-02,-3.548405e-02,6.566146e-03,5.172092e-03,-1.740343e-02,-6.200028e-03,-1.760501e-02,7.065403e-03,-1.951505e-02,1.883335e-02,0,-5.471718e-03,0,0,0,0,0,0,0,0
137,1.370000,1.018117e-01,-3.911980e+01,-1.360553e+01,-2.539105e+00,-2.683280e+01,-2.397576e+01,-4.807675e+00,3.901548e+00,8.453580e+00,-6.864180e+00,-4.993478e+00,-1.540792e+01,9.019322e-01,-7.440616e+00,1.200589e+01,-7.648783e+00,-6.522646e+00,-4.513571e+00,-2.790829e+00,-4.132942e+00,-5.054923e+00,-4.529461e+00,-3.649475e+00,-2.839645e+00,4.295719e-01,5.189734e-01,7.097149e-01,1.040277e+00,1.294129e+00,1.580552e+00,1.640910e+00,2.286020e+00,1.689556e+02,6.638168e-01,-1.930575e-03,-1.307850e-01,4.467245e-01,-9.383424e-02,1.037805e+00,-1.772160e-01,1.341387e+00,-1.326185e+00,-2.294276e+00,-2.624047e+00,-8.267090e-01,-8.810472e-02,-6.412238e-01,1.076181e+00,-5.335722e-01,-3.671022e-01,1.391568e-01,-1.137320e-01,-9.564996e-02,3.331299e-02,-3.694267e-02,-6.564236e-03,1.396027e-02,-2.823634e-02,-2.212030e-03,5.984774e-03,2.771169e-03,2.196050e-03,1.125280e-02,1.117798e-02,1.021249e-02,1.143520e-01,0,-5.318207e-03,0,0,0,0,0,0,0,0
138,1.380000,1.345585e-01,-3.951753e+01,-1.240986e+01,-1.738466e+00,-2.458965e+01,-2.407526e+01,-2.150315e+00,-6.179563e-02,3.815149e+00,-1.155692e+01,-5.768535e+00,-1.696814e+01,-2.830415e+00,-7.124530e+00,1.040685e+01,-8.523764e+00,-6.106411e+00,-4.639227e+00,-3.038188e+00,-4.195060e+00,-5.169219e+00,-4.591863e+00,-3.668505e+00,-2.910948e+00,4.111262e-01,5.239470e-01,7.099397e-01,1.051439e+00,1.323646e+00,1.596086e+00,1.648916e+00,2.499007e+00,1.689556e+02,6.666489e-01,-2.135222e-03,6.463013e-02,4.148237e-01,5.071382e-01,1.703314e+00,9.241518e-01,2.029860e+00,-2.030468e+00,-2.177188e+00,-1.772141e+00,4.226933e-01,-1.766330e-01,4.258102e-01,-1.445824e-01,-1.017383e+00,-7.655219e-01,1.825266e-01,-8.727207e-02,-1.880212e-01,1.372747e-02,5.636597e-03,-2.180991e-02,5.687804e-02,2.859585e-02,-8.754348e-03,7.254195e-03,1.573421e-02,8.000255e-04,2.752047e-02,8.813679e-03,3.294623e-02,1.276419e-01,0,-4.475653e-03,0,0,0,0,0,0,0,0
139,1.390000,1.130921e-01,-3.887062e+01,-1.216955e+01,-1.607946e+00,-2.186978e+01,-2.226701e+01,1.137896e+00,-1.561136e+00,2.418276e+00,-1.242848e+01,-3.538254e+00,-1.594581e+01,-1.190632e+00,-9.460657e+00,8.459153e+00,-9.942415e+00,-6.006689e+00,-4.698102e+00,-3.251020e+00,-4.078043e+00,-5.051956e+00,-4.511524e+00,-3.480487e+00,-2.785512e+00,4.004884e-01,5.250786e-01,7.569692e-01,1.036741e+00,1.363517e+00,1.598091e+00,1.702695e+00,2.586160e+00,1.689556e+02,6.579347e-01,-1.281946e-03,1.151932e-01,-1.911279e-01,3.449647e-01,1.320914e+00,6.072401e-01,1.356298e+00,-1.866075e+00,-6.601955e-01,3.778108e-01,2.355546e+00,2.205451e+00,2.109149e+00,-4.216837e-01,-2.088711e-01,-1.405265e-01,1.678548e-02,-6.177330e-03,-1.979193e-01,-1.166554e-02,3.047452e-02,3.312302e-03,1.056628e-01,8.269560e-02,-7.787800e-03,1.620287e-03,2.890540e-02,4.711008e-03,4.198565e-02,2.984643e-03,5.503054e-02,8.392875e-02,0,-4.687118e-03,0,0,0,0,0,0,0,0
140,1.400000,1.220855e-01,-3.880650e+01,-1.262041e+01,-6.839787e-01,-2.157030e+01,-2.064638e+01,6.242120e-01,-3.592669e+00,2.342901e+00,-1.031815e+01,-1.639928e+00,-1.387162e+01,3.342228e+00,-9.077010e+00,1.019373e+01,-8.964714e+00,-5.981476e+00,-4.662212e+00,-3.455266e+00,-4.162473e+00,-4.990073e+00,-4.608929e+00,-3.441581e+00,-2.725540e+00,3.888112e-01,5.320087e-01,7.700401e-01,1.043982e+00,1.397274e+00,1.592470e+00,1.754070e+00,2.612481e+00,1.689556e+02,6.514948e-01,-1.042145e-02,8.092193e-02,-7.966180e-01,3.594358e-01,6.962320e-01,3.704599e-01,1.465664e-01,-9.690277e-01,8.890382e-01,1.025910e+00,2.878854e+00,2.747247e+00,3.250280e+00,1.344777e-01,5.690113e-01,-4.492772e-01,-1.123069e-01,2.170401e-02,-1.673549e-01,-4.213905e-02,2.972531e-02,3.891592e-02,9.531784e-02,1.252415e-01,-2.612984e-03,2.535236e-03,2.443295e-02,9.016275e-03,3.348975e-02,3.140485e-03,5.095429e-02,1.780253e-02,0,-4.928672e-03,0,0,0,0,0,0,0,0
141,1.410000,1.016385e-01,-3.889935e+01,-1.445590e+01,-1.341526e+00,-2.173790e+01,-2.265400e+01,5.865523e-01,-3.663391e+00,5.888727e+00,-5.594513e+00,4.719951e+00,-5.928923e+00,8.361359e+00,-8.572795e+00,1.106809e+01,-8.130940e+00,-6.501186e+00,-4.532965e+00,-3.571886e+00,-4.207563e+00,-4.992123e+00,-4.504366e+00,-3.234622e+00,-2.518871e+00,4.017904e-01,5.230439e-01,8.241917e-01,1.067561e+00,1.467243e+00,1.597283e+00,1.863485e+00,2.648927e+00,1.689556e+02,6.479582e-01,-5.585159e-03,-1.587677e-01,-9.852068e-01,5.365546e-01,5.319620e-01,-1.356901e-01,-1.167374e+00,-3.902144e-01,2.120967e+00,9.249309e-01,2.704932e+00,2.014045e+00,2.058458e+00,7.881561e-01,6.436394e-01,-1.188070e+00,-1.702606e-01,2.634001e-02,-1.358540e-01,-1.421591e-01,-1.904631e-02,6.989136e-02,3.311210e-02,1.128379e-01,1.089036e-04,-1.954567e-03,2.054209e-02,1.886058e-02,2.374298e-02,6.092751e-03,4.324687e-02,-7.760286e-03,0,-1.197422e-03,0,0,0,0,0,0,0,0
142,1.420000,8.817806e-02,-3.909855e+01,-1.524978e+01,-7.449742e-02,-2.117443e+01,-2.202946e+01,-1.141811e+00,-3.855807e+00,6.525115e+00,-9.844357e+00,4.496632e+00,-8.240347e+00,8.644992e+00,-6.896073e+00,1.194743e+01,-1.167589e+01,-6.420696e+00,-4.613276e+00,-3.714529e+00,-4.340996e+00,-5.050508e+00,-4.400862e+00,-3.314848e+00,-2.418061e+00,3.974103e-01,5.376405e-01,7.984931e-01,1.081110e+00,1.439232e+00,1.612193e+00,1.823292e+00,2.556636e+00,1.689556e+02,6.469938e-01,-2.573886e-03,-2.633484e-01,-5.518902e-01,6.368858e-01,7.003471e-01,-2.062136e-01,-1.588480e+00,7.462450e-01,2.130754e+00,-9.220074e-01,9.605023e-01,1.286092e-02,-3.554164e-01,4.640556e-01,6.070938e-02,-2.169861e+00,-1.072681e-01,-1.400981e-02,-7.445383e-02,-1.552544e-01,-7.671066e-02,1.015421e-01,-3.797438e-02,4.751296e-02,1.779115e-03,-3.339982e-03,1.067749e-02,2.112819e-02,1.097355e-02,6.249321e-03,2.739086e-02,-1.665423e-02,0,-4.673004e-04,0,0,0,0,0,0,0,0
143,1.430000,1.021200e-01,-3.951843e+01,-1.578090e+01,7.700861e-01,-1.940791e+01,-2.225392e+01,-3.815961e+00,-3.380639e+00,1.093201e+01,-8.040726e+00,6.918128e+00,-8.691223e+00,6.450274e+00,-6.610345e+00,1.080050e+01,-1.452718e+01,-6.638381e+00,-4.590871e+00,-3.800658e+00,-4.699578e+00,-5.116970e+00,-4.266100e+00,-3.378293e+00,-2.375063e+00,3.967334e-01,5.124899e-01,8.454531e-01,1.112480e+00,1.461253e+00,1.618694e+00,1.884318e+00,2.575281e+00,1.689556e+02,6.541981e-01,4.262225e-03,-1.948318e-01,1.413026e-01,5.387166e-01,4.595560e-01,-4.042135e-01,-1.367008e+00,1.951008e+00,8.645371e-01,-1.469573e+00,-7.760708e-02,-1.631020e+00,-2.084385e+00,-4.932536e-01,-8.165984e-01,-1.787557e+00,-1.285658e-02,-3.166056e-03,1.905468e-02,-9.366111e-02,-1.220603e-01,8.645773e-02,-6.827462e-02,-4.830689e-02,3.087184e-03,-3.778183e-03,-4.087621e-03,1.404514e-02,3.213215e-03,3.238082e-03,9.290576e-03,-3.593035e-02,0,1.451099e-03,0,0,0,0,0,0,0,0
144,1.440000,1.089753e-01,-3.981370e+01,-1.471736e+01,1.444644e+00,-1.923356e+01,-2.187749e+01,-5.116931e+00,-2.819697e-03,1.047503e+01,-1.370508e+01,2.063495e+00,-1.242617e+01,2.520688e+00,-7.737957e+00,1.063107e+01,-1.661590e+01,-6.449219e+00,-4.703309e+00,-3.713149e+00,-4.692738e+00,-5.311203e+00,-4.220352e+00,-3.559618e+00,-2.559880e+00,4.002353e-01,5.205858e-01,8.127969e-01,1.127163e+00,1.455137e+00,1.613011e+00,1.880608e+00,2.566032e+00,1.689556e+02,6.460384e-01,5.849995e-03,3.016510e-02,4.001342e-01,1.629031e-03,1.034008e-01,-1.007635e+00,2.618108e-01,2.609853e+00,-4.132977e-01,-2.420876e-01,1.109479e-01,-4.904884e-01,-2.402217e+00,-1.637898e+00,-8.115026e-01,-1.930992e-01,-1.403542e-02,3.276429e-02,9.223580e-02,3.845711e-02,-1.145107e-01,6.329508e-02,3.234632e-02,-6.748798e-02,6.053591e-03,-4.555869e-03,-1.423184e-02,-2.312183e-03,-2.190077e-03,-2.196622e-03,-1.464782e-02,-6.894469e-02,1.271088e+00,8.778060e-03,0,0,0,0,1.634806e+01,0,0,6.491886e-03
145,1.450000,1.125510e-01,-3.951593e+01,-1.401559e+01,5.924863e-01,-2.041055e+01,-2.475105e+01,-4.260929e+00,4.165154e+00,8.236455e+00,-1.101202e+01,5.548484e+00,-1.199111e+01,1.001585e+00,-1.061812e+01,7.643278e+00,-1.459872e+01,-6.551208e+00,-4.503779e+00,-3.477303e+00,-4.499998e+00,-5.472077e+00,-4.162333e+00,-3.453610e+00,-2.689496e+00,4.158138e-01,5.126804e-01,7.966018e-01,1.114760e+00,1.475356e+00,1.613064e+00,1.881280e+00,2.464577e+00,1.689556e+02,6.556914e-01,4.087563e-03,5.978146e-01,1.043443e+00,5.019253e-01,3.135750e-01,-8.978180e-01,9.222221e-01,1.854568e+00,-1.890270e+00,4.025270e-01,2.805974e-01,3.972078e-01,-9.606425e-01,-2.008738e+00,-5.645151e-02,4.372593e-01,1.922789e-01,1.826151e-01,1.420547e-01,1.413626e-01,-6.398530e-02,4.140086e-02,1.183582e-01,-3.753335e-02,-8.926511e-04,-1.368880e-03,-2.153737e-02,-1.824589e-02,-1.848068e-02,-6.458295e-03,-5.905887e-02,-1.173480e-01,4.230994e+00,2.278061e-02,0,0,0,0,4.126997e+01,1.142887e-02,0,6.303441e-02
146,1.460000,1.122125e-01,-3.894897e+01,-1.413176e+01,2.244763e-02,-2.015610e+01,-2.581907e+01,3.897271e-01,5.420561e+00,5.806402e+00,-9.569150e+00,5.736193e+00,-9.042845e+00,-6.417502e-01,-1.308168e+01,9.468532e+00,-1.260561e+01,-6.534460e+00,-4.493000e+00,-3.415028e+00,-4.248500e+00,-5.445508e+00,-4.136271e+00,-3.115458e+00,-2.598284e+00,4.181380e-01,5.147659e-01,7.517596e-01,1.068409e+00,1.421229e+00,1.604024e+00,1.751572e+00,2.267265e+00,1.753110e+02,6.901374e-01,6.598642e-03,1.328861e+00,1.996122e+00,2.178390e+00,9.764853e-01,-8.723046e-01,2.705885e-01,-3.821313e-01,-2.832107e+00,1.562244e+00,2.602840e-01,2.276134e+00,8.328871e-01,-2.173219e+00,7.947170e-01,-4.332215e-01,5.373863e-01,5.083110e-01,1.684151e-01,1.499630e-01,-9.475946e-03,-4.746056e-03,2.132508e-01,5.212567e-02,-1.860453e-02,-1.605133e-02,-2.172971e-02,-3.448429e-02,-1.761622e-02,-1.063423e-02,-6.401272e-02,-8.568706e-02,8.770116e+00,3.548336e-02,8.174030e+01,0,0,3.245943e-02,6.744231e+01,1.850488e-02,5.703575e-03,1.002506e-01
147,1.470000,1.209392e-01,-3.696172e+01,-1.085648e+01,3.990811e+00,-1.737876e+01,-2.477222e+01,-1.958179e+00,3.180512e+00,3.814973e+00,-8.096055e+00,6.484766e+00,-8.396847e+00,3.228281e+00,-1.398217e+01,1.109951e+01,-1.434603e+01,-5.634367e+00,-3.782950e+00,-3.239445e+00,-4.214883e+00,-5.369743e+00,-4.101137e+00,-3.008582e+00,-2.543527e+00,3.833188e-01,5.085554e-01,7.682849e-01,1.050627e+00,1.385804e+00,1.590896e+00,1.653542e+00,2.137925e+00,1.869328e+02,7.460516e-01,2.242378e-02,2.274674e+00,3.199177e+00,4.343253e+00,6.091254e-01,-2.310738e-01,-2.780818e+00,-2.556704e+00,-3.654039e+00,4.125117e-01,-1.512148e+00,2.946847e+00,9.263920e-01,-5.735990e-01,1.853085e-01,-1.871142e+00,1.005455e+00,9.108421e-01,2.959322e-01,1.643418e-01,5.630360e-02,-1.071634e-02,1.514395e-01,1.322382e-01,-3.666631e-02,-3.220315e-02,-2.743122e-02,-2.558345e-02,-1.167631e-03,-1.212120e-04,-8.338952e-03,1.101959e-02,1.306151e+01,3.228471e-02,1.654797e+02,5.714433e-02,0,2.989423e-01,7.099052e+01,2.060885e-02,1.053987e-02,1.074692e-01
148,1.480000,1.377744e-01,-3.444651e+01,-6.316304e+00,1.063743e+01,-1.586703e+01,-2.622843e+01,-4.915363e+00,-1.421155e+00,-1.474767e+00,-7.351841e+00,2.896774e+00,-2.842631e+00,5.571776e+00,-1.692203e+01,1.287654e+01,-1.890835e+01,-4.220708e+00,-2.522168e+00,-2.990002e+00,-4.085480e+00,-5.409750e+00,-4.274680e+00,-2.715878e+00,-2.372236e+00,3.234602e-01,4.423917e-01,7.183068e-01,9.868080e-01,1.411832e+00,1.570924e+00,1.674414e+00,2.300923e+00,2.038176e+02,7.782751e-01,6.140689e-02,3.166471e+00,3.608213e+00,4.900932e+00,-1.295427e+00,-2.197392e-01,-6.177590e+00,-3.043051e+00,-3.586992e+00,1.794656e-01,-1.311547e+00,3.780959e+00,-5.018628e-01,2.035453e+00,-2.227981e+00,-1.874403e+00,1.164409e+00,1.260055e+00,5.456693e-01,2.477457e-01,1.621047e-01,7.747455e-02,7.278399e-02,2.041069e-01,-3.884616e-02,-4.732536e-02,-3.518754e-02,-1.198938e-02,2.440424e-02,1.632899e-02,8.788761e-02,1.150468e-01,1.578067e+01,1.807544e-02,2.544717e+02,6.395222e-02,2.851788e-02,3.517819e-01,5.209740e+01,8.039881e-03,1.495291e-02,3.089069e-02
149,1.490000,2.118890e-01,-3.039380e+01,-1.927435e+00,1.700126e+01,-1.950946e+01,-2.570175e+01,-1.551247e+01,-5.197509e+00,-6.393156e+00,-1.005811e+01,-5.925453e-01,-3.569822e-01,2.526782e+00,-1.156594e+01,6.865816e+00,-2.080306e+01,-2.680809e+00,-9.349845e-01,-2.210154e+00,-3.759799e+00,-5.208438e+00,-4.146710e+00,-2.896202e+00,-2.141329e+00,2.798212e-01,3.878517e-01,6.761721e-01,1.027643e+00,1.474217e+00,1.629008e+00,1.878165e+00,2.502846e+00,2.200099e+02,7.730462e-01,1.071757e-01,3.666997e+00,2.066402e+00,2.579009e+00,-3.789865e+00,-1.270280e+00,-8.240177e+00,-1.532214e+00,-1.676557e+00,1.148785e+00,2.850267e-01,3.596593e+00,-3.632700e+00,5.804063e+00,-3.607179e+00,4.664660e-01,8.266632e-01,1.268096e+00,8.289465e-01,4.191524e-01,3.451827e-01,3.432986e-01,1.048719e-01,3.110123e-01,-2.145020e-02,-4.045695e-02,-4.077665e-02,-6.902814e-05,3.395510e-02,2.863764e-02,1.274325e-01,1.390408e-01,1.731772e+01,5.725699e-03,2.685869e+02,7.106812e-02,3.844040e-02,3.776850e-01,3.319257e+01,-6.851785e-03,8.764588e-03,-5.884276e-02
150,1.500000,3.737721e-01,-2.640058e+01,-5.552160e-01,1.802188e+01,-2.556789e+01,-2.645300e+01,-2.372108e+01,-5.605684e+00,-7.024492e+00,-7.690794e+00,2.717115e+00,5.842017e+00,-2.800315e+00,-4.112529e+00,4.454730e-01,-1.874911e+01,-2.189196e+00,3.832946e-01,-1.201327e+00,-3.237314e+00,-4.715638e+00,-3.726111e+00,-2.807728e+00,-1.778849e+00,2.756560e-01,3.384910e-01,6.218783e-01,1.019954e+00,1.499044e+00,1.666613e+00,2.078699e+00,2.660038e+00,2.376758e+02,7.670174e-01,1.566819e-01,3.658850e+00,-8.071101e-02,-8.432700e-01,-4.128394e+00,-2.863472e+00,-7.780672e+00,1.116360e+00,1.476130e+00,2.116271e+00,2.026516e+00,8.933104e-01,-4.806441e+00,7.792199e+00,-3.711562e+00,2.402553e+00,3.380733e-01,9.811178e-01,9.891691e-01,5.869181e-01,4.966632e-01,6.588338e-01,2.560470e-01,4.001527e-01,4.005930e-03,-1.431395e-02,-2.894830e-02,-2.265215e-04,2.534571e-02,2.111965e-02,8.068319e-02,8.222461e-02,1.814560e+01,6.172711e-03,2.906737e+02,3.323751e-02,5.554434e-02,1.475416e-01,2.062926e+01,-8.125703e-03,-1.615559e-03,-8.320652e-02
151,1.510000,5.388190e-01,-2.264970e+01,-3.405013e+00,1.319363e+01,-3.147766e+01,-3.101133e+01,-3.375621e+01,-2.388294e+00,-1.792951e+00,-2.182653e+00,7.999729e+00,5.243797e+00,-1.074917e+01,8.633389e+00,-7.208493e-01,-1.209332e+01,-2.516806e+00,1.104797e+00,1.094917e-02,-2.543204e+00,-3.990885e+00,-2.658928e+00,-2.438298e+00,-1.285159e+00,2.999699e-01,3.582210e-01,6.126159e-01,1.033709e+00,1.511973e+00,1.686240e+00,2.088562e+00,2.653571e+00,2.565923e+02,7.803090e-01,1.747588e-01,3.080631e+00,-1.860775e+00,-3.097971e+00,-2.264649e+00,-4.239137e+00,-4.382947e+00,2.670331e+00,4.051181e+00,2.019994e+00,2.203030e+00,-2.729305e+00,-4.263977e+00,6.264035e+00,-2.098683e+00,3.623082e+00,3.410647e-02,5.342954e-01,8.889502e-01,6.197513e-01,5.146216e-01,7.941563e-01,4.857211e-01,4.954869e-01,2.045501e-02,7.885566e-03,-1.721305e-02,-1.828686e-02,5.734277e-03,-6.042278e-03,-2.765239e-02,1.503201e-02,1.884258e+01,1.520922e-02,3.133416e+02,3.824276e-02,3.030971e-02,1.068488e-01,2.093353e+01,-7.874874e-03,-7.412165e-03,-6.732686e-02
152,1.520000,7.577188e-01,-2.002431e+01,-5.981070e+00,8.324899e+00,-3.052490e+01,-3.789100e+01,-3.469685e+01,2.756037e+00,3.605779e+00,-7.082162e-01,8.733216e+00,-1.176468e+00,-1.182245e+01,1.193930e+01,-1.887936e+00,-1.125046e+01,-2.612343e+00,1.363530e+00,8.452914e-01,-1.759187e+00,-3.535210e+00,-1.724402e+00,-1.664595e+00,-7.995568e-01,3.334155e-01,3.856373e-01,6.053434e-01,9.826427e-01,1.519683e+00,1.647907e+00,1.972631e+00,2.636683e+00,2.762544e+02,8.055072e-01,1.470281e-01,2.206737e+00,-2.190702e+00,-2.896783e+00,3.982634e-01,-3.430154e+00,-7.318233e-01,2.619318e+00,4.266725e+00,-7.361394e-01,7.184920e-02,-5.984821e+00,-2.552757e+00,2.560478e+00,-1.097195e+00,4.688111e+00,1.270082e-01,1.385036e-01,6.071623e-01,4.656347e-01,3.942300e-01,6.738817e-01,5.221861e-01,4.873359e-01,2.240921e-02,1.958563e-02,-4.124337e-03,-1.111225e-02,-1.288986e-03,-2.117838e-02,-7.611487e-02,-1.091835e-02,1.869731e+01,2.146131e-02,3.352407e+02,3.973638e-02,2.450543e-02,7.116745e-02,1.826145e+01,-2.836386e-03,-8.603817e-03,-1.313603e-02
153,1.530000,8.937098e-01,-1.817878e+01,-8.518384e+00,6.359899e+00,-2.835420e+01,-4.117843e+01,-3.193932e+01,3.973286e+00,8.547612e+00,-3.449432e+00,7.414552e+00,-1.049427e+01,-1.428203e+01,1.172832e+01,-2.460893e+00,-6.436975e+00,-2.298703e+00,1.246375e+00,1.211287e+00,-1.400106e+00,-3.225545e+00,-1.176783e+00,-1.039163e+00,-1.535404e-01,3.532165e-01,4.037064e-01,5.983742e-01,9.548650e-01,1.492569e+00,1.608150e+00,1.792937e+00,2.589684e+00,2.949336e+02,8.298473e-01,6.178926e-02,1.132432e+00,-1.412723e+00,-1.594371e+00,2.035417e+00,-1.427438e+00,1.517610e+00,1.677493e+00,2.231525e+00,-3.328853e+00,-1.996309e+00,-6.411259e+00,-7.930399e-01,-1.122725e+00,3.025237e-01,6.810859e+00,3.372370e-01,-8.310483e-02,2.947196e-01,1.630634e-01,2.198691e-01,3.718903e-01,3.840053e-01,3.254361e-01,1.637421e-02,1.556767e-02,5.612302e-03,1.411456e-02,-5.898952e-04,-1.467576e-02,-3.470165e-02,1.058483e-03,1.759640e+01,2.113590e-02,3.509711e+02,2.844431e-02,1.689903e-02,7.923769e-02,1.429370e+01,-5.347776e-03,-2.765821e-03,2.619769e-03
154,1.540000,9.314674e-01,-1.760236e+01,-8.952039e+00,6.954834e+00,-2.513830e+01,-3.852022e+01,-2.828864e+01,4.310113e+00,9.138852e+00,-1.073810e+01,3.368950e+00,-1.621306e+01,-1.379767e+01,7.142397e+00,-4.170480e+00,1.863270e+00,-1.663206e+00,1.005024e+00,1.234316e+00,-1.480689e+00,-3.127158e+00,-1.097775e+00,-8.963647e-01,9.202149e-02,3.610787e-01,4.136764e-01,6.083774e-01,1.003815e+00,1.502301e+00,1.599766e+00,1.845937e+00,2.637391e+00,3.119917e+02,8.495547e-01,-3.428008e-02,7.481956e-02,-6.896111e-01,-9.246740e-01,1.593247e+00,6.960052e-01,1.159815e+00,8.199309e-01,-9.609827e-01,-3.112676e+00,-3.081962e+00,-4.451216e+00,-1.163328e-01,-1.934471e+00,2.792728e+00,9.658007e+00,3.876709e-01,-1.633482e-01,1.070251e-01,-9.762237e-02,9.940562e-02,8.910866e-02,1.328027e-01,4.354120e-02,6.921184e-03,1.019112e-02,2.873623e-03,3.492025e-02,-4.075229e-03,1.087666e-04,2.223648e-02,8.042192e-03,1.573037e+01,1.619534e-02,3.631662e+02,2.395481e-02,1.923060e-02,9.566697e-02,1.013226e+01,-6.315953e-03,-2.364642e-03,4.459321e-03
155,1.550000,7.608910e-01,-1.819851e+01,-8.983142e+00,5.906805e+00,-2.399388e+01,-3.783390e+01,-2.937227e+01,5.222135e+00,6.598138e+00,-1.381197e+01,7.003148e-01,-1.929420e+01,-1.372676e+01,5.418217e+00,1.933042e+00,1.540411e+01,-1.305190e+00,8.685266e-01,1.290035e+00,-1.867135e+00,-3.095566e+00,-1.112790e+00,-9.023870e-01,-1.037680e-01,3.680093e-01,4.220398e-01,6.391604e-01,1.093696e+00,1.517715e+00,1.636931e+00,1.978401e+00,2.658510e+00,3.267056e+02,8.639647e-01,-6.150628e-02,-8.805536e-01,1.374386e-01,-7.749914e-01,-5.912399e-03,1.591813e+00,-5.783653e-02,6.404850e-01,-3.652147e+00,-1.564201e+00,-3.388156e+00,-1.369308e+00,-1.232561e-01,-1.427653e+00,4.911143e+00,9.494423e+00,2.916073e-01,-1.462468e-01,4.157402e-02,-1.977405e-01,-2.537851e-02,-1.421224e-01,-1.292935e-01,-2.674435e-01,-2.701670e-04,6.908310e-03,-5.285609e-03,2.484468e-02,-1.218822e-02,5.907631e-03,5.987840e-02,9.082198e-03,1.354704e+01,1.012837e-02,3.708473e+02,1.939467e-02,1.911802e-02,1.076978e-01,6.997022e+00,-5.234848e-03,-2.329912e-03,-2.070285e-03
156,1.560000,6.527278e-01,-1.964034e+01,-9.196747e+00,3.928076e+00,-2.473883e+01,-3.608323e+01,-3.018130e+01,6.231267e+00,-2.243975e-01,-1.109033e+01,-3.319474e+00,-1.903258e+01,-1.268175e+01,5.422001e+00,9.878738e+00,2.611903e+01,-1.170745e+00,7.357133e-01,1.341043e+00,-2.013784e+00,-3.103171e+00,-1.310855e+00,-1.068970e+00,-6.067370e-01,3.606250e-01,4.274262e-01,5.993184e-01,1.087829e+00,1.486734e+00,1.634060e+00,1.991081e+00,2.642481e+00,3.390202e+02,8.694252e-01,-5.355710e-02,-1.480200e+00,6.606079e-01,-3.845949e-01,-1.858414e+00,1.428432e+00,-3.602194e-01,-2.122804e-01,-5.057246e+00,-1.394945e-01,-2.764212e+00,1.387511e+00,-8.674618e-01,-8.212635e-01,5.179175e+00,6.933701e+00,1.534946e-01,-1.243517e-01,5.671823e-03,-1.595087e-01,-1.498096e-01,-3.333803e-01,-3.185036e-01,-4.057574e-01,-5.909297e-03,4.535538e-03,-2.010079e-02,-1.097733e-02,-3.188349e-02,8.246576e-03,4.058436e-02,-3.141928e-03,1.132602e+01,4.985428e-03,3.759639e+02,1.268144e-02,1.157272e-02,7.923398e-02,4.662982e+00,-4.463049e-03,-3.341110e-03,-9.555527e-03
157,1.570000,7.255482e-01,-2.156255e+01,-7.708837e+00,3.998321e+00,-2.858350e+01,-3.443786e+01,-3.128217e+01,6.215134e+00,-5.031500e+00,-1.109432e+01,-6.182014e+00,-1.593105e+01,-1.545627e+01,5.450253e+00,1.507022e+01,2.890726e+01,-1.086897e+00,6.497963e-01,1.365794e+00,-2.122261e+00,-3.364431e+00,-1.780855e+00,-1.599327e+00,-1.141379e+00,3.520925e-01,4.313731e-01,5.764757e-01,1.037082e+00,1.439412e+00,1.620541e+00,2.019757e+00,2.632549e+00,3.491545e+02,8.705539e-01,-4.138048e-02,-1.670616e+00,1.148744e+00,2.959651e-01,-3.028733e+00,1.112760e+00,3.959885e-01,-1.328394e+00,-4.654205e+00,-1.236141e+00,-1.762483e+00,3.130909e+00,-1.206342e+00,-9.824185e-01,2.902076e+00,2.805293e+00,7.779203e-02,-1.359086e-01,-6.445537e-02,-5.401139e-02,-2.613490e-01,-4.655109e-01,-4.520350e-01,-3.814551e-01,-8.524260e-03,3.793156e-03,-2.098686e-02,-2.927174e-02,-2.791400e-02,1.519170e-02,4.647014e-02,6.689501e-03,9.322263e+00,1.085401e-03,3.795573e+02,7.906757e-03,9.078405e-03,7.710276e-02,3.311011e+00,-2.697956e-03,-2.451670e-03,-8.179897e-03
158,1.580000,6.813533e-01,-2.332134e+01,-6.286152e+00,5.986101e+00,-3.213556e+01,-3.307608e+01,-2.913478e+01,2.752211e+00,-1.033256e+01,-1.279440e+01,-7.010946e+00,-1.095708e+01,-1.727022e+01,3.020062e+00,1.515681e+01,2.978020e+01,-1.004879e+00,4.926305e-01,1.224795e+00,-2.150670e+00,-3.741774e+00,-2.430644e+00,-2.140413e+00,-1.417960e+00,3.394906e-01,4.316874e-01,5.392158e-01,9.772354e-01,1.382035e+00,1.649194e+00,2.028181e+00,2.634661e+00,3.573974e+02,8.711873e-01,-6.302966e-02,-1.566629e+00,1.329343e+00,6.195765e-01,-2.958436e+00,2.563217e-01,1.659556e+00,-1.993498e+00,-2.793626e+00,-2.478108e+00,-3.388856e-01,3.622679e+00,1.154714e-01,-1.599000e+00,6.945429e-01,-8.923473e-02,9.461707e-03,-1.583938e-01,-1.284143e-01,2.334013e-02,-3.166714e-01,-4.999665e-01,-4.489268e-01,-2.726768e-01,-5.258644e-03,3.599965e-03,-5.134171e-03,-2.398821e-02,-6.937194e-03,2.633109e-02,4.469075e-02,1.508384e-02,7.645801e+00,-4.064500e-04,3.821261e+02,7.383520e-03,7.544853e-03,6.318688e-02,2.616409e+00,-6.600231e-04,-4.550660e-04,-1.432005e-03
159,1.590000,5.396759e-01,-2.471110e+01,-4.694717e+00,6.357618e+00,-3.543917e+01,-3.377368e+01,-2.791559e+01,3.196938e-01,-1.161880e+01,-1.914064e+01,-6.266365e+00,-7.677409e+00,-1.746424e+01,1.707094e+00,1.380439e+01,2.759999e+01,-9.991624e-01,3.105251e-01,1.025882e+00,-2.068749e+00,-4.083010e+00,-2.880450e+00,-2.626841e+00,-1.605432e+00,3.359552e-01,4.388749e-01,5.642774e-01,1.002633e+00,1.430494e+00,1.705323e+00,2.192202e+00,2.695868e+00,3.641283e+02,8.685107e-01,-8.113723e-02,-1.445801e+00,1.392312e+00,1.749777e-01,-1.819437e+00,-7.276703e-01,3.200091e+00,-1.468485e+00,-7.446777e-01,-2.214715e+00,9.870794e-01,3.030779e+00,2.789988e+00,-1.623075e+00,-7.882424e-02,-1.386496e+00,-7.865398e-02,-1.813198e-01,-1.576735e-01,7.871567e-02,-3.208804e-01,-4.520528e-01,-3.482014e-01,-2.241325e-01,-1.402968e-03,2.779609e-03,2.683222e-03,-1.731529e-02,1.259474e-02,2.442608e-02,2.834683e-02,1.495755e-02,6.335248e+00,-1.557267e-03,3.843213e+02,8.553848e-03,8.873601e-03,7.482191e-02,2.403595e+00,7.112576e-04,1.301813e-04,4.413357e-03
160,1.600000,4.305156e-01,-2.589922e+01,-4.057090e+00,5.846310e+00,-3.610317e+01,-3.513372e+01,-2.356682e+01,-7.885030e-01,-1.089887e+01,-1.945770e+01,-4.971727e+00,-5.046002e+00,-1.110041e+01,-7.014217e-01,1.398437e+01,2.632649e+01,-1.167304e+00,1.133797e-01,8.689274e-01,-1.923839e+00,-4.327239e+00,-3.260890e+00,-2.799848e+00,-1.738094e+00,3.424005e-01,4.416751e-01,5.797467e-01,9.851117e-01,1.456507e+00,1.723325e+00,2.128313e+00,2.686241e+00,3.697623e+02,8.684146e-01,-3.052932e-02,-1.397488e+00,1.483020e+00,-3.666878e-01,-4.658462e-01,-1.133704e+00,4.144486e+00,-5.082563e-01,1.269823e+00,-1.113404e+00,1.647036e+00,1.614626e+00,4.595840e+00,-1.250390e+00,1.129677e+00,-1.626279e+00,-1.404014e-01,-1.755302e-01,-1.437301e-01,5.338578e-02,-2.842909e-01,-3.841624e-01,-2.618781e-01,-2.399099e-01,-2.422690e-04,3.853083e-04,2.658570e-03,-2.818903e-02,2.185059e-03,-2.613187e-03,-3.606496e-02,-1.493864e-02,5.367828e+00,-1.755577e-03,3.866640e+02,9.057778e-03,9.399791e-03,7.321438e-02,2.465561e+00,1.171407e-03,2.236026e-04,1.197194e-02
161,1.610000,4.452809e-01,-2.750261e+01,-1.861806e+00,4.943105e+00,-3.569688e+01,-3.704740e+01,-1.806570e+01,6.430646e-01,-8.471732e+00,-1.883624e+01,-2.266227e+00,-3.732690e+00,-4.591242e+00,-8.043820e-01,1.526232e+01,2.370163e+01,-1.398955e+00,-6.717712e-02,7.553602e-01,-1.842098e+00,-4.676100e+00,-3.625996e+00,-3.010617e+00,-2.101974e+00,3.436228e-01,4.402773e-01,5.696263e-01,9.465670e-01,1.465150e+00,1.705606e+00,2.111425e+00,2.681547e+00,3.746483e+02,8.641539e-01,9.725842e-03,-1.169266e+00,1.615168e+00,-3.803465e-01,9.628552e-01,-8.703507e-01,4.214894e+00,4.359969e-02,2.042930e+00,-1.236687e-01,1.493808e+00,-8.336697e-02,5.000016e+00,-8.095473e-01,2.175721e+00,-1.269728e+00,-1.143474e-01,-1.346624e-01,-1.101970e-01,-1.466858e-02,-2.191609e-01,-2.948340e-01,-1.795675e-01,-2.400738e-01,-3.824246e-03,-2.484286e-03,-7.687944e-03,-3.948753e-02,-1.572699e-02,-2.234466e-02,-7.028721e-02,-3.438265e-02,4.662207e+00,-1.056165e-03,3.893064e+02,1.062592e-02,8.801842e-03,9.415579e-02,2.545361e+00,8.466191e-04,-7.276818e-04,1.418456e-02
162,1.620000,5.759042e-01,-2.891302e+01,-2.875063e-01,4.859918e+00,-3.433594e+01,-3.710775e+01,-1.333729e+01,4.924448e-02,-5.556982e+00,-1.851362e+01,-7.758377e-01,-4.856309e+00,-7.275183e-01,-1.976151e+00,2.007623e+01,2.359799e+01,-1.506990e+00,-1.961695e-01,6.414061e-01,-1.997067e+00,-4.866683e+00,-3.978683e+00,-3.257915e+00,-2.369239e+00,3.344455e-01,4.329128e-01,5.498342e-01,8.643234e-01,1.375633e+00,1.635986e+00,1.888245e+00,2.567128e+00,3.789765e+02,8.645878e-01,2.431011e-02,-6.941599e-01,1.396667e+00,-4.871322e-01,1.192955e+00,2.591019e-02,2.628324e+00,-1.235269e-01,1.901493e+00,-1.768765e-01,5.422227e-01,-1.422346e+00,4.064992e+00,-7.591582e-02,3.913698e+00,-5.705646e-01,-1.039304e-02,-6.242610e-02,-6.271563e-02,-7.650902e-02,-8.087778e-02,-1.758298e-01,-1.174081e-01,-1.916240e-01,-1.022224e-02,-3.613231e-03,-1.273240e-02,-4.046422e-02,-2.459877e-02,-3.924863e-02,-7.489084e-02,-3.445075e-02,4.124414e+00,6.522834e-04,3.919613e+02,1.220452e-02,8.698746e-03,1.133796e-01,2.511111e+00,3.349088e-04,-4.900146e-04,6.783237e-03
163,1.630000,5.156108e-01,-2.905052e+01,1.496330e+00,4.949081e+00,-3.150851e+01,-3.713842e+01,-1.195588e+01,1.188185e-01,-4.075099e+00,-2.023103e+01,-8.952715e-01,-8.189090e+00,2.349397e+00,-1.703279e+00,2.163706e+01,2.261561e+01,-1.401056e+00,-2.080125e-01,5.886582e-01,-2.105478e+00,-4.909092e+00,-3.995724e+00,-3.295645e+00,-2.490228e+00,3.208115e-01,4.308347e-01,5.407940e-01,8.655899e-01,1.392296e+00,1.637269e+00,1.960800e+00,2.583511e+00,3.828322e+02,8.651433e-01,-4.928601e-03,-1.026278e-01,8.912342e-01,-7.977807e-01,8.687099e-01,2.581654e-01,3.013978e-01,-4.539076e-01,1.011245e+00,6.112779e-01,-8.200661e-01,-1.526764e+00,3.433943e+00,3.239871e-01,4.755060e+00,2.669178e-01,9.141215e-02,2.572541e-02,1.719861e-02,-9.533714e-02,6.671777e-02,-4.646835e-02,-1.212986e-02,-1.229940e-01,-1.238261e-02,-2.336431e-03,-1.166530e-02,-3.016167e-02,-1.516874e-02,-3.635740e-02,-5.662705e-02,-2.205748e-02,3.663141e+00,2.493101e-03,3.943994e+02,1.121357e-02,5.585715e-03,1.256621e-01,2.279309e+00,-3.661034e-04,-3.987684e-04,-6.214456e-03
164,1.640000,5.169012e-01,-2.859606e+01,1.247177e+00,3.407661e+00,-3.223258e+01,-3.495866e+01,-1.348011e+01,-1.144014e+00,-3.589727e+00,-1.964469e+01,-2.946091e+00,-9.929534e+00,5.754230e+00,-6.315525e-01,3.036549e+01,2.401668e+01,-1.218218e+00,-1.283331e-01,6.387003e-01,-2.174694e+00,-4.615131e+00,-3.955175e+00,-3.244374e+00,-2.502087e+00,3.026949e-01,4.283303e-01,5.305009e-01,8.232791e-01,1.369940e+00,1.561250e+00,1.829171e+00,2.563006e+00,3.862924e+02,8.711813e-01,-2.962423e-02,1.994240e-01,3.598067e-01,-1.081317e+00,1.491520e-01,-1.396053e-01,-1.518008e+00,-9.266747e-01,6.530759e-01,8.715777e-01,-1.456916e+00,-1.373814e+00,2.461211e+00,9.626211e-01,5.203847e+00,9.335373e-01,1.417398e-01,9.141034e-02,8.852772e-02,-1.225620e-01,1.400125e-01,3.622828e-02,3.930311e-02,-5.683279e-02,-1.135151e-02,-5.174071e-04,-1.046017e-02,-1.566166e-02,-3.955209e-03,-2.779927e-02,-2.582817e-02,-8.143092e-03,3.208832e+00,2.753812e-03,3.966730e+02,1.043849e-02,8.557782e-03,9.137741e-02,1.845877e+00,-8.189827e-04,1.102952e-04,-1.740102e-02
165,1.650000,4.501394e-01,-2.817423e+01,1.827024e+00,1.680330e+00,-3.240501e+01,-3.683112e+01,-1.648730e+01,-1.029844e+00,-4.399135e+00,-1.521431e+01,-5.281430e+00,-8.829897e+00,9.337600e+00,1.432546e-01,3.389299e+01,2.482687e+01,-1.086280e+00,2.753168e-02,8.427061e-01,-2.229970e+00,-4.468287e+00,-3.870092e+00,-3.078037e+00,-2.650520e+00,2.975850e-01,4.308864e-01,5.209665e-01,8.162808e-01,1.392152e+00,1.561187e+00,1.857827e+00,2.573321e+00,3.893061e+02,8.733227e-01,-1.114728e-02,1.091913e-01,6.732802e-02,-9.955012e-01,-6.939583e-02,-1.027586e+00,-2.757742e+00,-1.424005e+00,9.567834e-01,1.005423e+00,-5.168931e-01,-7.769181e-01,5.191392e-01,2.136902e+00,5.384983e+00,1.864232e+00,1.578572e-01,1.340503e-01,1.255760e-01,-2.184605e-01,1.283967e-01,7.889607e-02,8.848595e-03,-3.150735e-02,-1.067472e-02,-1.299921e-03,-1.201661e-02,-1.609828e-02,-1.580353e-02,-2.398915e-02,-4.884993e-02,-5.197892e-02,2.692975e+00,1.766276e-03,3.983471e+02,9.678413e-03,6.878482e-03,7.408462e-02,1.145361e+00,-6.958273e-04,1.038473e-04,-1.537494e-02
166,1.660000,4.605187e-01,-2.835404e+01,1.346181e+00,1.087707e+00,-3.314193e+01,-3.795942e+01,-1.866162e+01,-4.009798e+00,-2.129584e+00,-1.666409e+01,-5.867340e+00,-1.140498e+01,8.084436e+00,1.913689e+00,3.996750e+01,2.716004e+01,-9.556791e-01,1.431101e-01,9.570208e-01,-2.547631e+00,-4.387023e+00,-3.860358e+00,-3.170203e+00,-2.573257e+00,2.893012e-01,4.302999e-01,5.074471e-01,8.106697e-01,1.355928e+00,1.535031e+00,1.810590e+00,2.531508e+00,3.917838e+02,8.742672e-01,-7.916093e-04,-1.394217e-01,-2.332079e-03,-1.309352e-01,3.972736e-01,-1.553230e+00,-3.297389e+00,-1.712404e+00,1.266990e+00,1.667552e-01,8.922175e-01,-1.212972e+00,-2.155484e+00,3.246784e+00,5.077448e+00,1.976960e+00,1.775872e-01,1.512884e-01,1.049035e-01,-3.425397e-01,5.283003e-02,1.012122e-01,-5.666115e-02,-5.601359e-03,-9.820771e-03,-2.940410e-03,-1.133272e-02,-8.496648e-03,-8.915543e-04,-3.405297e-03,-1.461742e-02,-5.060031e-02,2.086096e+00,-6.849170e-05,3.992169e+02,8.877187e-03,8.603838e-03,5.216329e-02,2.653931e-01,-6.516435e-04,-1.963901e-04,-7.367256e-03
167,1.670000,4.880656e-01,-2.862557e+01,1.783469e+00,1.131552e+00,-3.140082e+01,-4.077596e+01,-2.315384e+01,-5.568316e+00,-2.125297e-02,-1.669422e+01,-2.019113e+00,-1.133596e+01,3.779989e+00,7.708611e+00,4.376097e+01,3.036509e+01,-7.430398e-01,3.265172e-01,1.057378e+00,-3.011312e+00,-4.381163e+00,-3.648652e+00,-3.288487e+00,-2.612180e+00,2.741347e-01,4.233502e-01,4.922378e-01,7.914032e-01,1.320284e+00,1.530433e+00,1.725840e+00,2.339365e+00,3.935514e+02,8.724318e-01,1.220401e-02,-3.175693e-01,-1.563547e-01,6.399929e-01,3.868122e-01,-9.555634e-01,-3.463573e+00,-1.703513e+00,7.881835e-01,-3.684370e-01,1.767426e+00,-1.024670e+00,-3.646696e+00,3.903140e+00,5.102681e+00,1.540760e+00,1.987110e-01,1.460169e-01,3.547996e-02,-3.820364e-01,3.822756e-03,9.663153e-02,-1.145236e-01,-8.075238e-05,-1.056780e-02,-5.851454e-03,-9.126562e-03,-1.010579e-02,1.641717e-02,5.921698e-03,2.880573e-03,-3.124542e-02,1.460535e+00,-2.093136e-03,3.988543e+02,8.515089e-03,6.081923e-03,6.839445e-02,-4.161255e-01,-2.883096e-04,1.477142e-04,-1.472818e-03
168,1.680000,4.939800e-01,-2.906750e+01,1.257294e+00,3.027374e+00,-3.074831e+01,-4.075238e+01,-2.663378e+01,-7.436800e+00,5.562841e-01,-1.807096e+01,-1.161626e-01,-1.474136e+01,-2.244384e+00,1.181969e+01,5.081874e+01,3.113238e+01,-5.019026e-01,4.786160e-01,1.055882e+00,-3.496722e+00,-4.394543e+00,-3.559834e+00,-3.422455e+00,-2.549264e+00,2.653162e-01,4.173963e-01,4.882016e-01,7.932346e-01,1.401416e+00,1.559601e+00,1.822077e+00,2.426982e+00,3.946002e+02,8.712843e-01,4.195750e-03,-3.100540e-01,-2.582371e-01,1.207147e+00,2.547491e-01,8.139992e-02,-2.740070e+00,-1.402598e+00,-5.739946e-01,2.520708e-01,7.781760e-01,-6.953259e-02,-2.866278e+00,2.630114e+00,3.263018e+00,5.891231e-01,1.750562e-01,1.052866e-01,-6.066566e-02,-2.935850e-01,-2.945375e-02,3.618655e-02,-8.460100e-02,-8.498764e-03,-7.133991e-03,-6.448159e-03,-1.554096e-03,8.414621e-03,4.178742e-02,2.346009e-02,7.067449e-02,4.292386e-02,1.071582e+00,-4.153073e-03,3.977464e+02,7.761939e-03,7.974111e-03,5.738622e-02,-9.523010e-02,-7.975641e-05,2.040169e-05,2.863409e-03
169,1.690000,4.944288e-01,-2.940535e+01,1.089693e+00,3.910461e+00,-3.166776e+01,-4.021245e+01,-2.981909e+01,-7.833908e+00,-1.801152e+00,-1.635306e+01,6.801125e-01,-1.228505e+01,-3.731470e+00,1.470596e+01,5.398077e+01,3.054450e+01,-3.196130e-01,5.898633e-01,9.706755e-01,-3.665606e+00,-4.445413e+00,-3.537196e+00,-3.524529e+00,-2.662920e+00,2.567385e-01,4.080809e-01,4.849564e-01,7.744694e-01,1.451494e+00,1.578511e+00,1.866486e+00,2.469357e+00,3.952005e+02,8.643484e-01,-1.505497e-02,2.669563e-01,-1.001578e+00,1.098143e+00,5.948046e-01,1.898443e+00,-2.325599e+00,-1.492206e+00,-1.418124e+00,3.679690e-01,-1.180921e-01,6.083916e-01,-7.344459e-01,5.499390e-01,1.822548e-02,-3.955599e-01,9.424023e-02,2.314498e-02,-1.833708e-01,-1.172450e-01,6.665277e-02,1.070491e-01,5.801859e-02,1.160989e-01,-1.954362e-03,-5.381671e-03,1.060107e-02,3.895064e-02,4.439167e-02,3.629730e-02,1.196580e-01,9.725938e-02,1.180679e+00,-4.511517e-03,3.970017e+02,8.794489e-03,7.931917e-03,6.410906e-02,1.508008e+00,2.843458e-04,6.389989e-04,4.888841e-03
170,1.700000,4.783159e-01,-2.951443e+01,4.018829e-01,5.733987e+00,-3.173471e+01,-3.783418e+01,-2.902935e+01,-9.889992e+00,-4.109607e+00,-1.557431e+01,-3.326073e+00,-1.127809e+01,-2.491224e+00,1.156559e+01,5.117269e+01,3.001595e+01,-2.921115e-01,5.378700e-01,6.970437e-01,-3.688409e+00,-4.502167e+00,-3.735153e+00,-3.475188e+00,-2.590381e+00,2.623293e-01,4.056937e-01,5.033173e-01,8.612097e-01,1.499260e+00,1.628292e+00,2.093640e+00,2.681131e+00,3.963171e+02,8.575435e-01,-2.938351e-02,1.105122e+00,-1.703004e+00,3.226321e-01,1.495551e+00,2.789510e+00,-2.542369e+00,-1.162388e+00,-1.822538e+00,6.081160e-01,-3.073680e-03,9.909620e-01,9.893044e-01,3.626622e-01,-2.688482e+00,-6.135412e-01,3.339644e-02,-1.295174e-02,-2.241611e-01,4.428513e-02,2.291158e-01,2.972272e-01,2.564838e-01,2.500489e-01,3.311551e-03,-2.513376e-03,2.571585e-02,7.486781e-02,2.326649e-02,3.633083e-02,1.189290e-01,7.908795e-02,1.844281e+00,-2.641517e-03,3.996670e+02,8.338705e-03,7.780850e-03,6.862303e-02,3.835086e+00,9.014057e-04,1.345954e-03,8.187713e-03
171,1.710000,4.206228e-01,-2.706733e+01,-2.796715e+00,5.268958e+00,-2.793359e+01,-3.274285e+01,-3.358405e+01,-1.180275e+01,-4.778926e+00,-1.610270e+01,-1.004619e+00,-1.002564e+01,2.311800e-01,1.058536e+01,4.367512e+01,2.894550e+01,-3.767342e-01,4.126151e-01,3.199431e-01,-3.501693e+00,-3.994087e+00,-3.025748e+00,-2.972028e+00,-2.011128e+00,2.658564e-01,4.022932e-01,5.376853e-01,9.521689e-01,1.493320e+00,1.677574e+00,2.188349e+00,2.698587e+00,3.985963e+02,8.567446e-01,-3.076822e-02,1.987263e+00,-2.083573e+00,-3.775156e-01,1.690390e+00,3.606040e+00,-3.313794e+00,-2.485961e-01,-1.644492e+00,2.186985e-01,-1.724609e-01,3.883285e-01,1.268352e+00,2.278276e+00,-2.978131e+00,-1.001372e+00,4.551734e-02,3.636188e-02,-1.206801e-01,1.922331e-01,4.232051e-01,5.027020e-01,3.616892e-01,3.572512e-01,5.033317e-03,-7.441372e-04,3.008755e-02,7.214803e-02,8.412314e-03,2.143539e-02,5.505848e-02,3.465559e-02,2.735587e+00,1.935697e-03,4.054340e+02,9.648435e-03,9.373548e-03,8.722025e-02,5.409472e+00,6.086902e-04,1.851158e-03,6.462275e-03
172,1.720000,3.839655e-01,-2.471090e+01,-5.314521e+00,3.961286e+00,-2.513764e+01,-3.053963e+01,-3.746315e+01,-1.126432e+01,-7.067519e+00,-1.515556e+01,7.108347e-01,-1.091626e+01,7.208126e-01,1.569330e+01,4.252916e+01,2.886417e+01,-3.063599e-01,5.024814e-01,2.604427e-01,-3.357253e+00,-3.474627e+00,-2.329423e+00,-2.416286e+00,-1.624915e+00,2.773151e-01,4.077233e-01,5.904164e-01,1.078724e+00,1.496836e+00,1.691724e+00,2.255790e+00,2.707807e+00,4.021237e+02,8.618786e-01,-3.162840e-02,2.289251e+00,-1.514405e+00,-8.838015e-01,3.274788e-01,3.556397e+00,-3.082336e+00,1.427195e+00,-1.716055e+00,1.199244e-01,-1.689239e+00,4.726191e-01,1.628713e+00,4.950863e+00,-8.595337e-01,-1.342739e+00,1.194111e-01,1.501857e-01,1.041869e-01,3.442423e-01,4.953155e-01,5.076995e-01,3.000933e-01,2.965102e-01,3.866482e-03,4.895240e-04,2.015281e-02,3.270260e-02,-1.123681e-02,-1.312956e-02,-5.903973e-02,-4.600055e-02,3.339423e+00,5.516917e-03,4.127057e+02,1.184199e-02,1.398306e-02,8.676919e-02,5.150909e+00,-2.834005e-05,1.191113e-03,2.092610e-03
173,1.730000,3.877629e-01,-2.187080e+01,-6.469969e+00,2.909233e+00,-2.651435e+01,-2.582953e+01,-4.217116e+01,-8.389725e+00,-8.544658e+00,-1.546894e+01,-2.200646e+00,-1.052433e+01,1.004270e+00,2.403348e+01,4.341188e+01,2.611353e+01,-8.490210e-02,7.893670e-01,5.855755e-01,-2.870019e+00,-2.843158e+00,-1.726552e+00,-2.245534e+00,-1.359397e+00,2.744122e-01,4.033455e-01,5.918446e-01,1.026452e+00,1.494768e+00,1.653972e+00,2.060703e+00,2.629297e+00,4.059752e+02,8.718593e-01,-4.201505e-02,1.911309e+00,-4.400861e-01,-9.819168e-01,-1.566246e+00,3.461965e+00,-1.410884e+00,2.802577e+00,-1.211928e+00,-1.299450e-01,-4.650211e+00,7.288868e-01,2.005471e+00,5.330388e+00,1.115101e+00,-1.591798e+00,1.342172e-01,1.895048e-01,3.071316e-01,4.587847e-01,4.426164e-01,3.020477e-01,1.177147e-01,1.520135e-01,4.925099e-03,3.460744e-03,6.143910e-03,-9.760696e-03,-2.549385e-02,-3.442265e-02,-1.190357e-01,-6.817536e-02,3.349509e+00,7.144362e-03,4.175298e+02,1.008630e-02,1.408660e-02,8.734736e-02,3.379761e+00,-1.226111e-03,-7.853566e-04,-1.373736e-03
174,1.740000,3.366039e-01,-2.066644e+01,-5.333516e+00,2.494842e+00,-3.080694e+01,-2.350886e+01,-4.014747e+01,-4.460530e+00,-1.080702e+01,-1.529157e+01,-1.117426e+01,-8.665651e+00,5.265798e+00,2.959584e+01,4.700664e+01,2.471824e+01,1.590280e-01,1.100422e+00,1.085162e+00,-2.283035e+00,-2.601054e+00,-1.846254e+00,-2.337968e+00,-1.433695e+00,2.773838e-01,4.076152e-01,5.770017e-01,9.875810e-01,1.442352e+00,1.574445e+00,1.862264e+00,2.485774e+00,4.093248e+02,8.775707e-01,-7.294993e-03,1.528188e+00,3.727179e-02,-1.398988e+00,-1.993227e+00,3.436690e+00,1.465305e-01,3.441321e+00,4.939004e-01,-6.048187e-01,-5.712370e+00,7.248091e-01,2.199640e+00,3.258015e+00,8.278221e-01,-1.714918e+00,1.943150e-02,8.884670e-02,3.777899e-01,5.048312e-01,3.972940e-01,2.062251e-01,2.933392e-02,9.184352e-02,1.206811e-02,9.936342e-03,1.831537e-03,-1.111084e-02,-2.913445e-02,-3.022828e-02,-9.376965e-02,-4.958432e-02,2.817621e+00,6.070667e-03,4.193737e+02,7.978074e-03,1.137989e-02,7.902253e-02,1.221982e+00,-2.041610e-03,-2.537001e-03,-3.894605e-03
175,1.750000,2.342284e-01,-1.953302e+01,-4.987648e+00,1.092595e+00,-3.293017e+01,-1.894841e+01,-3.929631e+01,-1.191760e+00,-8.968819e+00,-1.668442e+01,-1.831313e+01,-7.506509e+00,7.986042e+00,3.028603e+01,4.701188e+01,2.305948e+01,6.165795e-02,1.061169e+00,1.443241e+00,-1.744879e+00,-2.217792e+00,-1.757093e+00,-2.422614e+00,-1.346671e+00,2.904475e-01,4.196509e-01,5.751122e-01,9.489369e-01,1.393093e+00,1.564100e+00,1.789934e+00,2.468727e+00,4.117433e+02,8.846204e-01,2.045536e-02,9.684414e-01,-1.978991e-01,-2.301308e+00,-1.496608e+00,2.150122e+00,8.326103e-01,2.947931e+00,2.324692e+00,-8.262986e-01,-4.666216e+00,5.342037e-01,1.304808e+00,8.857653e-01,-2.966282e-01,-1.024237e+00,-1.486689e-01,-7.396285e-02,3.337868e-01,4.100831e-01,3.298221e-01,1.999803e-01,4.587002e-02,5.827906e-02,2.419421e-02,1.798331e-02,1.461100e-02,3.222742e-02,-1.530839e-02,-3.328800e-04,1.319802e-02,1.583340e-02,2.079031e+00,4.044676e-03,4.189988e+02,5.449838e-03,6.748352e-03,8.422490e-02,-1.367767e-01,-1.692524e-03,-2.791232e-03,-7.568378e-03
176,1.760000,4.242578e-01,-1.823885e+01,-5.869322e+00,-2.125334e+00,-3.189586e+01,-1.679674e+01,-3.816792e+01,2.343305e+00,-4.385936e+00,-1.757192e+01,-1.979478e+01,-8.801126e+00,8.228125e+00,2.885710e+01,4.486827e+01,2.181661e+01,-2.824824e-01,8.108141e-01,1.720559e+00,-1.395667e+00,-1.800840e+00,-1.283027e+00,-2.181077e+00,-1.172061e+00,3.296380e-01,4.492523e-01,6.079403e-01,1.061927e+00,1.402001e+00,1.585518e+00,1.922327e+00,2.540170e+00,4.133277e+02,8.858514e-01,8.134584e-02,6.966215e-01,-4.343141e-01,-2.916397e+00,-2.486149e-01,1.108824e+00,7.120835e-01,1.860485e+00,3.960635e+00,-5.835768e-01,-2.665111e+00,4.690626e-01,-4.904114e-01,-5.650994e-01,-1.794505e+00,-7.837408e-01,-2.498836e-01,-1.756776e-01,2.466355e-01,2.716264e-01,3.069519e-01,2.775360e-01,9.553955e-02,3.663724e-02,2.758779e-02,1.907092e-02,1.663598e-02,5.755761e-02,-1.233494e-03,1.795757e-02,5.579915e-02,2.194600e-02,1.426663e+00,2.381581e-03,4.180811e+02,3.952174e-03,4.967181e-03,6.885739e-02,-5.304748e-01,-7.165688e-04,-2.075626e-03,-1.080668e-02
177,1.770000,4.462128e-01,-1.824238e+01,-7.191561e+00,-6.287218e+00,-3.345293e+01,-1.843497e+01,-3.899788e+01,2.948010e+00,-1.317368e-01,-1.846026e+01,-2.122147e+01,-7.785571e+00,6.047146e+00,2.883167e+01,4.299793e+01,2.244316e+01,-6.074912e-01,5.643569e-01,1.936811e+00,-1.263287e+00,-1.594154e+00,-1.008264e+00,-2.094630e+00,-1.198819e+00,3.692562e-01,4.724435e-01,6.494303e-01,1.150416e+00,1.438402e+00,1.646771e+00,2.096662e+00,2.681266e+00,4.143689e+02,8.879423e-01,5.847300e-02,3.379591e-01,-3.890224e-01,-2.994802e+00,5.494385e-02,3.329059e-01,5.906337e-01,4.299015e-01,3.956318e+00,3.344650e-02,-1.686618e+00,9.877027e-01,-1.041720e+00,-7.365128e-01,-1.755613e+00,-3.486288e-01,-2.250403e-01,-1.645191e-01,1.534616e-01,1.532228e-01,2.539895e-01,2.472341e-01,7.450573e-02,-3.081713e-02,2.360236e-02,1.376556e-02,1.473488e-02,5.580213e-02,1.345909e-03,9.748399e-03,3.417572e-02,-4.022932e-03,9.954834e-01,1.380092e-03,4.174922e+02,3.636625e-03,3.336797e-03,5.458804e-02,-2.980530e-01,3.653488e-04,-8.270862e-04,-1.200691e-02
178,1.780000,6.373408e-01,-1.782865e+01,-6.403130e+00,-8.397235e+00,-3.178864e+01,-1.822146e+01,-3.673627e+01,2.772012e+00,4.577618e+00,-1.732154e+01,-2.304564e+01,-6.180808e+00,3.783189e+00,2.749752e+01,4.004109e+01,2.110770e+01,-7.558152e-01,4.704404e-01,2.071554e+00,-1.165699e+00,-1.378114e+00,-8.329887e-01,-2.024262e+00,-1.324435e+00,3.759184e-01,4.765736e-01,6.230226e-01,1.174629e+00,1.413530e+00,1.622898e+00,1.987896e+00,2.489234e+00,4.151454e+02,8.878176e-01,2.665297e-02,1.355055e-01,1.491694e-01,-2.407084e+00,3.934948e-01,8.843743e-01,6.682464e-01,-6.169836e-01,2.870927e+00,6.852846e-01,-1.681706e+00,1.331540e+00,-1.063908e+00,-9.506820e-01,-1.371965e+00,-5.319208e-01,-1.456544e-01,-1.094238e-01,5.995475e-02,9.966595e-02,2.248816e-01,1.616208e-01,2.589798e-03,-1.035961e-01,1.358443e-02,5.097076e-03,1.070178e-02,2.094719e-02,-1.001813e-02,-1.142683e-02,-2.702326e-02,-3.403328e-02,7.692536e-01,1.919246e-03,4.174746e+02,5.301837e-03,2.707540e-03,3.980754e-02,9.054260e-02,8.499877e-04,-2.741034e-05,-8.053787e-03
179,1.790000,4.200518e-01,-1.804833e+01,-6.665857e+00,-1.074546e+01,-3.270906e+01,-1.657153e+01,-3.705896e+01,7.433940e-01,6.330996e+00,-1.664238e+01,-2.512079e+01,-3.878155e+00,4.999910e+00,2.728326e+01,4.064741e+01,2.167079e+01,-8.268771e-01,4.087600e-01,2.035052e+00,-1.093749e+00,-1.159208e+00,-7.459416e-01,-2.128492e+00,-1.424569e+00,3.853191e-01,4.748181e-01,6.412455e-01,1.171597e+00,1.394058e+00,1.594152e+00,1.928028e+00,2.474080e+00,4.158119e+02,8.905377e-01,1.935431e-02,7.067604e-02,1.228451e-01,-2.063343e+00,2.216377e-01,1.750880e+00,2.386669e-01,-1.032531e+00,8.677495e-01,1.307404e+00,-1.129081e+00,1.164762e+00,1.513450e-02,-8.589478e-01,-2.693172e-01,-3.621872e-01,-8.920819e-02,-7.453758e-02,-2.541530e-02,1.020967e-01,2.289727e-01,1.136797e-01,-2.760954e-02,-1.162339e-01,9.660095e-03,2.158916e-03,2.491614e-02,2.511501e-03,-1.081026e-02,-1.856599e-02,-2.350531e-02,-2.304363e-03,6.714844e-01,2.008897e-03,4.178117e+02,6.601751e-03,3.742742e-03,3.871527e-02,3.782440e-01,5.009894e-04,4.687852e-04,-4.967258e-03
180,1.800000,5.706031e-01,-1.765835e+01,-5.386328e+00,-1.193163e+01,-3.030032e+01,-1.330659e+01,-3.579615e+01,3.606951e-01,6.737333e+00,-1.505443e+01,-2.625365e+01,-4.097136e+00,3.432205e+00,2.487790e+01,3.918370e+01,1.954319e+01,-9.010611e-01,3.414938e-01,1.971212e+00,-9.821060e-01,-8.939054e-01,-6.060838e-01,-2.151196e+00,-1.577166e+00,3.895287e-01,4.735503e-01,6.655416e-01,1.156073e+00,1.374083e+00,1.554694e+00,1.871528e+00,2.473596e+00,4.164525e+02,8.941500e-01,3.584731e-02,-1.124231e-01,-2.262971e-01,-2.105055e+00,-4.512833e-01,2.151248e+00,-1.222770e+00,-7.402681e-01,-1.418483e+00,1.156861e+00,2.904148e-02,3.120138e-01,1.096926e+00,-2.391312e-01,6.033314e-01,-2.116260e-02,-6.443965e-02,-6.829727e-02,-8.669652e-02,1.015450e-01,2.116814e-01,8.369939e-02,-2.688942e-02,-1.371130e-01,7.798749e-03,3.327018e-03,3.996816e-02,-3.451705e-03,-4.166806e-03,-4.108906e-03,9.551680e-03,4.618311e-02,6.047455e-01,1.384360e-03,4.183740e+02,6.719550e-03,4.627157e-03,3.652484e-02,4.045502e-01,-1.992323e-04,2.820439e-04,-2.416452e-03
181,1.810000,5.763532e-01,-1.797415e+01,-7.085737e+00,-1.483673e+01,-3.308890e+01,-1.213800e+01,-3.827461e+01,-1.008985e+00,3.127153e+00,-1.305679e+01,-2.526287e+01,-3.003597e+00,6.298311e+00,2.584675e+01,4.208004e+01,2.141448e+01,-9.809092e-01,2.561423e-01,1.859905e+00,-8.446004e-01,-6.913949e-01,-5.533175e-01,-2.169210e+00,-1.653623e+00,4.107515e-01,4.847497e-01,7.527515e-01,1.172252e+00,1.404074e+00,1.588043e+00,2.037319e+00,2.677563e+00,4.170728e+02,8.948206e-01,7.391258e-02,-1.873524e-01,-5.340404e-01,-1.810601e+00,-8.346445e-01,2.438866e+00,-2.325444e+00,-6.065042e-02,-2.439885e+00,1.268386e+00,1.029021e+00,-2.353850e-01,2.223328e+00,7.230841e-01,9.755058e-01,-5.918503e-04,-4.720812e-02,-6.235109e-02,-1.117186e-01,8.060388e-02,1.946708e-01,6.847368e-02,5.198956e-04,-1.406794e-01,4.117924e-03,4.886272e-03,4.238245e-02,-1.958263e-03,-1.083958e-03,9.328747e-03,2.650506e-02,4.259191e-02,4.271240e-01,-1.973319e-03,4.189337e+02,5.432716e-03,4.720915e-03,3.139310e-02,-1.057373e-01,-4.024550e-04,-1.350812e-04,1.778248e-03
182,1.820000,7.384267e-01,-1.842785e+01,-7.324675e+00,-1.687687e+01,-3.385514e+01,-9.681975e+00,-4.224229e+01,-5.313905e-02,-9.128742e-01,-1.333003e+01,-2.282939e+01,-5.058017e+00,8.618619e+00,2.702012e+01,4.234143e+01,2.113004e+01,-1.000997e+00,2.052629e-01,1.725645e+00,-7.825479e-01,-5.536135e-01,-5.108039e-01,-2.138350e+00,-1.895473e+00,4.021960e-01,4.882429e-01,7.671103e-01,1.157043e+00,1.387688e+00,1.605408e+00,1.981009e+00,2.618408e+00,4.175387e+02,8.925980e-01,2.526104e-02,-2.793848e-01,-5.778649e-01,-1.154119e+00,-9.300407e-01,2.562832e+00,-2.794498e+00,-8.266356e-02,-2.273470e+00,1.468684e+00,6.153898e-01,-1.017224e+00,2.767717e+00,1.373906e+00,2.299934e-01,-3.863029e-01,-3.146099e-02,-5.344181e-02,-1.220637e-01,1.672805e-02,1.878907e-01,4.356270e-02,4.825234e-03,-1.389266e-01,-4.345119e-04,2.875856e-03,3.105826e-02,-9.374619e-05,-9.407675e-03,1.336133e-02,3.940535e-03,1.892076e-02,-7.626343e-03,-5.854416e-03,4.189364e+02,4.890194e-03,3.628673e-03,3.138637e-02,-1.311838e+00,-1.226702e-04,-4.965911e-04,5.674273e-03
183,1.830000,7.057030e-01,-1.860034e+01,-8.366885e+00,-1.732585e+01,-3.510488e+01,-6.189507e+00,-4.546311e+01,6.470590e-01,-2.043325e+00,-1.116265e+01,-2.168781e+01,-4.574639e+00,1.352335e+01,2.982757e+01,4.394607e+01,2.087441e+01,-1.012950e+00,1.651201e-01,1.599242e+00,-7.905090e-01,-3.559997e-01,-4.512132e-01,-2.132316e+00,-1.968813e+00,3.995751e-01,4.919032e-01,8.023733e-01,1.161320e+00,1.381835e+00,1.615439e+00,2.005813e+00,2.614634e+00,4.174044e+02,8.814471e-01,-3.741773e-02,-4.365635e-01,2.325152e-01,2.658447e-01,4.398575e-02,2.542740e+00,-1.177057e+00,-1.126147e+00,-6.186778e-01,2.985402e+00,-1.259649e-01,-2.373894e+00,2.351740e+00,1.024572e+00,-1.818859e+00,-9.828749e-01,-2.422496e-02,-5.200829e-02,-1.441481e-01,-1.118251e-01,1.661586e-01,-2.954497e-02,-7.036626e-02,-1.488809e-01,-7.263261e-03,-2.518293e-03,1.426989e-03,-4.734290e-03,-2.961190e-02,-1.582704e-02,-4.139847e-02,-6.488607e-02,-7.018860e-01,-7.492739e-03,4.170019e+02,5.504154e-03,3.566578e-03,5.017575e-02,-2.784656e+00,8.660987e-04,-1.179310e-04,1.443411e-02
184,1.840000,6.322334e-01,-1.874218e+01,-7.635078e+00,-1.645767e+01,-3.394253e+01,-3.466680e+00,-4.617439e+01,-8.806448e-01,-2.044779e+00,-8.658078e+00,-2.496423e+01,-8.397733e+00,1.365827e+01,2.975702e+01,3.940065e+01,1.788171e+01,-1.042346e+00,1.197958e-01,1.491226e+00,-9.255114e-01,-1.221496e-01,-4.393225e-01,-2.145518e+00,-2.114204e+00,3.929444e-01,4.843529e-01,7.960220e-01,1.161070e+00,1.338164e+00,1.607802e+00,1.906984e+00,2.599665e+00,4.162485e+02,8.715646e-01,-1.046140e-01,-9.725540e-01,1.080417e+00,2.052301e+00,5.119640e-01,-4.498613e-02,1.678529e+00,-3.091060e+00,5.863180e-01,4.230021e+00,-1.751179e-01,-3.424152e+00,1.006688e+00,-5.174280e-01,-2.293522e+00,-1.341074e-01,9.930491e-04,-3.024760e-02,-1.551977e-01,-3.096559e-01,-7.533477e-02,-2.888112e-01,-1.615471e-01,-1.341475e-01,-1.309014e-02,-9.067932e-03,-3.070468e-02,-1.845902e-02,-3.787608e-02,-4.085309e-02,-4.172932e-02,-7.744434e-02,-1.462744e+00,-5.383885e-03,4.127807e+02,6.070480e-03,2.721370e-03,5.550488e-02,-3.745328e+00,2.138381e-03,5.654025e-04,1.638652e-02
185,1.850000,4.423612e-01,-1.999980e+01,-5.767959e+00,-1.371711e+01,-3.282527e+01,-2.531952e+00,-4.219385e+01,-6.225967e+00,5.997164e-01,-4.657564e-01,-2.482528e+01,-1.320321e+01,1.553718e+01,2.960116e+01,3.445613e+01,1.812427e+01,-1.081360e+00,3.883436e-02,1.256374e+00,-1.332244e+00,-7.633371e-02,-7.367830e-01,-2.517458e+00,-2.288662e+00,3.790610e-01,4.741032e-01,7.454306e-01,1.146567e+00,1.280777e+00,1.507710e+00,1.867339e+00,2.362504e+00,4.142084e+02,8.678736e-01,-1.043831e-01,-1.791003e+00,1.929977e+00,3.772427e+00,4.230259e-01,-4.109220e+00,4.018740e+00,-3.694424e+00,7.163208e-01,3.251979e+00,1.974488e+00,-3.531361e+00,-1.080394e+00,-2.201099e+00,-7.027222e-01,1.976313e+00,6.338780e-02,2.319885e-02,-1.448819e-01,-5.113193e-01,-5.078300e-01,-6.205140e-01,-2.671642e-01,-1.396373e-01,-2.152402e-02,-1.424115e-02,-6.567937e-02,-3.767531e-02,-2.792007e-02,-4.604188e-02,-1.456839e-02,-7.215707e-02,-1.993634e+00,-6.569922e-04,4.080883e+02,9.173066e-03,4.584912e-03,9.150442e-02,-3.586328e+00,2.543534e-03,8.118216e-04,1.480426e-02
186,1.860000,3.470275e-01,-2.259089e+01,-3.222053e+00,-8.419735e+00,-3.243512e+01,-1.173568e+01,-3.548428e+01,-1.207193e+01,6.971948e-01,2.471631e+00,-2.213625e+01,-1.786449e+01,1.264514e+01,2.454619e+01,3.561879e+01,2.183457e+01,-9.618271e-01,1.171677e-01,1.121091e+00,-2.059960e+00,-1.070120e+00,-1.812075e+00,-2.753515e+00,-2.406286e+00,3.470023e-01,4.518032e-01,6.420583e-01,1.072125e+00,1.248837e+00,1.455006e+00,1.841599e+00,2.357251e+00,4.118230e+02,8.724653e-01,-4.666622e-02,-2.283952e+00,2.026836e+00,4.580589e+00,-4.534225e-01,-7.759809e+00,4.718475e+00,-2.647411e+00,-8.332885e-01,5.889661e-01,4.480453e+00,-2.180655e+00,-2.908113e+00,-3.016444e+00,2.585002e+00,3.964194e+00,1.545226e-01,1.077570e-01,-9.316762e-02,-5.795781e-01,-9.112781e-01,-8.759190e-01,-2.857359e-01,-1.204421e-01,-2.542815e-02,-1.576680e-02,-7.196607e-02,-5.698901e-02,7.082748e-03,-1.295600e-02,4.953172e-02,1.869247e-02,-2.168411e+00,2.068436e-03,4.046665e+02,1.374764e-02,5.946518e-03,9.265462e-02,-2.692792e+00,1.477802e-03,6.782988e-04,3.471882e-03
187,1.870000,3.263907e-01,-2.563100e+01,-9.235129e-01,-2.482678e+00,-3.374345e+01,-2.260110e+01,-3.071446e+01,-1.222942e+01,1.672913e-01,-4.676116e-01,-1.322936e+01,-1.749806e+01,8.627941e+00,2.142749e+01,4.232339e+01,2.877954e+01,-7.362700e-01,2.824284e-01,1.059900e+00,-2.779881e+00,-2.421164e+00,-2.867407e+00,-3.164138e+00,-2.520958e+00,3.149260e-01,4.369723e-01,5.509583e-01,1.017416e+00,1.286898e+00,1.461627e+00,1.965663e+00,2.375055e+00,4.096490e+02,8.777118e-01,4.672198e-02,-1.987651e+00,1.559846e+00,3.924387e+00,-9.692104e-01,-8.372313e+00,3.299340e+00,-3.656152e-01,-2.676959e+00,-2.101485e+00,5.393973e+00,-1.202159e+00,-3.818878e+00,-2.116035e+00,4.144990e+00,4.091309e+00,2.120271e-01,1.665886e-01,-1.780513e-02,-4.703541e-01,-9.586584e-01,-7.997376e-01,-2.049613e-01,-9.897349e-02,-2.244549e-02,-1.293656e-02,-5.450774e-02,-5.717136e-02,3.546546e-02,3.504425e-02,8.286228e-02,9.802775e-02,-2.096545e+00,1.538020e-03,4.031273e+02,1.438324e-02,6.013112e-03,1.056222e-01,-1.880942e+00,-1.175748e-03,-4.236346e-04,-1.288180e-02
188,1.880000,4.568876e-01,-2.734634e+01,7.687858e-02,8.280590e-01,-3.575055e+01,-3.223115e+01,-2.832171e+01,-1.111597e+01,-5.995009e+00,-5.712320e+00,-8.359918e+00,-1.715358e+01,2.572328e+00,1.876163e+01,4.839203e+01,3.237504e+01,-4.422780e-01,5.367837e-01,1.123625e+00,-3.099583e+00,-3.506125e+00,-3.753606e+00,-3.250857e+00,-2.600266e+00,2.978711e-01,4.240843e-01,5.334278e-01,9.407004e-01,1.370517e+00,1.566064e+00,2.105480e+00,2.686852e+00,4.076861e+02,8.769877e-01,1.212561e-01,-1.077946e+00,7.852672e-01,2.371763e+00,-6.048954e-01,-5.367543e+00,1.222931e+00,6.652311e-01,-2.961870e+00,-2.083820e+00,3.594893e+00,-6.815401e-01,-2.855200e+00,-7.512903e-01,2.559291e+00,2.178193e+00,2.007017e-01,1.585815e-01,3.024340e-03,-2.662502e-01,-6.216979e-01,-4.673305e-01,-9.422443e-02,-5.954654e-02,-1.514251e-02,-9.004161e-03,-2.695839e-02,-4.670271e-02,3.848188e-02,4.441001e-02,5.311846e-02,9.451465e-02,-2.016061e+00,-1.045012e-03,4.017972e+02,1.085440e-02,5.398764e-03,6.580542e-02,-1.774582e+00,-3.072932e-03,-9.556228e-04,-1.776979e-02
189,1.890000,6.210411e-01,-2.756033e+01,3.818065e-01,1.280926e+00,-3.601361e+01,-3.414579e+01,-2.927843e+01,-8.532020e+00,-9.438977e+00,-6.881204e+00,-4.743577e+00,-1.956946e+01,1.479200e+00,2.191326e+01,4.879446e+01,3.331058e+01,-2.809990e-01,6.619696e-01,1.166082e+00,-3.164203e+00,-3.651623e+00,-3.764706e+00,-3.293593e+00,-2.686539e+00,2.913992e-01,4.232799e-01,5.272072e-01,9.264223e-01,1.397264e+00,1.627403e+00,2.149710e+00,2.687843e+00,4.057941e+02,8.733025e-01,1.468070e-01,-2.396564e-01,2.886864e-01,1.259752e+00,4.152184e-01,-1.696772e+00,-2.052845e-01,1.201664e-01,-1.940071e+00,-5.406573e-01,3.507912e-01,-6.345432e-01,-1.964751e+00,-2.871826e-01,-2.471100e-01,-3.614988e-01,1.469191e-01,1.093512e-01,-2.282544e-02,-1.280027e-01,-2.434445e-01,-1.593280e-01,-9.126663e-04,-2.661905e-02,-9.728497e-03,-7.648483e-03,-9.407694e-03,-3.538456e-02,1.031443e-02,2.354776e-02,-2.566764e-02,5.146766e-02,-2.115070e+00,-3.107375e-03,4.001182e+02,4.740948e-03,2.740616e-03,4.052002e-02,-2.412088e+00,-2.782508e-03,-1.034129e-03,-1.667863e-02
190,1.900000,8.059830e-01,-2.701595e+01,5.162279e-02,1.557276e+00,-3.432452e+01,-3.280106e+01,-3.008764e+01,-1.059447e+01,-9.309019e+00,-4.740674e+00,-8.404675e+00,-2.023650e+01,1.943515e+00,2.054685e+01,4.517971e+01,3.046002e+01,-1.859541e-01,7.203047e-01,1.083122e+00,-3.199050e+00,-3.563380e+00,-3.700078e+00,-3.159909e+00,-2.621228e+00,2.830532e-01,4.136286e-01,5.191419e-01,8.841084e-01,1.386063e+00,1.594169e+00,2.015167e+00,2.673431e+00,4.036701e+02,8.694449e-01,1.195254e-01,4.953308e-02,-4.491093e-02,6.779104e-01,1.293696e+00,1.010872e+00,-9.749144e-01,-9.688776e-01,-3.557788e-01,8.098761e-01,-2.718299e+00,1.578552e-01,-1.270511e+00,-8.422077e-01,-2.424683e+00,-1.765042e+00,7.387465e-02,2.904195e-02,-1.116664e-01,-8.250632e-02,5.193448e-03,2.280910e-02,2.577085e-02,-1.727634e-02,-9.273079e-03,-8.013469e-03,-7.927001e-03,-1.944941e-02,-2.778783e-02,-1.336472e-02,-1.051985e-01,-5.666511e-02,-2.409363e+00,-3.925645e-03,3.972982e+02,3.204131e-03,2.804652e-03,3.635676e-02,-3.292239e+00,-1.178039e-03,-4.517795e-04,-2.398216e-03
191,1.910000,8.858783e-01,-2.699448e+01,5.325471e-01,3.451473e+00,-3.238038e+01,-3.080001e+01,-3.085792e+01,-1.188934e+01,-7.876059e+00,-3.656721e+00,-1.145302e+01,-1.912932e+01,-8.814054e-01,1.909897e+01,4.269400e+01,2.792956e+01,-1.298365e-01,7.374236e-01,9.660246e-01,-3.370161e+00,-3.609759e+00,-3.690811e+00,-3.214175e+00,-2.643573e+00,2.736925e-01,4.039577e-01,5.110628e-01,8.687897e-01,1.330697e+00,1.565314e+00,1.882482e+00,2.639104e+00,4.010817e+02,8.659464e-01,6.202843e-02,-1.328293e-01,-2.187268e-01,7.445871e-01,1.665667e+00,1.774055e+00,-7.191427e-01,-1.349013e+00,-2.458028e-01,6.870918e-01,-4.000224e+00,1.135444e+00,-1.434257e+00,-1.848559e+00,-3.187081e+00,-2.007425e+00,1.040556e-02,-4.955983e-02,-2.158322e-01,-7.572146e-02,2.073658e-02,1.307940e-02,2.338905e-02,-2.633693e-02,-1.077931e-02,-9.916949e-03,-8.235598e-03,-1.176583e-02,-5.096632e-02,-2.533983e-02,-1.326153e-01,-1.331690e-01,-2.796472e+00,-4.942691e-03,3.933164e+02,4.295839e-03,2.139521e-03,3.695334e-02,-3.957840e+00,8.591715e-04,4.292395e-04,3.537275e-03
192,1.920000,9.220958e-01,-2.738160e+01,-2.230464e-01,3.132338e+00,-3.109869e+01,-2.884968e+01,-3.240654e+01,-1.428170e+01,-8.555362e+00,-3.275181e+00,-1.859669e+01,-1.658437e+01,-2.599922e+00,1.595774e+01,3.931885e+01,2.624034e+01,-1.484860e-01,6.442664e-01,6.653208e-01,-3.409136e+00,-3.501090e+00,-3.676508e+00,-3.161712e+00,-2.708131e+00,2.603590e-01,3.936780e-01,5.018650e-01,8.722696e-01,1.264861e+00,1.530285e+00,1.713102e+00,2.427896e+00,3.979955e+02,8.610376e-01,-2.490486e-02,-4.044098e-01,-4.853806e-01,6.792372e-01,1.312285e+00,1.459871e+00,-2.163183e-01,-1.250741e+00,-9.793640e-01,-7.329669e-01,-2.870368e+00,8.554503e-01,-1.340178e+00,-1.700364e+00,-3.639124e+00,-1.848625e+00,-5.270610e-02,-1.284297e-01,-2.944083e-01,-4.781270e-02,1.571906e-02,-1.366625e-02,-6.261825e-04,-7.138419e-03,-8.647914e-03,-8.424511e-03,-6.124169e-04,1.577051e-02,-3.798299e-02,-1.273906e-03,-6.132690e-02,-1.464391e-01,-3.130002e+00,-6.772631e-03,3.887369e+02,5.186762e-03,3.440414e-03,5.559768e-02,-4.130579e+00,2.504682e-03,8.071173e-04,3.780408e-03
193,1.930000,8.731268e-01,-2.804166e+01,-5.744929e-01,4.216331e+00,-2.929819e+01,-2.725120e+01,-3.171470e+01,-1.343347e+01,-1.104482e+01,-4.178492e+00,-1.964869e+01,-1.571830e+01,-3.420364e+00,1.496502e+01,3.578949e+01,2.538329e+01,-2.477053e-01,4.521896e-01,2.958211e-01,-3.437767e+00,-3.579086e+00,-3.711094e+00,-3.175747e+00,-2.774773e+00,2.488497e-01,3.836704e-01,4.946677e-01,8.735125e-01,1.203034e+00,1.532646e+00,1.637666e+00,2.144766e+00,3.946490e+02,8.527927e-01,-9.144484e-02,-5.681804e-01,-4.835207e-01,5.523475e-01,9.512058e-01,1.590136e+00,6.692724e-01,-6.965169e-01,-1.688836e+00,-2.652306e+00,-5.322796e-01,-6.723570e-01,-6.645796e-01,-1.520979e+00,-3.740340e+00,-2.112365e+00,-1.061126e-01,-1.969312e-01,-3.515918e-01,9.259462e-04,-7.376194e-04,-3.941493e-02,-5.843210e-02,6.420517e-03,-5.278188e-03,-7.001197e-03,1.241437e-02,2.956296e-02,-6.038940e-03,1.708719e-02,9.543729e-03,-7.541971e-02,-3.247550e+00,-1.174104e-02,3.846096e+02,8.045490e-03,4.568933e-03,4.858594e-02,-3.600174e+00,3.900894e-03,1.113806e-03,3.765606e-03
194,1.940000,6.878344e-01,-2.851441e+01,-1.821760e+00,4.571033e+00,-2.930419e+01,-2.727611e+01,-3.074084e+01,-1.607611e+01,-1.262146e+01,-8.144623e+00,-1.865869e+01,-1.766475e+01,-3.487895e+00,1.411200e+01,3.043635e+01,2.249003e+01,-3.905503e-01,2.207731e-01,-5.381791e-02,-3.404310e+00,-3.500122e+00,-3.758268e+00,-3.182255e+00,-2.591320e+00,2.522350e-01,3.816497e-01,5.242774e-01,9.605995e-01,1.259980e+00,1.604133e+00,1.830941e+00,2.188404e+00,3.912365e+02,8.421586e-01,-1.291299e-01,-6.962923e-01,-3.483314e-01,5.400478e-01,9.661497e-01,1.151161e+00,1.159552e+00,-9.912550e-01,-1.581296e+00,-4.107180e+00,1.924242e+00,-2.801052e+00,-3.120370e-01,-1.833042e+00,-2.817700e+00,-2.517784e+00,-1.419482e-01,-2.353769e-01,-3.813419e-01,-3.218891e-02,-5.383532e-02,-5.991425e-02,-1.062005e-01,2.736623e-02,-3.984824e-04,-4.607633e-03,3.081108e-02,4.599641e-02,3.393305e-02,3.343285e-02,9.763410e-02,7.493279e-02,-2.977109e+00,-2.325442e-02,3.809987e+02,1.385271e-02,5.625533e-03,4.944250e-02,-2.787003e+01,3.026140e-03,4.251738e-04,-1.096847e-03
195,1.950000,5.457847e-01,-2.926897e+01,-1.085700e+00,5.493862e+00,-2.852160e+01,-2.363612e+01,-2.834441e+01,-1.447472e+01,-1.428719e+01,-1.448353e+01,-1.408342e+01,-2.195091e+01,-3.760317e+00,1.241694e+01,2.843355e+01,1.924289e+01,-5.393672e-01,-3.548585e-02,-4.323649e-01,-3.367944e+00,-3.613932e+00,-3.847006e+00,-3.496064e+00,-2.669875e+00,2.513635e-01,3.749659e-01,5.619285e-01,9.724395e-01,1.302943e+00,1.613825e+00,1.871281e+00,2.381751e+00,3.882235e+02,8.166807e-01,-1.054448e-01,-6.011938e-01,-5.112460e-01,-6.293301e-02,1.598220e+00,1.462747e+00,1.346302e+00,-1.820195e+00,-7.828074e-01,-4.049662e+00,2.251123e+00,-2.546328e+00,1.103860e+00,-1.965173e+00,-1.045608e+00,-2.995287e+00,-1.913514e-01,-2.689255e-01,-4.596508e-01,-5.545037e-02,-1.955702e-02,-1.658509e-02,-6.981292e-02,4.644651e-02,-6.828129e-04,-7.469413e-03,3.905932e-02,3.742293e-02,5.668566e-02,2.348006e-02,9.094425e-02,1.523680e-01,-1.290253e+00,-2.664522e-02,3.791847e+02,1.946733e-02,6.615993e-03,5.885896e-02,-3.478611e+01,-1.080141e-04,-5.293599e-04,-3.157474e-03
196,1.960000,4.401171e-01,-3.024940e+01,-1.709100e+00,5.193811e+00,-2.665623e+01,-2.490142e+01,-2.829392e+01,-1.871735e+01,-1.484066e+01,-1.865856e+01,-1.175811e+01,-2.747333e+01,-3.990131e+00,8.066570e+00,2.890832e+01,1.672162e+01,-7.123958e-01,-2.887802e-01,-8.772955e-01,-3.604992e+00,-3.752844e+00,-3.908123e+00,-3.532556e+00,-2.623749e+00,2.571097e-01,3.749921e-01,6.222900e-01,1.052788e+00,1.384572e+00,1.656859e+00,2.084465e+00,2.684067e+00,3.863228e+02,7.628215e-01,-4.966276e-02,2.038839e-01,-5.304273e-01,-1.476711e+00,1.472259e+00,2.579263e+00,1.074883e+00,-2.167423e+00,8.933717e-01,-9.270507e-01,2.473275e+00,4.620613e-01,3.284537e+00,-2.402059e-01,-1.757319e-01,-3.676397e+00,-2.708527e-01,-1.989143e-01,-3.597621e-01,1.005547e-01,2.316829e-01,1.262918e-01,1.637251e-02,7.689586e-02,4.858752e-03,-1.845077e-03,4.606964e-02,2.228018e-02,3.541838e-02,1.021504e-04,2.372355e-02,8.477092e-02,1.895483e+00,-1.504016e-02,2.520993e+02,1.460654e-02,4.542753e-03,4.497694e-02,-2.710372e+01,2.349088e-03,9.045629e-03,2.103606e-02
197,1.970000,4.697615e-01,-3.018013e+01,-3.187053e+00,3.590277e+00,-2.263107e+01,-2.112481e+01,-2.620665e+01,-2.121382e+01,-1.384926e+01,-1.916983e+01,-1.184336e+01,-2.354565e+01,2.350053e+00,8.161874e+00,3.132546e+01,1.329106e+01,-1.043540e+00,-6.376614e-01,-1.590694e+00,-3.614678e+00,-3.550510e+00,-3.719091e+00,-3.349661e+00,-2.526326e+00,2.429983e-01,3.496521e-01,6.409580e-01,1.014533e+00,1.424166e+00,1.623683e+00,1.965625e+00,2.658774e+00,3.906546e+02,7.592351e-01,-3.307329e-02,1.808367e+00,-1.417693e-01,-3.440072e+00,-1.271457e+00,4.850664e+00,1.529702e+00,-2.664569e+00,1.696102e+00,4.834619e+00,2.449966e+00,3.803317e+00,5.641541e+00,5.105072e+00,1.084548e+00,-4.285735e+00,-2.081077e-01,3.887061e-02,6.579570e-02,5.920505e-01,8.372132e-01,2.255788e-01,1.079823e-01,1.387398e-01,1.608762e-02,1.109876e-02,5.045891e-02,8.898663e-03,-8.616710e-03,-4.536092e-03,-1.507286e-02,-4.299664e-03,5.895758e+00,1.344920e-02,2.751288e+02,7.128506e-03,2.463523e-03,3.503135e-02,1.789654e+01,6.678702e-03,1.619772e-02,4.680970e-02
198,1.980000,4.775322e-01,-2.703942e+01,-3.423220e+00,-1.860729e+00,-2.488816e+01,-1.563544e+01,-2.643530e+01,-2.354367e+01,-8.373567e+00,-1.043673e+01,-7.412340e+00,-1.455708e+01,9.879603e+00,1.503851e+01,2.811173e+01,7.083955e+00,-1.492728e+00,-4.727105e-01,-1.273464e+00,-2.778170e+00,-2.373419e+00,-3.190766e+00,-3.173594e+00,-2.278616e+00,2.807114e-01,3.850812e-01,7.151108e-01,1.050954e+00,1.376460e+00,1.599715e+00,1.902386e+00,2.473747e+00,3.994983e+02,7.956805e-01,-1.211380e-02,3.257099e+00,1.063992e+00,-4.913938e+00,-4.986197e+00,6.662898e+00,2.255025e+00,-1.546687e+00,1.372159e+00,9.762196e+00,3.252583e+00,4.267039e+00,5.747769e+00,1.089959e+01,3.352261e+00,-3.576101e+00,-1.669855e-02,3.568854e-01,7.405528e-01,1.171977e+00,1.374996e+00,2.345809e-01,9.065411e-02,1.191811e-01,3.400856e-02,3.175497e-02,5.658299e-02,-2.442086e-03,-5.835918e-02,8.634913e-03,-2.133586e-02,-5.696874e-02,8.702158e+00,3.714117e-02,2.975080e+02,3.176757e-02,5.292991e-02,1.665366e-01,5.567773e+01,9.760326e-03,1.800487e-02,5.819821e-02
199,1.990000,3.617107e-01,-2.183213e+01,-9.374859e-01,-8.179229e+00,-3.576292e+01,-4.015786e+00,-2.162521e+01,-2.538441e+01,-9.040223e+00,5.578648e+00,-4.006478e+00,-9.392451e+00,1.751252e+01,3.445633e+01,3.425458e+01,2.633045e+00,-1.189740e+00,2.508323e-01,9.469787e-02,-8.211026e-01,-1.175782e-01,-3.077790e+00,-3.135634e+00,-2.148743e+00,3.200008e-01,4.254152e-01,7.678126e-01,1.017850e+00,1.263915e+00,1.619717e+00,1.886956e+00,2.465413e+00,4.111145e+02,8.674971e-01,4.074908e-02,3.497633e+00,2.010666e+00,-4.321114e+00,-7.169243e+00,5.596402e+00,2.748389e+00,-9.471377e-01,-4.548751e-01,1.067567e+01,2.892559e+00,9.975189e-01,2.300117e+00,1.309221e+01,6.473613e+00,-8.792760e-01,2.760966e-01,5.734267e-01,1.251384e+00,1.406526e+00,1.418524e+00,8.632908e-02,3.896318e-02,7.690074e-02,4.177950e-02,4.136630e-02,3.987117e-02,-1.135969e-03,-7.259357e-02,3.586979e-02,5.693213e-02,9.891247e-03,9.000015e+00,3.732326e-02,4.459630e+02,4.428033e-02,6.341100e-02,2.321276e-01,4.845003e+01,2.699304e-03,2.912871e-03,1.632814e-02
200,2.000000,4.335735e-01,-1.813791e+01,2.486078e+00,-1.349113e+01,-4.502129e+01,-1.414386e-01,-1.930952e+01,-2.436550e+01,-1.038438e+01,1.777818e+01,5.863640e-01,-1.321473e+01,1.716748e+01,4.941730e+01,4.420507e+01,4.170121e+00,-7.227886e-01,1.051400e+00,1.982772e+00,8.581042e-01,1.405672e+00,-3.055869e+00,-3.186299e+00,-2.216635e+00,3.886512e-01,4.958855e-01,8.417776e-01,1.038919e+00,1.172901e+00,1.702017e+00,2.017120e+00,2.495904e+00,4.196036e+02,8.943964e-01,1.169903e-01,2.135255e+00,1.860344e+00,-2.246181e+00,-5.796636e+00,2.289777e+00,2.378662e+00,2.424097e-01,-2.020450e+00,6.254073e+00,1.184815e+00,-1.534532e+00,-1.977286e+00,1.000657e+01,8.008441e+00,2.822474e+00,3.972926e-01,4.903466e-01,1.197523e+00,1.095515e+00,7.817799e-01,-6.853618e-02,-1.714006e-02,-7.688761e-04,3.040558e-02,3.060973e-02,-4.248476e-03,-1.751535e-02,-5.685486e-02,1.882881e-02,6.155754e-02,3.898697e-02,7.452741e+00,2.281804e-02,4.450708e+02,4.483226e-02,6.409337e-02,2.374198e-01,2.851522e+01,-8.882758e-03,-1.540546e-02,-4.456476e-02
201,2.010000,6.954863e-01,-1.714272e+01,3.911629e+00,-1.220009e+01,-4.841072e+01,-8.898112e-01,-1.602760e+01,-2.553860e+01,-1.511823e+01,2.010105e+01,-1.379918e+00,-1.922923e+01,1.020670e+01,5.643353e+01,5.564686e+01,1.035160e+01,-4.802610e-02,1.467417e+00,3.038106e+00,1.599814e+00,1.652562e+00,-3.354894e+00,-3.148493e+00,-2.172813e+00,3.979259e-01,5.010815e-01,7.769805e-01,1.014870e+00,1.162978e+00,1.751881e+00,2.192919e+00,2.697152e+00,4.256021e+02,8.964935e-01,1.437408e-01,5.105661e-01,8.444872e-01,7.117343e-01,-2.484431e+00,-2.295268e+00,1.272036e+00,2.429243e+00,-1.675206e+00,-2.900726e-01,-8.798218e-01,-3.417691e-01,-4.827848e+00,2.784418e+00,5.313856e+00,5.334954e+00,2.806039e-01,2.431780e-01,7.574309e-01,4.871036e-01,-1.995826e-01,-9.420493e-02,1.727364e-02,1.183641e-02,1.047762e-02,1.447367e-02,-5.104291e-02,-2.177007e-02,-1.289687e-02,-9.360254e-03,4.052315e-02,2.269812e-02,5.133227e+00,5.410803e-03,4.435975e+02,1.409268e-02,1.144615e-02,8.123045e-02,-1.825302e+00,-1.208061e-02,-1.849971e-02,-6.381407e-02
202,2.020000,8.955958e-01,-1.870785e+01,3.453940e+00,-1.108120e+01,-4.754744e+01,-5.749547e+00,-1.734080e+01,-2.225453e+01,-1.543682e+01,1.357244e+01,-2.801546e+00,-1.731135e+01,3.646084e+00,5.408275e+01,5.745779e+01,1.733705e+01,-7.712145e-02,1.370731e+00,3.242450e+00,1.488946e+00,6.504106e-01,-3.394895e+00,-3.252865e+00,-2.270425e+00,3.937768e-01,5.002967e-01,6.892845e-01,9.648669e-01,1.142655e+00,1.627777e+00,2.057193e+00,2.552812e+00,4.295182e+02,8.952726e-01,7.806183e-02,-5.641020e-01,-1.693731e-01,2.882689e+00,-3.638493e-01,-4.889060e+00,9.108980e-01,4.766869e+00,-1.350263e+00,-4.912440e+00,-2.675152e+00,3.077701e+00,-3.989833e+00,-2.629236e+00,1.686742e+00,6.002005e+00,1.054879e-01,1.536187e-02,2.680140e-01,1.636950e-02,-9.028328e-01,-9.623714e-02,7.250714e-02,3.929150e-02,-1.002603e-02,-1.593700e-03,-7.587482e-02,-4.102726e-02,1.406774e-02,-4.039184e-02,-1.451123e-02,-2.142518e-02,3.310861e+00,-4.467547e-04,4.412668e+02,2.447600e-03,1.885056e-03,1.916142e-02,-2.156241e+00,-8.785395e-03,-1.308096e-02,-4.933535e-02
203,2.030000,8.494034e-01,-1.899433e+01,2.801019e+00,-5.825518e+00,-4.692200e+01,-1.268807e+01,-1.624939e+01,-1.429368e+01,-1.489003e+01,6.231153e+00,-6.711632e+00,-9.052989e+00,1.339757e-01,4.604570e+01,5.419750e+01,2.272435e+01,-1.095537e-01,1.307057e+00,3.252013e+00,1.298994e+00,-7.378605e-01,-3.379302e+00,-3.015983e+00,-2.062665e+00,3.698261e-01,4.955779e-01,5.888445e-01,9.460258e-01,1.214554e+00,1.610036e+00,2.069535e+00,2.550449e+00,4.318233e+02,8.941131e-01,-7.591533e-03,-7.544081e-01,-4.215117e-01,3.487840e+00,3.602470e-01,-5.358349e+00,7.508245e-01,6.383327e+00,-5.164579e-01,-6.177075e+00,-3.205077e+00,4.768298e+00,-1.026086e+00,-5.534231e+00,-1.026909e+00,4.758672e+00,-3.202412e-02,-7.369951e-02,2.751145e-02,-1.820421e-01,-1.099653e+00,-5.872548e-02,1.069165e-01,4.814567e-02,-1.043074e-02,-2.332562e-03,-5.343402e-02,-2.605424e-02,4.707365e-02,-5.709720e-03,-7.993365e-03,-2.445927e-02,1.964722e+00,-3.971577e-04,4.387385e+02,5.069620e-03,2.016627e-03,2.218647e-02,-2.073734e+00,-1.380670e-03,-1.428903e-03,-1.118158e-02
204,2.040000,7.469241e-01,-2.003261e+01,2.194517e+00,-2.264969e+00,-4.758490e+01,-1.868761e+01,-1.464413e+01,-6.153615e+00,-1.724979e+01,1.509183e-01,-1.012354e+01,-2.914350e+00,2.254681e+00,4.146504e+01,5.336346e+01,2.799376e+01,-1.645851e-01,1.208389e+00,3.215888e+00,1.090362e+00,-1.913280e+00,-3.524851e+00,-2.890018e+00,-2.075251e+00,3.525710e-01,4.906688e-01,5.564715e-01,8.682051e-01,1.217452e+00,1.570980e+00,2.006256e+00,2.462130e+00,4.330473e+02,8.933528e-01,7.860666e-03,-5.650061e-01,-3.412395e-02,3.109246e+00,2.522472e-01,-3.679407e+00,7.825267e-01,5.863940e+00,-4.932728e-01,-4.998272e+00,-3.048280e+00,2.909776e+00,1.305332e+00,-4.917981e+00,-1.140412e+00,2.723364e+00,-1.878755e-02,-5.293667e-02,-1.230972e-02,-1.848914e-01,-8.518953e-01,-7.583783e-02,6.524058e-02,4.728675e-03,-6.265888e-03,-2.232400e-03,-2.531205e-02,-8.781535e-03,5.985248e-02,3.998529e-02,3.520913e-02,2.057057e-02,1.070029e+00,7.852853e-04,4.367191e+02,5.416815e-03,3.403308e-03,2.026506e-02,-1.614063e+00,5.252733e-04,3.799360e-04,1.619481e-03
205,2.050000,7.318645e-01,-2.025237e+01,2.433782e+00,8.309895e-01,-4.659076e+01,-2.121252e+01,-1.362181e+01,-1.672415e+00,-1.679403e+01,-4.073569e+00,-1.374431e+01,-2.586239e+00,5.771968e+00,3.507123e+01,5.255948e+01,2.881660e+01,-1.644149e-01,1.180090e+00,3.188944e+00,8.888960e-01,-2.563859e+00,-3.583544e+00,-2.795334e+00,-2.029671e+00,3.663751e-01,4.942327e-01,5.762169e-01,9.329300e-01,1.360947e+00,1.751731e+00,2.178420e+00,2.620197e+00,4.336611e+02,8.954676e-01,2.908514e-02,-5.260418e-01,3.866028e-01,1.456428e+00,-1.752796e-01,-1.331131e+00,-3.133532e-01,3.348485e+00,1.188673e-01,-2.851803e+00,-2.034580e+00,-6.816527e-01,1.992954e+00,-3.282825e+00,-4.290520e-01,3.790001e-01,-9.640686e-03,-3.682300e-02,5.639386e-03,-1.448507e-01,-4.284267e-01,-8.760528e-02,-5.178733e-02,-8.364525e-02,4.233563e-03,-6.747693e-04,-7.363856e-04,1.246517e-02,5.999427e-02,6.964289e-02,6.310780e-02,5.041375e-02,5.330658e-01,2.075708e-03,4.355027e+02,5.704723e-03,3.542510e-03,2.477073e-02,-1.077795e+00,2.163156e-04,2.178722e-05,1.732665e-03
206,2.060000,9.936686e-01,-2.090386e+01,3.466939e+00,1.136773e+00,-4.645183e+01,-1.988436e+01,-1.474195e+01,7.545444e-01,-1.695118e+01,-6.266563e+00,-1.452661e+01,-5.995842e+00,7.353746e+00,3.498008e+01,5.257474e+01,2.790775e+01,-1.436286e-01,1.169531e+00,3.212436e+00,7.695379e-01,-2.696067e+00,-3.671963e+00,-3.036987e+00,-2.263279e+00,3.641728e-01,4.898073e-01,5.690381e-01,9.275071e-01,1.368720e+00,1.756856e+00,2.178796e+00,2.620791e+00,4.339495e+02,8.985217e-01,5.457312e-02,-4.051153e-01,4.646108e-01,2.087575e-01,-6.454815e-01,-1.114521e-02,-1.195921e+00,1.530609e+00,4.984557e-01,-1.030535e+00,-1.035675e+00,-2.875888e+00,9.671568e-01,-1.707051e+00,1.572983e-01,-1.379391e+00,-1.913424e-02,-3.371971e-02,4.487886e-02,-8.169366e-02,-1.145841e-01,-6.195555e-02,-9.606173e-02,-1.145078e-01,1.006365e-02,9.594262e-05,3.912866e-03,2.580938e-02,5.179729e-02,6.954793e-02,7.044373e-02,6.244550e-02,2.317535e-01,2.398622e-03,4.348144e+02,4.756415e-03,3.021794e-03,2.596670e-02,-6.721649e-01,2.313538e-04,-2.954363e-04,1.815333e-03
207,2.070000,8.714568e-01,-2.118892e+01,4.097822e+00,-2.442482e-01,-4.836493e+01,-1.874535e+01,-1.776724e+01,-1.005336e+00,-1.444500e+01,-4.819119e+00,-1.468300e+01,-1.092051e+01,7.549215e+00,3.287405e+01,5.244660e+01,2.466236e+01,-1.682353e-01,1.142371e+00,3.281937e+00,7.351529e-01,-2.488601e+00,-3.743773e+00,-3.201435e+00,-2.386878e+00,3.851930e-01,4.926348e-01,5.788793e-01,9.787006e-01,1.438891e+00,1.865312e+00,2.298805e+00,2.723187e+00,4.340376e+02,9.019071e-01,2.797997e-02,-2.403690e-01,3.489158e-02,-7.216629e-01,-1.008561e+00,2.179043e-01,-1.290243e+00,1.193658e-01,-2.185170e-01,6.053821e-01,-1.312448e+00,-3.963121e+00,1.439225e-01,-5.916802e-01,8.096184e-01,-2.316397e+00,-4.101021e-02,-4.537915e-02,7.902525e-02,-2.220485e-02,9.312620e-02,-3.614917e-02,-2.059731e-02,-8.818941e-02,1.041859e-02,-2.177805e-04,1.520634e-04,1.601977e-02,1.689578e-02,3.249204e-02,3.510301e-02,3.063900e-02,5.529175e-02,1.144826e-03,4.343019e+02,6.481398e-03,2.316320e-03,2.799897e-02,-4.740753e-01,-1.024716e-05,-1.976341e-04,-3.611282e-04
208,2.080000,9.499936e-01,-2.158992e+01,3.685551e+00,-6.835629e-01,-4.992522e+01,-1.997692e+01,-1.855102e+01,1.165888e+00,-1.593202e+01,-4.628979e+00,-1.483257e+01,-1.312666e+01,6.201841e+00,3.402838e+01,5.420639e+01,2.317393e+01,-2.583461e-01,1.058650e+00,3.393786e+00,7.587649e-01,-2.523830e+00,-3.754514e+00,-3.167276e+00,-2.469187e+00,3.934803e-01,4.919474e-01,5.747046e-01,9.743667e-01,1.437467e+00,1.861929e+00,2.298282e+00,2.722862e+00,4.340178e+02,9.021261e-01,-3.855098e-02,1.356802e-01,-4.340647e-01,-8.361704e-01,-3.526901e-01,4.263439e-02,-5.527534e-01,-3.396451e-01,-8.508312e-01,1.566579e+00,-2.000228e+00,-3.916189e+00,-8.596706e-02,1.385918e-02,9.304653e-01,-2.595969e+00,-4.528787e-02,-4.107940e-02,8.956032e-02,1.146547e-02,2.014649e-01,2.949893e-02,1.213190e-01,-4.262256e-03,1.211539e-02,6.980061e-04,4.191399e-03,1.853210e-02,8.307481e-03,2.014139e-02,2.308388e-02,2.054806e-02,-1.093384e-01,-1.221520e-03,4.339587e+02,6.185246e-03,2.539221e-03,2.772760e-02,-6.032227e-01,-2.072494e-04,-2.716235e-05,-8.487348e-04
209,2.090000,8.936019e-01,-2.111119e+01,2.498934e+00,-1.867157e+00,-4.989687e+01,-2.007672e+01,-1.816849e+01,-1.281258e+00,-1.839619e+01,-1.865450e+00,-2.015356e+01,-1.883644e+01,7.067533e+00,3.258868e+01,5.579175e+01,1.960152e+01,-3.121072e-01,1.008634e+00,3.493395e+00,7.832583e-01,-2.184346e+00,-3.723014e+00,-2.833176e+00,-2.367665e+00,4.038143e-01,4.920737e-01,5.741439e-01,9.895990e-01,1.411053e+00,1.861654e+00,2.294192e+00,2.722357e+00,4.339034e+02,8.993895e-01,-1.591279e-02,5.581930e-01,-5.969461e-01,-7.119114e-01,4.715370e-01,3.862835e-01,-7.990627e-02,-8.944095e-01,-8.266986e-01,1.742203e+00,-1.382973e+00,-3.798179e+00,-7.306800e-02,1.302442e+00,8.272400e-02,-2.160368e+00,-1.566020e-03,-6.593108e-04,6.416309e-02,1.158395e-02,3.148861e-01,9.588704e-02,1.618617e-01,8.602364e-02,7.783988e-03,1.168877e-04,6.080955e-03,1.001083e-02,-9.343219e-03,-3.718174e-03,-2.111197e-03,-6.692410e-05,-4.451416e-01,-5.660302e-03,4.335602e+02,4.939071e-03,2.795626e-03,2.208464e-02,-1.452542e+00,-2.908338e-04,4.472663e-05,-2.072571e-04
210,2.100000,7.898412e-01,-2.026432e+01,2.096060e+00,-2.232625e+00,-4.744931e+01,-1.900550e+01,-1.730510e+01,-8.057196e-01,-1.922974e+01,8.949836e-02,-2.179247e+01,-2.161882e+01,7.164752e+00,3.519206e+01,5.555449e+01,1.745832e+01,-2.981320e-01,1.031002e+00,3.554508e+00,8.028126e-01,-1.840870e+00,-3.534847e+00,-2.614521e+00,-2.294197e+00,4.154391e-01,4.935779e-01,5.923628e-01,1.014718e+00,1.424177e+00,1.859392e+00,2.296521e+00,2.723947e+00,4.334698e+02,8.936729e-01,-2.028281e-02,9.551638e-01,-5.235767e-01,-1.119153e+00,9.454548e-01,1.209018e+00,-9.062883e-01,-2.382070e+00,-3.335762e-02,1.831298e+00,5.964848e-01,-4.234977e+00,4.184766e-01,2.164304e+00,-1.668077e+00,-1.470449e+00,7.892166e-02,6.803618e-02,-8.846402e-03,-1.014912e-02,5.170974e-01,1.775892e-01,1.422954e-01,1.521505e-01,6.282723e-03,-2.680659e-04,2.096874e-02,1.138404e-02,-1.807076e-02,-2.890658e-03,-3.361893e-03,2.381325e-04,-1.198962e+00,-1.428629e-02,4.321692e+02,4.491331e-03,2.646329e-03,2.468019e-02,-3.460443e+00,2.708160e-04,5.697780e-04,4.172707e-03
211,2.110000,8.719690e-01,-1.906075e+01,1.907838e+00,-3.029274e+00,-4.724520e+01,-1.729964e+01,-1.878973e+01,-4.491580e+00,-1.692964e+01,1.532657e+00,-1.811792e+01,-2.566532e+01,6.702420e+00,3.880442e+01,5.218617e+01,1.671832e+01,-1.561725e-01,1.152899e+00,3.522391e+00,7.710488e-01,-1.255651e+00,-3.374171e+00,-2.668504e+00,-2.044255e+00,4.131335e-01,4.924040e-01,6.004550e-01,1.008579e+00,1.398820e+00,1.847990e+00,2.289129e+00,2.722310e+00,4.320858e+02,8.778322e-01,2.356972e-02,1.180663e+00,-7.261739e-01,-1.496981e+00,9.696705e-01,2.004114e+00,-2.167820e+00,-3.253214e+00,9.838104e-02,1.021826e+00,3.538430e+00,-3.806348e+00,7.828981e-01,1.818417e+00,-3.115026e+00,-4.716110e-02,1.459065e-01,1.038926e-01,-1.740518e-01,-5.095418e-02,6.363046e-01,2.702134e-01,1.201614e-01,2.330181e-01,-2.366117e-03,-3.666392e-03,3.687858e-02,6.201053e-03,-3.617182e-02,-2.033415e-02,-2.477345e-02,-3.599882e-03,-2.011343e+00,-3.749115e-02,4.279340e+02,5.874186e-03,2.486399e-03,2.848640e-02,-3.273368e+01,1.540980e-04,6.761380e-04,4.121398e-03
212,2.120000,8.593959e-01,-1.783932e+01,1.363216e+00,-5.698268e+00,-4.652378e+01,-1.532037e+01,-2.277184e+01,-9.139300e+00,-1.683209e+01,2.828454e+00,-1.286797e+01,-3.088710e+01,8.476781e+00,4.174202e+01,4.766880e+01,1.726328e+01,5.829490e-02,1.326699e+00,3.335056e+00,7.141240e-01,-4.026909e-01,-3.040990e+00,-2.538134e+00,-1.870139e+00,4.202343e-01,4.904419e-01,6.663927e-01,1.021797e+00,1.353230e+00,1.854308e+00,2.284004e+00,2.724076e+00,4.289318e+02,8.414733e-01,1.536821e-02,1.233836e+00,-1.801414e+00,-3.412263e-01,1.160658e+00,3.272561e+00,-2.397342e+00,-3.195020e+00,-2.483952e-01,-2.650575e-02,4.936776e+00,-2.618233e+00,1.169319e+00,-1.391912e+00,-3.793916e+00,2.509670e-02,9.718618e-02,8.883310e-03,-4.719105e-01,-1.986880e-01,5.368446e-01,3.080862e-01,1.824437e-01,4.588327e-01,-1.585161e-02,-1.070372e-02,4.437081e-02,-4.551768e-03,-5.385774e-02,-4.645686e-02,-7.211141e-02,-1.619124e-02,-2.435434e+00,-1.018871e-01,4.194696e+02,7.071769e-03,5.542725e-03,4.539026e-02,-7.442067e+01,-6.083405e-04,4.160956e-04,-3.961993e-04
213,2.130000,9.766731e-01,-1.642038e+01,-7.655140e-01,-7.619242e+00,-4.551128e+01,-1.189872e+01,-2.627422e+01,-1.338054e+01,-1.910311e+01,1.874202e+00,-6.923660e+00,-3.323404e+01,1.032601e+01,3.840578e+01,4.415947e+01,1.946324e+01,2.392118e-01,1.380249e+00,2.732862e+00,5.728316e-01,2.780875e-01,-2.618876e+00,-2.270562e+00,-1.414603e+00,3.895861e-01,4.753097e-01,7.215219e-01,1.017065e+00,1.265668e+00,1.762525e+00,2.176583e+00,2.704293e+00,4.261157e+02,7.380335e-01,-7.445476e-02,7.342130e-01,-3.934961e+00,2.856582e+00,2.117194e+00,5.475904e+00,-1.125615e+00,-3.639601e-01,1.163618e+00,-1.560222e+00,5.693563e+00,5.040588e-01,1.158544e+00,-4.735664e+00,-4.145764e+00,-9.828476e-01,-2.306266e-01,-3.769560e-01,-9.122273e-01,-5.005559e-01,1.042717e-01,2.941785e-01,2.038279e-01,8.087929e-01,-3.539170e-02,-1.127649e-02,4.258526e-02,-5.415267e-03,-5.265206e-02,-7.153009e-02,-1.324634e-01,-4.355204e-02,-2.027026e+00,-1.759973e-01,2.762415e+02,4.419343e-03,4.728117e-03,3.233659e-02,-1.139426e+02,-1.664309e-03,-6.909575e-04,-8.158895e-03
214,2.140000,8.143302e-01,-1.541533e+01,-5.574333e+00,-1.643772e+00,-4.251298e+01,-5.343161e+00,-2.554956e+01,-1.233634e+01,-1.938498e+01,-2.138033e-01,-2.705714e+00,-3.092563e+01,1.119955e+01,2.843182e+01,4.059826e+01,1.621135e+01,-9.893219e-03,9.617435e-01,1.589720e+00,-9.151856e-02,7.648440e-02,-2.372064e+00,-1.901274e+00,-3.148594e-01,3.479548e-01,4.486064e-01,7.536834e-01,9.877165e-01,1.221464e+00,1.669840e+00,1.992237e+00,2.651999e+00,4.242777e+02,4.541366e-01,-1.481836e-01,-1.856360e-01,-5.999497e+00,7.210931e+00,2.508382e+00,7.424272e+00,1.686190e+00,3.954407e+00,5.078671e+00,-2.779331e+00,6.127515e+00,4.085233e+00,6.823090e-01,-6.715404e+00,-5.051099e+00,-2.612728e+00,-6.959072e-01,-9.008175e-01,-1.243006e+00,-8.308884e-01,-5.307648e-01,1.313861e-01,8.827021e-02,1.163449e+00,-5.596219e-02,-2.406022e-03,2.344739e-02,4.428840e-03,-1.247397e-02,-6.716746e-02,-1.347986e-01,-5.056141e-02,-1.114609e+00,-2.229466e-01,1.359120e+02,2.177051e-03,3.605948e-03,2.077410e-02,-1.115181e+02,-1.856288e-03,-1.581357e-03,-1.231171e-02
215,2.150000,5.222281e-01,-1.660168e+01,-1.429819e+01,9.226390e+00,-3.866463e+01,5.091267e+00,-2.302895e+01,-4.712859e+00,-9.835103e+00,-4.747327e+00,5.268764e+00,-2.312576e+01,1.113375e+01,2.178120e+01,3.499261e+01,1.233005e+01,-1.275211e+00,-5.494035e-01,-1.660777e-01,-1.328909e+00,-9.738802e-01,-2.237741e+00,-1.967794e+00,1.222070e+00,2.723147e-01,4.569393e-01,7.697360e-01,9.985428e-01,1.201442e+00,1.582574e+00,1.772696e+00,2.540588e+00,4.242777e+02,1.915143e-01,-1.848745e-01,-1.213587e+00,-6.983850e+00,9.336698e+00,3.078463e+00,8.103133e+00,3.777240e+00,6.286292e+00,7.638101e+00,-3.256746e+00,5.598499e+00,5.412180e+00,8.117884e-01,-5.907053e+00,-6.166450e+00,-3.404299e+00,-1.052093e+00,-1.274960e+00,-1.383211e+00,-9.987639e-01,-9.204388e-01,-3.588627e-02,-3.302927e-02,1.208511e+00,-6.438985e-02,1.527207e-02,1.474216e-02,2.388776e-02,3.024099e-02,-3.608419e-02,-9.240995e-02,-4.763164e-02,-3.675964e-01,-1.930204e-01,0,0,0,0,-6.883951e+01,-1.101574e-03,-1.306218e-03,-8.544727e-03
216,2.160000,3.457002e-01,-1.867684e+01,-2.186793e+01,2.193357e+01,-3.740519e+01,1.330600e+01,-1.596353e+01,6.298896e+00,3.927259e+00,-7.757436e+00,1.167339e+01,-1.551507e+01,1.148445e+01,1.647729e+01,2.699673e+01,7.766234e+00,-2.664029e+00,-2.212563e+00,-1.430503e+00,-2.489448e+00,-2.430531e+00,-2.574627e+00,-2.248167e+00,2.628768e+00,1.990590e-01,4.875970e-01,7.595226e-01,1.053202e+00,1.322972e+00,1.608447e+00,1.811955e+00,2.553121e+00,4.242777e+02,0,-1.227740e-01,-1.571508e+00,-5.837157e+00,8.173100e+00,3.091394e+00,5.940375e+00,4.192320e+00,5.011968e+00,7.759033e+00,-2.603662e+00,4.813778e+00,5.282348e+00,7.034324e-01,-4.993139e+00,-7.460486e+00,-2.749730e+00,-9.934418e-01,-1.166420e+00,-1.167973e+00,-8.598843e-01,-9.041312e-01,-1.374667e-01,-7.690904e-02,9.199971e-01,-5.162991e-02,2.532709e-02,1.575595e-02,4.482289e-02,6.317270e-02,-3.138375e-03,3.313148e-03,-9.234142e-03,0,-1.099788e-01,0,0,0,0,-2.718240e+01,-4.354101e-04,-7.211895e-04,-4.154820e-03
217,2.170000,2.866153e-01,-2.085755e+01,-2.753796e+01,2.727557e+01,-3.267286e+01,1.929237e+01,-1.218104e+01,8.733301e+00,7.431275e+00,-1.063771e+01,1.387928e+01,-1.387842e+01,1.424250e+01,1.484778e+01,2.012798e+01,6.664297e+00,-3.694187e+00,-3.407399e+00,-2.673083e+00,-3.222024e+00,-3.070598e+00,-2.697026e+00,-2.262262e+00,3.156140e+00,1.420848e-01,5.321748e-01,7.923130e-01,1.103761e+00,1.366119e+00,1.612801e+00,1.804675e+00,2.515574e+00,4.242777e+02,0,-1.760159e-02,-1.132891e+00,-3.546447e+00,5.182264e+00,3.132158e+00,2.749107e+00,3.500432e+00,9.260219e-01,5.265238e+00,-1.564957e+00,2.422557e+00,2.599753e+00,-3.489288e-01,-5.278275e+00,-8.129146e+00,-2.455418e+00,-5.789771e-01,-7.081235e-01,-7.914118e-01,-5.459522e-01,-5.547930e-01,-1.375333e-01,2.563522e-02,5.262214e-01,-2.459883e-02,2.100838e-02,2.669564e-02,4.543024e-02,5.854873e-02,1.305499e-02,5.876441e-02,2.053771e-02,0,-3.830286e-02,0,0,0,0,0,0,0,0
218,2.180000,3.182667e-01,-2.114493e+01,-2.814024e+01,3.019714e+01,-3.005190e+01,1.725816e+01,-1.001192e+01,6.000420e+00,1.077700e+01,-1.028692e+01,1.705791e+01,-9.137559e+00,1.316234e+01,6.932838e+00,1.072814e+01,5.295575e+00,-3.767614e+00,-3.441360e+00,-2.996644e+00,-3.444383e+00,-3.395813e+00,-2.829755e+00,-2.138585e+00,3.318092e+00,1.549202e-01,5.376241e-01,8.211746e-01,1.159222e+00,1.454989e+00,1.639034e+00,1.992813e+00,2.618336e+00,4.242777e+02,0,2.423775e-02,-4.083700e-01,-1.578511e+00,1.830015e+00,2.632492e+00,-4.247896e-01,1.296342e+00,-2.444661e+00,4.096373e+00,-3.641360e-01,8.751236e-01,6.344330e-01,-1.814599e+00,-5.523585e+00,-8.044446e+00,-2.120144e+00,-2.354740e-01,-2.390928e-01,-3.866668e-01,-2.684347e-01,-1.526759e-01,-1.852036e-02,1.324821e-01,2.319987e-01,1.401404e-03,7.624984e-03,2.597428e-02,3.292575e-02,2.025242e-02,6.571817e-03,4.640985e-02,1.823108e-02,0,0,0,0,0,0,0,0,0,0
219,2.190000,4.479369e-01,-2.103209e+01,-2.889427e+01,3.100593e+01,-2.668049e+01,1.686072e+01,-8.502591e+00,6.648836e-02,1.306622e+01,-1.130737e+01,1.468929e+01,-1.331575e+01,8.550164e+00,1.620566e-01,2.481176e+00,1.288290e+00,-3.618304e+00,-3.475622e+00,-3.340066e+00,-3.581203e+00,-3.265204e+00,-2.797843e+00,-1.894409e+00,3.508515e+00,1.713900e-01,5.369677e-01,8.723882e-01,1.172684e+00,1.428177e+00,1.632555e+00,1.976089e+00,2.610669e+00,4.242777e+02,0,3.830418e-02,-6.393624e-03,-7.101771e-01,-3.476320e-01,1.396638e+00,-2.695122e+00,-1.701397e-01,-2.228191e+00,4.617102e+00,6.043158e-01,-2.081032e-02,-1.961340e-01,-2.571247e+00,-4.900488e+00,-6.593002e+00,-1.670153e+00,-1.470411e-01,-1.034925e-02,-5.579784e-02,-1.240177e-01,4.536798e-02,7.784176e-02,1.724968e-01,9.605889e-02,1.152012e-02,-4.997253e-03,1.386502e-02,1.963699e-02,-6.487286e-03,-3.953004e-03,-4.102754e-03,1.186702e-02,0,4.427048e-02,0,0,0,0,0,0,0,0
220,2.200000,3.862281e-01,-2.063142e+01,-2.908233e+01,2.921847e+01,-2.723892e+01,1.239788e+01,-1.132104e+01,-1.591002e+00,2.159165e+01,-9.243286e+00,1.564400e+01,-1.262424e+01,5.257628e+00,-3.797771e+00,-4.402098e+00,-1.464840e-01,-3.879341e+00,-3.373915e+00,-3.030346e+00,-3.652032e+00,-3.096607e+00,-2.616820e+00,-1.769683e+00,3.612573e+00,1.914134e-01,5.233254e-01,8.493565e-01,1.183369e+00,1.393205e+00,1.631429e+00,1.958297e+00,2.596729e+00,4.242777e+02,0,1.799164e-02,-5.588932e-02,-2.789009e-01,-1.975043e+00,1.114528e+00,-4.331735e+00,-1.910390e+00,-1.636164e+00,3.714426e+00,2.915241e-01,1.544563e-01,5.217681e-01,-8.305368e-01,-1.465121e+00,-2.996491e+00,6.428644e-01,-1.873094e-01,9.531868e-02,7.961752e-02,-9.819067e-02,1.124826e-01,1.722302e-01,1.702820e-01,-6.399846e-02,3.535080e-03,-6.874812e-03,-2.194071e-03,6.960022e-03,-2.224874e-02,-1.243042e-02,-7.462925e-02,-1.535370e-02,-1.585870e+00,1.207823e-01,0,0,0,0,2.194170e+01,0,0,8.651796e-04
221,2.210000,4.441555e-01,-2.114628e+01,-3.061780e+01,2.602675e+01,-2.709616e+01,8.246907e+00,-1.237717e+01,1.388056e+00,2.510946e+01,-8.137950e+00,1.448219e+01,-1.311574e+01,5.338623e+00,-4.289356e+00,-5.271907e+00,1.034562e+00,-4.373529e+00,-3.492868e+00,-2.935221e+00,-3.738288e+00,-2.993361e+00,-2.414284e+00,-1.584229e+00,3.489193e+00,1.814388e-01,5.143378e-01,8.475472e-01,1.189872e+00,1.364574e+00,1.596839e+00,1.801419e+00,2.585712e+00,4.242777e+02,2.213524e-01,7.066271e-03,2.456060e-01,1.758683e+00,-3.296629e+00,1.053722e+00,-6.000515e+00,-4.396401e+00,-1.629278e+00,1.486993e+00,-9.905815e-02,1.867664e-01,1.576294e+00,1.631965e+00,1.757913e-02,6.118823e-01,3.723611e+00,9.209640e-02,4.246745e-01,3.702873e-01,1.417067e-02,1.877811e-01,2.649645e-01,9.849127e-02,-3.426007e-01,4.125522e-03,-1.477794e-02,-1.864866e-02,8.036101e-03,-9.982968e-03,-1.809191e-02,-6.160841e-02,7.105112e-04,-5.263186e+00,2.044520e-01,0,0,0,0,5.441782e+01,5.615668e-03,3.695599e-03,3.204854e-02
222,2.220000,4.101156e-01,-2.136729e+01,-2.867298e+01,2.281151e+01,-2.427142e+01,-9.360949e-02,-1.762658e+01,-2.841184e+00,2.332751e+01,-1.041401e+01,1.793375e+01,-6.628724e+00,1.061543e+01,1.832941e+00,-3.777687e-01,8.636761e+00,-4.326549e+00,-2.956144e+00,-2.800979e+00,-3.856793e+00,-2.969321e+00,-2.160383e+00,-1.442265e+00,3.007760e+00,1.675712e-01,5.145650e-01,8.226247e-01,1.185428e+00,1.375547e+00,1.594740e+00,1.707002e+00,2.554046e+00,4.163484e+02,4.932354e-01,4.009703e-02,9.355017e-01,4.576784e+00,-5.112578e+00,1.190195e+00,-6.146287e+00,-6.917995e+00,-3.626329e+00,-2.260188e+00,-9.011601e-01,-2.283206e+00,1.010981e+00,2.114702e+00,-9.544355e-01,2.506603e+00,4.917722e+00,6.357105e-01,8.798439e-01,7.012385e-01,2.732640e-01,4.155633e-01,4.076633e-01,5.747557e-03,-6.887692e-01,1.605958e-02,-2.021041e-02,-1.640598e-02,7.411540e-03,-2.479720e-03,-8.273100e-03,9.012938e-04,1.451981e-02,-1.067442e+01,2.224067e-01,1.097085e+02,0,0,4.325898e-03,8.623259e+01,9.757523e-03,9.500091e-03,5.056009e-02
223,2.230000,4.713245e-01,-1.943613e+01,-2.030554e+01,1.772626e+01,-2.289563e+01,-6.896112e+00,-2.733183e+01,-7.454811e+00,1.963325e+01,-1.121730e+01,1.447825e+01,-8.432045e+00,1.403109e+01,-2.565404e+00,3.528423e+00,1.551472e+01,-2.934218e+00,-1.561135e+00,-1.603313e+00,-3.407969e+00,-2.389942e+00,-1.701239e+00,-1.565661e+00,2.097918e+00,2.039387e-01,4.674582e-01,7.925107e-01,1.211835e+00,1.387092e+00,1.560440e+00,1.793694e+00,2.635563e+00,4.019265e+02,7.756425e-01,2.848116e-02,1.843420e+00,6.831945e+00,-7.045030e+00,7.764549e-01,-4.601701e+00,-8.849208e+00,-4.648702e+00,-4.105456e+00,-5.159324e-01,-4.947185e+00,1.373951e-01,4.650423e-01,-4.789378e+00,1.345737e+00,2.961737e+00,1.060107e+00,1.246949e+00,1.060059e+00,5.946937e-01,7.168664e-01,5.862443e-01,-9.403940e-02,-9.464558e-01,3.954137e-02,-2.833323e-02,-8.999419e-03,1.217529e-02,-5.049550e-03,1.882827e-03,8.899926e-02,2.790029e-02,-1.521465e+01,1.556718e-01,2.172348e+02,2.807834e-02,1.847799e-02,1.580798e-01,8.430542e+01,1.247755e-02,1.343109e-02,5.088681e-02
224,2.240000,5.731288e-01,-1.680899e+01,-1.135454e+01,7.805818e+00,-2.338821e+01,-1.076205e+01,-3.843369e+01,-1.530121e+01,1.302882e+01,-1.220941e+01,4.229946e+00,-9.911182e+00,1.148490e+01,-9.431925e+00,3.730749e+00,1.720205e+01,-1.420444e+00,5.943843e-02,-1.901072e-01,-2.450871e+00,-1.320500e+00,-9.350261e-01,-1.750229e+00,8.643653e-01,2.604613e-01,4.457132e-01,7.948448e-01,1.209445e+00,1.369548e+00,1.608263e+00,1.966666e+00,2.644402e+00,3.820813e+02,8.348885e-01,5.035805e-02,1.979244e+00,6.179760e+00,-7.684471e+00,5.647850e-03,-1.172633e+00,-7.265161e+00,-2.767446e+00,-4.062842e+00,4.323007e-01,-6.676190e+00,-9.011360e-01,-2.912028e+00,-8.132169e+00,-1.519061e+00,-1.150138e+00,9.839908e-01,1.116718e+00,1.030104e+00,7.591275e-01,8.246024e-01,6.292243e-01,-1.342346e-01,-9.493085e-01,4.861755e-02,-2.474090e-02,1.231881e-02,1.130115e-02,-8.859182e-03,2.525043e-03,1.126570e-01,2.977004e-02,-1.705420e+01,6.540732e-02,3.225455e+02,3.474845e-02,3.826146e-02,1.737606e-01,4.814013e+01,5.512324e-03,9.786668e-03,5.587819e-03
225,2.250000,5.050548e-01,-1.420833e+01,-5.117296e+00,-1.695559e+00,-2.365549e+01,-9.427377e+00,-4.621966e+01,-1.562544e+01,9.731521e+00,-9.819912e+00,-3.401834e+00,-1.078754e+01,7.229097e+00,-2.260382e+01,-5.974819e-01,1.156060e+01,-5.260448e-01,1.234085e+00,1.059639e+00,-1.467781e+00,-2.334399e-01,-9.574140e-02,-1.900444e+00,-1.713883e-01,3.327006e-01,4.070976e-01,8.164401e-01,1.238740e+00,1.342326e+00,1.599492e+00,2.116583e+00,2.680036e+00,3.653380e+02,8.288848e-01,4.229389e-02,9.301780e-01,3.660481e+00,-5.230107e+00,-1.152637e-01,1.684603e+00,-2.779356e+00,-6.196710e-01,-4.037486e+00,1.081755e+00,-5.009727e+00,-2.745053e-01,-4.371240e+00,-7.729938e+00,-3.623650e+00,-4.365760e+00,5.209979e-01,5.954000e-01,5.223900e-01,5.583819e-01,4.947318e-01,3.243591e-01,-1.427297e-01,-7.351724e-01,3.322071e-02,-1.519516e-02,1.620221e-02,-7.186246e-03,-1.090516e-02,-1.574520e-02,5.495811e-02,1.105485e-02,-1.695617e+01,-6.740815e-03,3.151086e+02,4.501354e-02,4.802473e-02,1.697167e-01,1.162315e+01,-3.578135e-03,-5.236592e-04,-3.417385e-02
226,2.260000,6.450407e-01,-1.408497e+01,-5.368295e+00,-5.899939e+00,-2.386325e+01,-4.691144e+00,-4.450846e+01,-1.259310e+01,7.964163e+00,-8.951201e+00,-6.507164e+00,-9.956656e+00,-5.437147e-01,-2.880869e+01,-5.910122e+00,4.863126e+00,-6.106821e-01,1.229837e+00,1.018063e+00,-1.031250e+00,7.544004e-02,1.829895e-01,-1.946047e+00,-6.041288e-01,3.462780e-01,4.210408e-01,8.722541e-01,1.228482e+00,1.353634e+00,1.587840e+00,2.108842e+00,2.680660e+00,3.493716e+02,7.936509e-01,6.576933e-02,-1.030013e+00,1.294233e+00,-4.239385e-01,1.523981e-01,1.369502e+00,2.645030e+00,1.033549e+00,-4.451551e+00,1.108444e+00,-2.569925e+00,-4.112488e-01,-4.432093e+00,-5.613929e+00,-3.810448e+00,-5.775088e+00,4.627043e-02,-5.204316e-02,-1.483542e-01,6.836955e-02,-2.129801e-01,-2.825837e-01,-1.514072e-01,-4.789711e-01,8.015886e-03,-1.203783e-02,-2.410013e-03,-2.971863e-02,7.385731e-04,-3.283887e-02,-1.435918e-02,3.054213e-03,-1.601680e+01,-2.400162e-02,3.014723e+02,1.909402e-02,3.415998e-02,2.644652e-02,-1.319868e+01,-6.053762e-03,-6.505497e-03,-2.172926e-02
227,2.270000,6.468380e-01,-1.614725e+01,-4.996252e+00,-1.571396e+00,-2.323443e+01,-1.508547e+00,-3.819122e+01,-1.190722e+01,1.978150e+00,-7.437630e+00,-5.201833e+00,-9.781835e+00,-1.810799e+00,-3.152670e+01,-9.769394e+00,-1.446211e-01,-7.341097e-01,8.306656e-01,4.045513e-01,-1.325869e+00,-6.142533e-01,-6.384514e-01,-2.181401e+00,-8.436968e-01,3.271339e-01,4.038186e-01,8.348171e-01,1.166386e+00,1.340523e+00,1.491925e+00,1.997397e+00,2.672709e+00,3.335005e+02,7.625572e-01,5.573503e-02,-3.132694e+00,1.786363e-01,3.861329e+00,1.459673e+00,-1.189309e+00,7.097431e+00,1.840614e+00,-5.517062e+00,-4.117274e-01,-1.602163e+00,-1.767975e+00,-4.286388e+00,-1.820893e+00,-1.742973e+00,-5.185649e+00,-2.131877e-01,-6.047217e-01,-7.014515e-01,-4.604811e-01,-9.486485e-01,-8.359544e-01,-1.779825e-01,-3.856628e-01,-1.936110e-02,-7.953149e-03,-3.118786e-02,-5.090611e-02,1.839387e-02,-2.015568e-02,-5.581323e-02,-6.445026e-03,-1.751770e+01,-2.336572e-02,2.858872e+02,1.801488e-02,1.791044e-02,6.086752e-02,-2.202043e+01,-3.904349e-03,-5.177469e-03,8.967605e-03
228,2.280000,8.310838e-01,-2.098960e+01,-4.943897e+00,5.624044e+00,-2.283675e+01,-7.873955e+00,-2.922276e+01,-1.199258e+01,-5.352254e+00,-7.858331e+00,-7.719679e+00,-1.247028e+01,-6.155615e+00,-3.304013e+01,-1.073553e+01,-5.820779e+00,-1.085059e+00,9.323756e-04,-6.043344e-01,-2.179979e+00,-2.194994e+00,-2.076590e+00,-2.366786e+00,-1.194336e+00,3.033241e-01,3.871635e-01,7.736062e-01,1.097029e+00,1.374143e+00,1.497852e+00,1.954464e+00,2.663337e+00,3.179160e+02,7.480442e-01,-1.265648e-02,-4.313435e+00,1.845679e-01,5.264243e+00,2.633906e+00,-3.948010e+00,8.751379e+00,2.376547e+00,-4.749140e+00,-2.417533e+00,-1.759768e+00,-3.541806e+00,-3.955313e+00,4.426235e-01,1.201266e+00,-4.267063e+00,-3.007458e-01,-9.051674e-01,-8.864932e-01,-7.497153e-01,-1.301835e+00,-1.040510e+00,-2.096988e-01,-3.974881e-01,-3.042717e-02,-4.014871e-03,-5.410663e-02,-4.977661e-02,2.186234e-02,6.346321e-03,-6.538422e-02,-2.502790e-02,-1.900331e+01,-1.822100e-02,2.711628e+02,1.797897e-02,2.079112e-02,1.195389e-01,-4.077993e+01,1.076312e-03,-6.832797e-04,2.900614e-02
229,2.290000,6.907084e-01,-2.641949e+01,-4.436314e+00,1.184909e+01,-1.687037e+01,-1.378252e+01,-1.837536e+01,-6.722634e+00,-1.119558e+01,-1.242498e+01,-1.080639e+01,-1.837061e+01,-1.139689e+01,-2.959257e+01,-6.899640e+00,-9.025686e+00,-1.354795e+00,-1.175071e+00,-1.636420e+00,-3.195822e+00,-3.841465e+00,-3.145724e+00,-2.579987e+00,-1.804599e+00,2.573721e-01,3.842705e-01,7.098247e-01,1.049935e+00,1.424041e+00,1.543707e+00,1.914706e+00,2.656472e+00,2.934773e+02,7.348595e-01,-9.328514e-02,-3.878341e+00,7.339573e-03,3.059993e+00,2.918604e+00,-2.956690e+00,7.807593e+00,3.153483e+00,-1.320128e+00,-3.189401e+00,-1.850011e+00,-3.925912e+00,-3.266051e+00,2.066268e+00,3.360808e+00,-2.364629e+00,-3.682042e-01,-9.754138e-01,-7.633681e-01,-6.388003e-01,-1.011576e+00,-7.465923e-01,-2.272039e-01,-3.751711e-01,-2.894219e-02,1.032464e-02,-4.801242e-02,-3.487591e-02,7.974720e-03,1.754718e-02,-7.870267e-02,-9.618194e-02,-1.821561e+01,-9.429848e-03,2.201612e+02,2.604932e-02,2.882181e-02,1.680086e-01,-4.183217e+01,-1.309200e-03,-6.036211e-04,2.695978e-02
230,2.300000,5.598231e-01,-3.051602e+01,-4.725424e+00,1.371103e+01,-1.387575e+01,-1.829421e+01,-1.065950e+01,-3.302662e+00,-9.194671e+00,-1.854519e+01,-1.250373e+01,-2.337130e+01,-1.552723e+01,-2.756265e+01,-1.338668e+00,-1.203165e+01,-1.804069e+00,-2.293132e+00,-2.393917e+00,-3.844851e+00,-4.820129e+00,-3.765924e+00,-2.795248e+00,-2.111118e+00,2.290231e-01,4.107405e-01,6.642172e-01,1.037824e+00,1.421186e+00,1.593680e+00,1.823266e+00,2.563639e+00,2.743666e+02,7.163947e-01,-1.607338e-01,-2.086899e+00,-4.434881e-02,-2.955379e-01,1.685802e+00,-2.930686e-01,3.827037e+00,1.635308e+00,1.818948e+00,-1.404861e+00,-5.946678e-01,-1.497393e+00,-4.618427e-01,2.627351e+00,2.832904e+00,-1.900482e-02,-3.675945e-01,-6.514238e-01,-4.063185e-01,-2.895205e-01,-3.321956e-01,-2.874386e-01,-1.943237e-01,-2.507258e-01,-1.651559e-02,2.222094e-02,-2.488651e-02,-9.009684e-03,-2.007523e-02,2.824211e-03,-8.792420e-02,-1.364553e-01,-1.207145e+01,6.800461e-03,1.304356e+02,2.045836e-02,2.528789e-02,1.179067e-01,-1.961862e+01,1.753844e-03,8.846801e-04,3.060918e-02
231,2.310000,3.160426e-01,-3.077574e+01,-5.068790e+00,9.685079e+00,-1.312191e+01,-1.108187e+01,-8.434887e+00,-4.847626e-01,-2.701284e+00,-1.804120e+01,-1.205986e+01,-2.396089e+01,-1.345525e+01,-2.393410e+01,2.336212e+00,-8.862328e+00,-2.215626e+00,-2.899371e+00,-2.517498e+00,-3.687435e+00,-4.359568e+00,-3.526746e+00,-3.103189e+00,-2.261161e+00,2.195735e-01,4.436533e-01,6.494495e-01,1.021609e+00,1.356874e+00,1.531747e+00,1.669482e+00,2.241648e+00,2.641971e+02,7.312327e-01,-1.422205e-01,5.556816e-01,4.456482e-01,-3.239527e+00,-4.651732e-01,1.820516e+00,-1.796256e+00,-9.054915e-01,3.755927e+00,2.262530e+00,9.191048e-01,2.745891e+00,1.888708e+00,2.514306e+00,5.710256e-01,2.096100e+00,-2.078639e-01,4.459973e-02,1.577405e-01,1.854075e-01,4.337503e-01,2.121813e-01,-8.916652e-02,-8.637357e-02,4.315777e-03,1.663403e-02,6.365657e-04,1.431382e-02,-3.494278e-02,-1.617173e-02,-3.819551e-02,-1.117433e-01,-2.345850e+00,2.921760e-02,1.470900e+02,1.022918e-02,1.264395e-02,1.964825e-01,2.683097e+01,5.736548e-03,2.240970e-03,4.471145e-02
232,2.320000,2.147478e-01,-2.924596e+01,-4.849403e+00,5.228362e+00,-1.628197e+01,-1.068962e+01,-1.505781e+01,-6.934972e+00,-5.046603e-01,-1.207452e+01,-1.006628e+01,-1.716210e+01,-7.435652e+00,-2.273260e+01,-1.188940e+00,-5.997483e+00,-2.492616e+00,-2.394037e+00,-2.195388e+00,-3.381775e+00,-3.596921e+00,-3.323272e+00,-3.076803e+00,-2.219683e+00,2.396454e-01,4.685768e-01,6.793613e-01,1.066144e+00,1.307350e+00,1.517953e+00,1.637455e+00,2.188473e+00,2.721989e+02,7.838599e-01,-4.430895e-02,2.920368e+00,1.149011e+00,-4.747164e+00,-1.682210e+00,1.745566e+00,-6.544170e+00,-2.515898e+00,3.799316e+00,4.681212e+00,2.009986e+00,6.012750e+00,1.776589e+00,2.086216e+00,-2.120871e+00,2.850410e+00,9.768007e-02,8.257604e-01,7.347166e-01,5.598611e-01,9.362065e-01,6.489891e-01,9.588785e-02,4.800649e-02,2.029329e-02,2.453625e-05,1.906918e-02,3.305546e-02,-2.352321e-02,-1.792366e-02,2.218974e-02,-3.064108e-03,5.142569e+00,4.329143e-02,2.096053e+02,3.465826e-02,3.330345e-02,2.583478e-01,5.358747e+01,1.020326e-02,5.583645e-03,3.400318e-02
233,2.330000,1.521438e-01,-2.427611e+01,-2.146084e+00,-1.072089e-01,-1.799313e+01,-8.482230e+00,-2.515748e+01,-9.433936e+00,3.239047e+00,-4.347665e+00,-7.429589e+00,-7.745750e+00,-5.999142e+00,-1.943606e+01,-4.119376e+00,-1.562274e+00,-2.049840e+00,-9.016201e-01,-9.469821e-01,-2.500322e+00,-2.284317e+00,-2.306144e+00,-2.885042e+00,-2.182184e+00,2.736398e-01,4.385225e-01,7.054355e-01,1.107345e+00,1.306246e+00,1.500712e+00,1.816635e+00,2.285339e+00,2.828319e+02,8.472149e-01,5.305185e-02,4.196500e+00,1.752622e+00,-5.241277e+00,-2.338802e+00,4.723002e-01,-8.646007e+00,-1.983483e+00,3.562699e+00,4.565324e+00,2.813544e+00,6.721622e+00,-5.320386e-01,7.003908e-01,-3.264446e+00,1.310967e+00,3.630257e-01,1.337718e+00,1.148575e+00,7.912524e-01,1.086067e+00,9.098517e-01,2.522165e-01,1.152337e-01,2.982107e-02,-1.613920e-02,2.610383e-02,3.715693e-02,-6.664276e-04,3.088033e-03,9.677014e-02,1.047223e-01,8.226379e+00,3.926535e-02,3.147312e+02,4.763211e-02,3.601888e-02,3.213452e-01,4.345743e+01,3.629758e-03,3.831988e-04,-1.746420e-02
234,2.340000,4.202277e-01,-1.916400e+01,-4.417201e-01,-5.128649e+00,-1.985119e+01,-1.086620e+01,-3.501906e+01,-1.140757e+01,6.831745e+00,-1.985900e+00,-4.768934e+00,-1.415117e+00,-1.037234e+01,-1.938059e+01,-8.715231e+00,-1.429629e+00,-1.398561e+00,8.367947e-01,4.944079e-01,-1.639102e+00,-1.176722e+00,-1.131280e+00,-2.424882e+00,-1.910574e+00,3.034564e-01,4.134286e-01,7.315701e-01,1.160233e+00,1.328885e+00,1.519579e+00,1.860639e+00,2.526473e+00,2.907621e+02,8.748608e-01,7.988401e-02,4.272798e+00,1.543627e+00,-5.375876e+00,-2.653370e+00,4.736248e-01,-8.200197e+00,8.271967e-01,3.468808e+00,2.803237e+00,3.253239e+00,4.299113e+00,-3.343089e+00,-6.648321e-01,-2.706226e+00,-4.739892e-01,4.296209e-01,1.364639e+00,1.244434e+00,8.598379e-01,1.009304e+00,1.000334e+00,3.302934e-01,1.227750e-01,2.846918e-02,-1.803021e-02,3.075318e-02,3.127402e-02,2.128443e-02,2.400987e-02,1.108959e-01,1.143402e-01,6.707501e+00,2.309815e-02,3.145524e+02,5.277319e-02,4.151865e-02,2.254912e-01,1.947061e+01,-7.591565e-03,-7.234371e-03,-5.691078e-02
235,2.350000,4.785619e-01,-1.483422e+01,1.490478e+00,-1.134280e+01,-2.303131e+01,-8.632081e+00,-4.168430e+01,-8.165881e+00,1.144401e+01,-2.588947e-01,-6.408202e-01,1.773734e+00,-1.464709e+01,-2.210816e+01,-1.022287e+01,-4.591420e+00,-9.475248e-01,2.173804e+00,1.880479e+00,-6.025097e-01,-1.393344e-01,-7.348319e-02,-2.168067e+00,-1.839547e+00,3.367734e-01,3.905314e-01,7.538643e-01,1.160349e+00,1.342775e+00,1.546374e+00,2.041741e+00,2.596259e+00,2.960475e+02,8.820590e-01,1.027033e-01,3.266778e+00,9.482542e-01,-4.855690e+00,-3.095230e+00,5.770704e-01,-6.652532e+00,3.503604e+00,2.244441e+00,1.464873e+00,3.250901e+00,1.169193e+00,-4.101030e+00,-2.268386e+00,-1.769691e+00,-2.084714e+00,2.776514e-01,1.051599e+00,1.001698e+00,7.349215e-01,7.389726e-01,8.126531e-01,3.436778e-01,5.712303e-02,2.150843e-02,-8.003193e-03,3.504332e-02,2.143933e-02,2.953326e-02,3.688942e-02,1.013039e-01,8.954220e-02,4.399811e+00,7.878524e-03,3.119036e+02,1.932051e-02,1.045234e-02,1.255898e-01,-2.523263e+00,-1.225922e-02,-8.740318e-03,-7.324059e-02
236,2.360000,4.509588e-01,-1.260292e+01,1.050449e+00,-1.603322e+01,-2.702973e+01,-8.246572e+00,-4.779539e+01,-3.433017e+00,1.273690e+01,-1.027249e-01,2.805528e+00,-4.262820e-01,-1.982712e+01,-2.472072e+01,-1.166832e+01,-6.852856e+00,-8.956689e-01,2.891444e+00,2.613051e+00,-3.149143e-02,3.771059e-01,5.620679e-01,-1.783823e+00,-1.777127e+00,3.504245e-01,4.024213e-01,8.089128e-01,1.196012e+00,1.395507e+00,1.615171e+00,2.079381e+00,2.604713e+00,2.991286e+02,8.819286e-01,6.564088e-02,2.246305e+00,6.034533e-01,-3.905776e+00,-3.028594e+00,1.663309e+00,-4.716084e+00,5.678479e+00,1.524384e+00,1.032579e+00,2.961102e+00,-1.081660e+00,-2.697447e+00,-2.216959e+00,-4.363905e-01,-1.963936e+00,8.298784e-02,6.283591e-01,6.309565e-01,5.700866e-01,5.043906e-01,5.810024e-01,3.108183e-01,-4.823756e-03,1.253968e-02,-3.567368e-04,3.183709e-02,8.762491e-03,2.621728e-02,2.411301e-02,6.439798e-02,3.747594e-02,2.556229e+00,1.857543e-03,3.083722e+02,1.085624e-02,9.914865e-03,7.167170e-02,-2.974503e+00,-9.999256e-03,-7.326197e-03,-4.635131e-02
237,2.370000,6.502948e-01,-1.122276e+01,1.849103e+00,-1.893337e+01,-2.988000e+01,-6.906691e+00,-5.203197e+01,4.096812e+00,1.150867e+01,2.035112e+00,5.037685e+00,-2.394202e+00,-2.177690e+01,-2.810793e+01,-1.149129e+01,-9.274230e+00,-9.130291e-01,3.329048e+00,3.002188e+00,3.704804e-01,6.336315e-01,9.104479e-01,-1.487182e+00,-1.963293e+00,3.576978e-01,4.040102e-01,8.419808e-01,1.196652e+00,1.420601e+00,1.637363e+00,2.213783e+00,2.693929e+00,3.006477e+02,8.830736e-01,1.654305e-01,1.486523e+00,3.696023e-01,-2.494673e+00,-2.151752e+00,2.164540e+00,-2.195035e+00,5.935084e+00,1.889249e+00,7.398359e-01,2.389352e+00,-1.570270e+00,-3.260225e-01,-9.508289e-01,7.895255e-01,-7.696849e-01,-6.237914e-02,2.609008e-01,2.666420e-01,3.841338e-01,3.211588e-01,3.833117e-01,2.543999e-01,1.986159e-02,3.115055e-03,4.188606e-03,1.278762e-02,-7.473648e-03,8.761609e-03,-1.122104e-02,-3.178458e-02,-1.495576e-02,1.284168e+00,5.284786e-04,3.052050e+02,7.294508e-03,8.119185e-03,3.205201e-02,-2.531998e+00,-3.088268e-03,-1.504617e-03,-2.019335e-02
238,2.380000,6.625656e-01,-9.738202e+00,2.396234e+00,-2.086224e+01,-3.156981e+01,-3.412346e+00,-5.342564e+01,1.085348e+01,1.442133e+01,2.029993e+00,7.197321e+00,-4.739451e+00,-2.029467e+01,-2.746550e+01,-1.026298e+01,-8.907907e+00,-1.000870e+00,3.400969e+00,3.088336e+00,7.248364e-01,9.587479e-01,1.281766e+00,-1.211233e+00,-1.872820e+00,3.556925e-01,4.049056e-01,8.466973e-01,1.185894e+00,1.421058e+00,1.594650e+00,2.096607e+00,2.665017e+00,3.012431e+02,8.836412e-01,2.223813e-01,1.039452e+00,4.737945e-01,-1.514795e+00,-9.330322e-01,2.592433e+00,3.370667e-02,4.929324e+00,3.228653e+00,4.095451e-01,1.883206e+00,-5.914720e-01,2.051923e+00,8.950064e-01,1.803758e+00,3.786522e-01,-1.368533e-01,1.672628e-02,4.547300e-02,2.668742e-01,2.500500e-01,2.785136e-01,1.515570e-01,5.465598e-02,-1.397008e-03,4.350945e-03,-9.390861e-03,-2.003264e-02,-1.129813e-02,-4.194696e-02,-9.192572e-02,-4.777648e-02,5.322632e-01,9.475350e-04,3.030292e+02,8.789907e-03,6.054241e-03,4.050354e-02,-1.723444e+00,-1.672909e-03,-1.989791e-03,-4.895669e-03
239,2.390000,1.199911e+00,-8.833961e+00,2.665597e+00,-2.140166e+01,-3.152003e+01,-2.264943e-01,-4.984434e+01,1.436629e+01,2.004803e+01,2.373926e+00,9.110042e+00,-3.921032e+00,-1.604343e+01,-2.548991e+01,-6.977920e+00,-7.412319e+00,-1.206820e+00,3.223546e+00,2.976046e+00,9.399956e-01,1.175639e+00,1.483226e+00,-1.182363e+00,-1.692392e+00,3.497146e-01,4.102323e-01,7.989101e-01,1.128039e+00,1.373808e+00,1.500530e+00,1.874205e+00,2.491328e+00,3.014111e+02,8.838452e-01,2.714580e-01,6.582197e-01,1.830925e-01,-8.654515e-01,2.830868e-02,1.884445e+00,1.554601e+00,2.333638e+00,4.344410e+00,-3.083189e-01,9.199184e-01,5.251123e-01,2.664797e+00,2.322616e+00,2.121040e+00,1.213053e+00,-1.541295e-01,-1.238730e-01,-6.684377e-02,1.539543e-01,2.010368e-01,2.080310e-01,5.144179e-02,1.087791e-01,-2.471644e-03,6.901333e-03,-1.572329e-02,-1.473099e-02,-1.769663e-02,-4.455023e-02,-1.040777e-01,-6.117988e-02,1.472992e-01,1.601249e-03,3.019151e+02,4.912333e-03,4.859569e-03,4.020710e-02,-1.007590e+00,-1.674673e-03,-1.667863e-03,-1.810266e-03
240,2.400000,1.288057e+00,-8.600059e+00,3.011174e+00,-2.237305e+01,-3.087488e+01,1.375494e+00,-4.872067e+01,1.607887e+01,2.461048e+01,1.775594e+00,1.018538e+01,-2.620227e+00,-1.243424e+01,-2.155469e+01,-4.906218e+00,-5.890551e+00,-1.433040e+00,3.027826e+00,2.853487e+00,1.018122e+00,1.356352e+00,1.668247e+00,-1.178448e+00,-1.639297e+00,3.474311e-01,4.210649e-01,7.834938e-01,1.130155e+00,1.362413e+00,1.473853e+00,1.789542e+00,2.467131e+00,3.014083e+02,8.862805e-01,2.397335e-01,1.857088e-01,-8.793378e-03,-7.715813e-01,4.537272e-01,3.253089e-01,1.466716e+00,-1.565970e-01,3.262138e+00,-7.905523e-01,-1.048761e+00,8.289097e-01,1.863179e+00,1.785562e+00,1.784960e+00,8.645782e-01,-1.110226e-01,-1.578310e-01,-8.744826e-02,5.500022e-02,1.364670e-01,1.383594e-01,-3.319846e-02,4.919147e-02,6.992311e-04,9.588590e-03,-2.324551e-03,3.273761e-03,-9.212613e-03,-2.244956e-02,-1.894921e-02,-3.803372e-03,-4.887390e-02,2.480567e-03,3.013999e+02,3.682781e-03,1.595716e-03,4.311581e-02,-6.374176e-01,-1.906809e-03,-1.230315e-03,-5.656338e-03
241,2.410000,1.694839e+00,-8.500735e+00,2.457095e+00,-2.250522e+01,-3.008593e+01,1.216141e-01,-4.661145e+01,1.315231e+01,2.813615e+01,6.207175e-01,8.143249e+00,-8.282523e-01,-1.238313e+01,-1.945025e+01,-3.564465e+00,-4.717641e+00,-1.467592e+00,2.896254e+00,2.785393e+00,9.936091e-01,1.440013e+00,1.757363e+00,-1.246366e+00,-1.536159e+00,3.494703e-01,4.304372e-01,7.949660e-01,1.150867e+00,1.361440e+00,1.475010e+00,1.846927e+00,2.486973e+00,3.013016e+02,8.897602e-01,8.767452e-02,-9.374323e-02,-3.830208e-01,-8.417635e-01,2.562021e-01,-1.033513e+00,5.516495e-01,-1.850095e+00,1.286811e+00,-1.122435e+00,-3.304397e+00,7.830405e-02,3.849238e-01,3.888813e-01,1.391070e+00,2.906505e-01,-3.191238e-02,-1.525026e-01,-7.137022e-02,-5.105370e-03,9.024205e-02,9.455395e-02,-6.431580e-02,6.805837e-03,5.043942e-03,1.112807e-02,1.825244e-02,2.355498e-02,4.940820e-03,5.518568e-03,6.883687e-02,5.384462e-02,-2.141693e-01,2.298492e-03,3.009817e+02,1.474706e-03,2.009130e-03,2.169454e-02,-7.100769e-01,-1.041599e-03,-7.604892e-04,-5.791955e-03
242,2.420000,1.613769e+00,-8.976271e+00,2.456518e+00,-2.416837e+01,-3.001823e+01,-1.959856e+00,-4.770851e+01,1.067749e+01,2.668796e+01,-1.046164e+00,2.436911e+00,-2.141292e+00,-1.280893e+01,-2.155752e+01,-3.044906e+00,-5.932354e+00,-1.425597e+00,2.775459e+00,2.746421e+00,9.730307e-01,1.508895e+00,1.836495e+00,-1.345224e+00,-1.704980e+00,3.593108e-01,4.427461e-01,8.370466e-01,1.190850e+00,1.381179e+00,1.495162e+00,2.015500e+00,2.648178e+00,3.010534e+02,8.930865e-01,-2.582907e-02,-2.844285e-01,-6.171034e-01,-1.046675e+00,-2.692810e-01,-1.651831e+00,-2.407780e-01,-2.468351e+00,-8.032736e-01,-1.225203e+00,-5.164908e+00,-6.597840e-01,-1.026728e+00,-7.411242e-01,6.591728e-01,-2.783714e-01,1.510823e-02,-1.533947e-01,-5.896096e-02,-2.293589e-02,5.540337e-02,5.127364e-02,-8.045381e-02,-5.312009e-02,7.680252e-03,1.130208e-02,2.350544e-02,2.385364e-02,7.236981e-03,1.195852e-02,9.101991e-02,5.931029e-02,-4.610138e-01,4.051387e-04,3.003088e+02,9.746762e-04,1.327888e-03,2.147812e-02,-1.201538e+00,-6.161492e-04,-2.560715e-04,-3.468118e-03
243,2.430000,1.475428e+00,-9.114571e+00,1.027821e+00,-2.471282e+01,-3.066735e+01,-3.726385e+00,-4.759217e+01,7.816502e+00,2.544335e+01,-1.827370e+00,-3.537708e+00,-3.768979e+00,-1.393147e+01,-2.354409e+01,-9.532273e-01,-5.938164e+00,-1.370103e+00,2.587217e+00,2.672728e+00,9.370143e-01,1.550578e+00,1.871871e+00,-1.420554e+00,-1.625522e+00,3.689945e-01,4.550321e-01,8.633960e-01,1.215467e+00,1.389129e+00,1.517468e+00,2.105410e+00,2.670028e+00,3.005176e+02,8.919346e-01,-1.538387e-01,-2.696605e-01,-6.550187e-01,-1.100544e+00,-4.949438e-01,-1.610920e+00,-8.169537e-01,-1.785756e+00,-2.081914e+00,-1.219698e+00,-5.302393e+00,-1.587864e+00,-7.286081e-01,-7.248537e-01,-5.136652e-02,-1.056092e-01,1.593420e-02,-1.640399e-01,-4.420044e-02,-1.928416e-02,5.000060e-02,3.617811e-02,-3.804740e-02,-6.956490e-02,7.432109e-03,1.007294e-02,1.241856e-02,1.282071e-02,1.743352e-03,3.199470e-03,4.066362e-02,3.067684e-02,-8.587311e-01,-2.677715e-03,2.989102e+02,1.058390e-03,1.191037e-03,2.206617e-02,-2.051880e+00,1.676311e-04,2.623755e-04,1.066955e-04
244,2.440000,1.268618e+00,-9.715283e+00,6.402944e-01,-2.650263e+01,-3.193057e+01,-4.959661e+00,-4.943420e+01,6.405017e+00,2.194051e+01,-3.126376e+00,-9.798682e+00,-4.448783e+00,-1.679371e+01,-2.321339e+01,-2.915973e+00,-6.672146e+00,-1.406243e+00,2.415372e+00,2.615015e+00,9.317398e-01,1.578087e+00,1.867360e+00,-1.493623e+00,-1.860216e+00,3.760703e-01,4.652779e-01,8.668060e-01,1.217123e+00,1.384754e+00,1.512417e+00,2.115400e+00,2.672155e+00,2.994952e+02,8.872190e-01,-1.523087e-01,-7.080221e-02,-4.148238e-01,-8.783566e-01,-7.139816e-02,-1.591198e+00,-7.730396e-01,-6.154656e-01,-2.556078e+00,-1.478437e+00,-4.011749e+00,-1.966349e+00,6.569071e-01,4.429863e-01,-8.768265e-01,8.837188e-01,1.903083e-02,-1.623832e-01,-1.501079e-02,-9.656494e-03,5.350715e-02,3.879086e-02,5.733738e-02,-6.307764e-02,4.701701e-03,7.873955e-03,-1.245369e-02,-1.950610e-03,-9.639001e-03,-1.277065e-02,-4.851554e-02,-3.926072e-02,-1.432669e+00,-5.098510e-03,2.964279e+02,8.101928e-04,7.244048e-04,2.558941e-02,-3.154453e+00,6.770532e-04,1.005057e-03,2.890225e-04
245,2.450000,1.098221e+00,-9.479531e+00,9.011289e-02,-2.684081e+01,-3.160448e+01,-6.433081e+00,-4.983337e+01,6.359764e+00,2.010030e+01,-4.437667e+00,-1.225092e+01,-7.613825e+00,-1.403378e+01,-2.224658e+01,-3.885764e+00,-4.875791e+00,-1.397598e+00,2.256099e+00,2.630094e+00,9.178338e-01,1.655420e+00,1.922820e+00,-1.362404e+00,-1.806365e+00,3.782512e-01,4.695360e-01,8.421791e-01,1.201834e+00,1.368369e+00,1.482380e+00,2.000295e+00,2.628369e+00,2.977871e+02,8.793054e-01,-1.061368e-01,1.842424e-01,5.182776e-02,-4.506268e-01,9.255148e-01,-1.644243e+00,-7.276447e-01,1.096944e+00,-2.754380e+00,-1.899418e+00,-2.069302e+00,-2.456322e+00,3.470350e+00,1.399622e+00,-8.102490e-01,1.501721e+00,2.629552e-02,-1.535403e-01,3.010316e-02,-1.578736e-02,5.889323e-02,5.774702e-02,1.889067e-01,-4.734945e-02,3.326866e-03,6.574774e-03,-2.861123e-02,-5.888939e-03,-1.573701e-02,-1.863321e-02,-1.021189e-01,-7.416561e-02,-2.157495e+00,-6.643307e-03,2.926627e+02,2.395103e-03,3.622749e-03,2.017237e-02,-4.331976e+00,8.174671e-04,1.542847e-03,8.341245e-04
246,2.460000,1.040829e+00,-9.147801e+00,8.512533e-01,-2.749615e+01,-2.990666e+01,-8.562497e+00,-5.045311e+01,8.328526e+00,1.657910e+01,-7.133199e+00,-1.326523e+01,-1.005062e+01,-9.473239e+00,-1.999134e+01,-5.962770e+00,-2.044946e+00,-1.316696e+00,2.129102e+00,2.692684e+00,9.343385e-01,1.724010e+00,2.004975e+00,-1.087613e+00,-1.929946e+00,3.781910e-01,4.748639e-01,7.853866e-01,1.187913e+00,1.343364e+00,1.448853e+00,1.825480e+00,2.472704e+00,2.952554e+02,8.739086e-01,-6.823725e-02,3.318762e-01,2.348435e-01,3.119448e-01,1.478434e+00,-1.375622e+00,-8.749660e-01,2.490882e+00,-2.598019e+00,-2.227034e+00,5.377531e-02,-2.270381e+00,5.203643e+00,2.850723e+00,2.416544e-01,1.423901e+00,1.062911e-02,-1.389982e-01,6.016018e-02,-5.356008e-02,1.515571e-02,3.848876e-02,2.829791e-01,5.340719e-03,4.026785e-03,4.763854e-03,-3.504814e-02,-1.675105e-03,-1.535199e-02,-1.275309e-02,-1.096606e-01,-1.005461e-01,-2.998163e+00,-7.564443e-03,2.876603e+02,3.691586e-03,5.137315e-03,2.387013e-02,-5.520172e+00,1.750689e-03,2.807715e-03,3.617913e-03
247,2.470000,1.058638e+00,-8.477099e+00,1.181481e+00,-2.646919e+01,-2.705173e+01,-1.014618e+01,-5.072094e+01,1.233947e+01,1.435216e+01,-9.321046e+00,-1.215094e+01,-1.324967e+01,-2.399607e-01,-1.815701e+01,-3.481073e+00,-7.431612e-01,-1.283399e+00,1.962650e+00,2.784410e+00,8.567781e-01,1.772082e+00,2.091799e+00,-6.790257e-01,-1.827404e+00,3.845685e-01,4.831130e-01,7.610496e-01,1.200627e+00,1.331139e+00,1.456085e+00,1.739776e+00,2.398926e+00,2.918501e+02,8.653733e-01,-8.867376e-02,2.101740e-01,2.329461e-01,1.109102e+00,1.086499e+00,-8.838513e-01,-1.033258e+00,2.496582e+00,-2.237398e+00,-2.405748e+00,1.626682e+00,-1.132334e+00,4.498006e+00,4.057659e+00,1.459783e+00,-1.730167e-02,-4.058133e-02,-1.120582e-01,5.873384e-02,-9.526563e-02,-9.154978e-02,-4.552759e-02,2.457262e-01,4.404467e-02,5.621699e-03,1.939994e-03,-2.329139e-02,4.783106e-03,-5.544627e-03,2.591681e-03,-5.798267e-02,-6.233101e-02,-3.966702e+00,-1.016602e-02,2.816342e+02,3.705029e-03,6.698817e-03,2.709643e-02,-6.872317e+00,2.793269e-03,3.160980e-03,8.924727e-03
248,2.480000,9.472229e-01,-8.557118e+00,1.268828e+00,-2.512872e+01,-2.681477e+01,-9.981223e+00,-5.336525e+01,1.586958e+01,1.182449e+01,-1.181985e+01,-9.579795e+00,-1.298277e+01,2.327588e+00,-1.100457e+01,-1.910047e+00,-1.618955e+00,-1.410196e+00,1.867105e+00,2.838658e+00,6.944672e-01,1.595535e+00,1.975315e+00,-4.204167e-01,-1.822993e+00,3.930456e-01,4.823087e-01,7.321301e-01,1.209351e+00,1.326609e+00,1.461799e+00,1.697357e+00,2.284147e+00,2.874729e+02,8.563628e-01,-1.392101e-01,3.449354e-02,-5.638417e-02,1.853948e+00,2.477489e-01,-7.530074e-01,-2.811886e-01,1.070689e+00,-1.600684e+00,-1.201819e+00,2.709287e+00,3.527605e-01,1.632674e+00,4.067482e+00,2.012740e+00,-1.235560e+00,-1.006881e-01,-7.070529e-02,4.065998e-02,-1.261069e-01,-2.209506e-01,-1.653268e-01,1.298683e-01,1.027673e-01,6.818375e-03,-1.768890e-03,-6.675935e-03,7.417130e-03,9.074760e-03,1.728456e-02,1.321100e-02,4.930496e-03,-5.099329e+00,-1.458489e-02,2.743413e+02,8.908673e-03,1.322494e-02,4.021694e-02,-8.497213e+00,4.157580e-03,3.583789e-03,9.926786e-03
249,2.490000,7.016551e-01,-8.724003e+00,1.046056e+00,-2.247902e+01,-2.771792e+01,-1.014297e+01,-5.354359e+01,1.507215e+01,1.129062e+01,-1.412308e+01,-5.960230e+00,-1.180942e+01,2.555836e+00,-6.451673e+00,1.386788e+00,-5.175295e+00,-1.553754e+00,1.826806e+00,2.850776e+00,5.614413e-01,1.261909e+00,1.710012e+00,-4.673703e-01,-1.639618e+00,3.989324e-01,4.755136e-01,7.523504e-01,1.215031e+00,1.349023e+00,1.488865e+00,1.774443e+00,2.410992e+00,2.818448e+02,8.372481e-01,-1.184179e-01,-8.681469e-02,-3.653141e-01,1.478321e+00,-5.216945e-01,-8.134190e-01,8.936615e-01,-1.339473e+00,1.842747e-02,8.457553e-01,3.250610e+00,1.962022e+00,-1.376567e+00,2.477267e+00,1.591009e+00,-1.249259e+00,-1.478713e-01,-1.546011e-02,1.289706e-02,-9.755280e-02,-2.234496e-01,-1.913129e-01,-2.205907e-02,1.257374e-01,6.496763e-03,-4.145354e-03,1.615673e-02,8.988941e-03,1.927114e-02,4.101763e-02,8.798733e-02,7.377557e-02,-6.371316e+00,-1.693692e-02,2.649606e+02,1.375290e-02,1.538384e-02,5.662260e-02,-1.018728e+01,4.012845e-03,2.008644e-03,8.290413e-03
250,2.500000,5.232697e-01,-8.851882e+00,6.370448e-01,-2.022150e+01,-2.833482e+01,-1.232914e+01,-5.044773e+01,1.231563e+01,1.010645e+01,-1.074127e+01,-2.814152e+00,-9.006940e+00,-2.707766e+00,-5.506599e+00,1.667000e+00,-6.006682e+00,-1.684959e+00,1.843498e+00,2.862800e+00,4.514723e-01,8.743436e-01,1.369234e+00,-5.440989e-01,-1.510002e+00,4.051009e-01,4.698192e-01,7.563565e-01,1.217797e+00,1.379795e+00,1.518885e+00,1.874201e+00,2.491323e+00,2.747614e+02,8.150467e-01,-6.009751e-02,2.239893e-01,-9.406902e-01,4.140255e-01,2.488556e-02,-5.962563e-01,1.342881e+00,-2.214640e+00,2.396739e+00,3.107800e+00,3.432271e+00,2.257164e+00,-2.503838e+00,1.073430e-01,3.234043e-01,5.136127e-02,-1.489125e-01,4.192945e-02,3.933000e-03,-5.396438e-02,-2.087568e-02,-1.480916e-02,1.705304e-02,1.840437e-01,5.966955e-03,-3.178391e-03,4.830231e-02,1.437203e-02,2.134537e-02,5.048318e-02,1.268657e-01,1.067740e-01,-7.456460e+00,-1.887178e-02,2.535110e+02,1.945555e-02,1.871375e-02,5.874097e-02,-1.071190e+01,3.442548e-03,7.064476e-04,6.770128e-03
251,2.510000,6.785253e-01,-8.763791e+00,-3.291981e-01,-2.153119e+01,-2.890018e+01,-1.303932e+01,-4.771140e+01,7.419073e+00,1.530332e+01,-5.631559e+00,7.192855e-01,-5.427474e+00,-4.605117e+00,-8.519652e+00,2.685447e+00,-4.795592e+00,-1.885375e+00,1.897153e+00,2.836824e+00,4.905116e-01,1.015430e+00,1.438275e+00,-7.274799e-01,-1.355212e+00,4.110246e-01,4.686309e-01,8.297200e-01,1.241349e+00,1.400901e+00,1.632630e+00,2.091290e+00,2.664215e+00,2.663492e+02,8.013468e-01,3.549284e-02,2.352331e-01,-1.368422e+00,-5.111769e-01,1.242891e+00,-1.656515e-01,7.578350e-01,-1.122851e+00,4.860488e+00,4.040766e+00,3.214424e+00,2.370234e+00,-1.597672e+00,-8.235075e-01,-1.333678e+00,1.244971e+00,-1.766848e-01,5.863680e-02,-4.828525e-02,-8.036212e-02,1.677343e-01,1.650293e-01,1.036473e-01,1.765133e-01,3.318134e-03,-4.422790e-03,6.504215e-02,1.716770e-02,1.038706e-02,4.019171e-02,8.320785e-02,6.734669e-02,-7.568402e+00,-2.351326e-02,2.411129e+02,1.849581e-02,1.399764e-02,5.928647e-02,-2.457211e+01,1.236693e-03,-7.151367e-04,1.258986e-03
252,2.520000,6.583003e-01,-7.417278e+00,-2.746996e+00,-2.353250e+01,-2.609921e+01,-1.151433e+01,-4.956694e+01,8.622914e+00,2.180183e+01,-5.266164e-01,4.241805e+00,-4.887920e+00,-6.611124e+00,-9.433861e+00,-9.423544e-01,-1.552000e+00,-1.988949e+00,2.041579e+00,2.865299e+00,4.601102e-01,1.614396e+00,2.037138e+00,-2.050966e-01,-1.044978e+00,4.168342e-01,4.698580e-01,9.349568e-01,1.268052e+00,1.407397e+00,1.642333e+00,2.173262e+00,2.691405e+00,2.579384e+02,7.799546e-01,3.739049e-02,-2.212892e-01,-1.143091e+00,-5.804170e-01,2.760866e+00,4.992417e-01,2.873104e-01,3.027289e-01,6.181409e+00,3.422209e+00,2.858145e+00,2.462080e+00,3.602555e-01,-5.118713e-01,-1.806919e+00,1.237407e+00,-2.080735e-01,-1.533977e-02,-1.641647e-01,-1.856386e-01,1.990704e-01,2.043135e-01,1.006654e-01,8.365437e-02,-3.139102e-03,-8.545494e-03,5.614915e-02,1.734029e-02,3.367710e-03,1.727018e-02,1.687081e-02,2.710717e-02,-6.342102e+00,-3.026533e-02,2.327056e+02,2.374996e-02,1.745028e-02,7.273564e-02,-4.433294e+01,-1.596100e-03,-2.412627e-03,-4.263874e-03
253,2.530000,8.116040e-01,-8.265140e+00,-4.104034e+00,-2.337940e+01,-2.262127e+01,-1.137863e+01,-5.019481e+01,1.130425e+01,2.974537e+01,9.734196e-01,6.583911e+00,-2.017761e+00,-3.480844e+00,-8.605579e+00,-3.976926e+00,-1.177781e+00,-2.285183e+00,2.020950e+00,2.608101e+00,1.553118e-01,1.730554e+00,2.201207e+00,-1.186349e-01,-9.895644e-01,4.096564e-01,4.533802e-01,9.882609e-01,1.275742e+00,1.387158e+00,1.628100e+00,2.040952e+00,2.647685e+00,2.524143e+02,7.372279e-01,-9.717047e-03,-1.640084e+00,-4.752334e-01,4.829653e-01,3.383289e+00,1.595140e-01,8.971432e-01,3.915006e-01,5.521749e+00,2.941191e+00,1.693967e+00,3.160455e+00,1.601453e+00,8.995428e-02,-8.636404e-01,8.813814e-01,-3.422230e-01,-2.198496e-01,-3.599522e-01,-4.187510e-01,-7.237121e-02,-6.949046e-02,-1.447358e-01,-1.328785e-01,-7.694358e-03,-1.230020e-02,2.796850e-02,1.058248e-02,-2.538133e-03,-7.405221e-03,-4.665799e-02,-1.210217e-02,-4.058191e+00,-3.714503e-02,1.525028e+02,1.778916e-02,1.243989e-02,5.592019e-02,-6.387801e+01,-4.891322e-03,-3.801607e-03,-1.522038e-02
254,2.540000,6.436828e-01,-1.020765e+01,-3.190993e+00,-2.219948e+01,-1.766994e+01,-1.066327e+01,-4.776947e+01,1.188669e+01,3.379247e+01,3.067281e+00,8.544258e+00,1.598603e+00,-1.468625e+00,-8.022992e+00,-4.036409e+00,-1.628550e+00,-2.525422e+00,1.704901e+00,2.156338e+00,-3.091210e-01,1.512134e+00,2.009336e+00,-3.451943e-01,-1.274555e+00,3.900895e-01,4.347171e-01,9.578318e-01,1.287302e+00,1.403505e+00,1.607501e+00,1.983724e+00,2.635124e+00,2.500183e+02,6.957795e-01,-5.455134e-02,-3.355981e+00,3.563521e-02,1.686299e+00,2.750732e+00,-3.508738e-01,2.249459e+00,-1.423464e+00,3.826674e+00,2.613713e+00,6.484703e-01,3.114314e+00,1.942326e+00,-6.715766e-01,1.148950e+00,1.658931e-01,-5.167502e-01,-4.975905e-01,-5.908726e-01,-6.597854e-01,-4.484850e-01,-4.752287e-01,-5.205262e-01,-3.411152e-01,-9.025643e-03,-1.231100e-02,5.063736e-03,4.313218e-03,-2.123654e-03,-4.643381e-03,-4.156557e-02,-8.384133e-03,-1.823608e+00,-3.712114e-02,7.615141e+01,1.182837e-02,7.429492e-03,3.910474e-02,-6.179140e+01,-6.528908e-03,-4.734045e-03,-2.013915e-02
255,2.550000,6.372488e-01,-1.556902e+01,-2.483366e+00,-1.978288e+01,-1.619837e+01,-1.266728e+01,-4.412442e+01,7.744690e+00,3.691675e+01,7.277449e+00,7.037895e+00,7.131542e+00,8.308968e-01,-8.775315e+00,-8.572737e-02,-3.504106e-01,-3.328253e+00,9.662439e-01,1.391543e+00,-1.218628e+00,7.047050e-01,1.104724e+00,-1.381110e+00,-1.904817e+00,3.859252e-01,4.247004e-01,9.581251e-01,1.284636e+00,1.390156e+00,1.613019e+00,1.952769e+00,2.631845e+00,2.500183e+02,6.577092e-01,-8.863741e-02,-3.766677e+00,-2.491627e-01,2.251411e+00,2.092582e+00,-1.611797e-01,2.261473e+00,-2.421040e+00,1.491875e+00,2.160956e+00,-9.604130e-02,1.825106e+00,5.596662e-02,-9.037657e-01,1.561754e+00,4.495382e-01,-5.571790e-01,-6.451350e-01,-6.780034e-01,-7.251660e-01,-5.778036e-01,-6.151730e-01,-5.707795e-01,-3.572690e-01,-7.273197e-03,-2.008882e-03,1.082346e-02,-2.686060e-03,-3.105533e-03,-1.119090e-02,-3.389549e-02,-9.130979e-03,-4.791992e-01,-2.974243e-02,0,0,0,0,-3.811569e+01,-4.740670e-03,-3.230926e-03,-1.509451e-02
256,2.560000,4.727212e-01,-2.054524e+01,-3.379153e+00,-1.689927e+01,-1.555700e+01,-1.262438e+01,-4.135484e+01,3.285375e+00,3.734951e+01,9.389934e+00,7.257164e+00,6.108997e+00,9.446342e-01,-1.270688e+01,2.856798e+00,-1.136220e+00,-4.051165e+00,8.097879e-02,5.192151e-01,-2.151847e+00,-1.151047e-01,2.092356e-01,-2.176490e+00,-2.292928e+00,3.835716e-01,4.226429e-01,9.753435e-01,1.285171e+00,1.395279e+00,1.626656e+00,2.009525e+00,2.657405e+00,2.500183e+02,6.341083e-01,-5.852448e-02,-3.479008e+00,-1.188660e+00,2.852643e+00,1.531971e+00,2.111645e-02,2.275712e+00,-2.171196e+00,-4.610863e-02,8.815051e-01,-1.425160e-01,2.081883e-01,-1.436401e+00,-1.085859e+00,5.941943e-01,2.738989e-01,-5.209020e-01,-6.794159e-01,-7.012728e-01,-6.953829e-01,-6.048051e-01,-6.250328e-01,-4.326949e-01,-2.100387e-01,-7.444045e-03,4.125357e-03,-1.313287e-03,-8.326208e-03,-1.179373e-02,-1.355442e-02,-5.925733e-02,-5.845561e-02,0,-2.033526e-02,0,0,0,0,-1.523028e+01,-2.365674e-03,-1.485898e-03,-7.820948e-03
257,2.570000,4.538977e-01,-2.192973e+01,-5.255767e+00,-1.477245e+01,-1.321483e+01,-1.120398e+01,-4.209476e+01,3.499708e+00,3.542622e+01,8.616875e+00,6.747252e+00,4.852573e+00,-4.407641e+00,-1.078247e+01,3.852388e-01,8.237447e-01,-4.308207e+00,-3.927649e-01,3.664545e-02,-2.549155e+00,-3.448445e-01,2.539215e-02,-2.056885e+00,-2.266723e+00,3.765493e-01,4.493729e-01,1.033622e+00,1.263377e+00,1.375743e+00,1.562568e+00,1.858574e+00,2.590890e+00,2.500183e+02,6.193514e-01,-4.045940e-02,-2.706786e+00,-1.745530e+00,2.903512e+00,1.212592e+00,7.739773e-01,3.582669e+00,-4.741999e-01,-1.718361e+00,-6.407947e-01,-3.891892e-01,-1.534591e+00,-2.056032e+00,-1.561963e-01,9.781537e-02,1.620031e-02,-3.863209e-01,-6.958402e-01,-6.603658e-01,-5.198065e-01,-5.747976e-01,-5.651916e-01,-1.994674e-01,-6.107073e-02,-1.484166e-02,1.392911e-02,-2.835936e-02,-1.718262e-02,-7.362211e-03,-1.604425e-02,-7.216735e-02,-7.814720e-02,0,-8.115053e-03,0,0,0,0,0,0,0,0
258,2.580000,4.427359e-01,-2.442234e+01,-7.748095e+00,-1.044148e+01,-1.150186e+01,-1.128934e+01,-3.740574e+01,3.153194e+00,3.430719e+01,6.805093e+00,7.977000e+00,3.779028e+00,-6.031363e+00,-1.244871e+01,-1.300921e+00,-8.461332e-01,-4.639955e+00,-1.012674e+00,-6.725771e-01,-3.120772e+00,-9.871171e-01,-5.761628e-01,-2.170781e+00,-2.143795e+00,3.575572e-01,4.430076e-01,9.135167e-01,1.256300e+00,1.351743e+00,1.564955e+00,1.734535e+00,2.363324e+00,2.500183e+02,6.132821e-01,-3.004589e-02,-2.937623e+00,-1.846412e+00,3.452758e+00,2.368559e-01,-1.995840e-01,6.147115e+00,1.121194e+00,-2.224176e+00,-1.371617e+00,-1.097353e+00,-2.524806e+00,-1.512460e-01,3.741475e-01,6.905528e-01,-4.301642e-01,-3.888365e-01,-7.524336e-01,-6.511050e-01,-4.596997e-01,-7.664417e-01,-7.332993e-01,-2.218917e-01,-3.920345e-02,-1.644828e-02,1.429492e-02,-6.170111e-02,-1.892328e-02,1.711249e-03,-4.727555e-03,-4.416722e-02,-6.020353e-02,0,-1.532078e-04,0,0,0,0,0,0,0,0
259,2.590000,4.499445e-01,-2.716440e+01,-9.026546e+00,-8.494213e+00,-1.216298e+01,-9.464913e+00,-2.818562e+01,5.439781e+00,2.984611e+01,5.365896e+00,4.732031e+00,6.235701e-01,-5.961266e+00,-9.685379e+00,2.482209e+00,-4.144526e-01,-4.965462e+00,-1.966130e+00,-1.314390e+00,-3.333198e+00,-1.733277e+00,-1.328535e+00,-2.381301e+00,-2.284737e+00,3.247241e-01,4.841636e-01,8.472416e-01,1.213158e+00,1.375113e+00,1.563649e+00,1.729428e+00,2.388149e+00,2.500183e+02,6.275470e-01,-4.297447e-02,-3.566281e+00,-1.252331e+00,3.392847e+00,-1.322769e+00,-1.291334e+00,8.515659e+00,1.264933e+00,-3.243012e+00,-1.559608e+00,-1.453385e+00,-3.004152e+00,2.541365e+00,7.773959e-01,2.409930e+00,-9.751256e-01,-4.196910e-01,-8.204510e-01,-6.562873e-01,-4.046702e-01,-9.918207e-01,-9.763905e-01,-3.891121e-01,-1.460702e-01,-1.584602e-02,1.491138e-02,-7.187501e-02,-2.365562e-02,1.854899e-02,1.188101e-02,3.056995e-02,2.671535e-02,0,5.184305e-03,0,0,0,0,0,0,0,0
260,2.600000,3.244684e-01,-3.261602e+01,-1.072582e+01,-2.774603e+00,-1.489865e+01,-1.449183e+01,-1.757384e+01,7.921310e+00,2.901869e+01,4.157336e+00,2.778007e+00,-4.400534e+00,9.652169e-01,-1.138468e+01,5.261077e+00,-2.667943e+00,-5.666719e+00,-2.894506e+00,-2.060793e+00,-4.058324e+00,-3.253097e+00,-2.780297e+00,-3.123740e+00,-2.479938e+00,3.272429e-01,4.767222e-01,7.600283e-01,1.215664e+00,1.404151e+00,1.602478e+00,1.853262e+00,2.457757e+00,2.500183e+02,6.292444e-01,-6.845876e-02,-3.240597e+00,-7.707037e-01,2.701102e+00,-2.395669e+00,-2.141457e+00,7.774944e+00,6.982768e-01,-3.612816e+00,-1.516266e+00,-3.427837e-01,-2.213516e+00,3.835183e+00,1.228843e+00,2.112088e+00,-1.875516e+00,-4.009690e-01,-6.458668e-01,-5.432432e-01,-2.665841e-01,-9.475075e-01,-9.264231e-01,-3.960486e-01,-1.565162e-01,-9.554842e-03,1.364516e-02,-4.311660e-02,-1.867235e-02,2.912198e-02,1.468576e-02,8.317485e-02,9.204447e-02,0,7.646531e-03,0,0,0,0,0,0,0,0
261,2.610000,2.981591e-01,-3.566430e+01,-1.002856e+01,-1.641659e+00,-1.813028e+01,-1.605940e+01,-9.432417e+00,7.440313e+00,2.185541e+01,2.142716e+00,2.079821e+00,-6.078405e+00,4.800896e+00,-7.427501e+00,9.153891e+00,-3.140979e+00,-5.893280e+00,-3.554104e+00,-2.550683e+00,-4.103730e+00,-4.170958e+00,-3.754493e+00,-3.525966e+00,-2.829002e+00,3.124764e-01,5.070725e-01,7.509915e-01,1.165417e+00,1.442285e+00,1.603211e+00,1.952060e+00,2.677250e+00,2.500183e+02,6.372917e-01,-7.506537e-02,-2.247377e+00,-5.933188e-01,1.904392e+00,-2.377851e+00,-2.404483e+00,5.422589e+00,-1.114012e+00,-4.735405e+00,-1.990899e+00,1.996544e+00,-4.633087e-01,3.500876e+00,7.167062e-01,8.185912e-01,-2.856296e+00,-2.905849e-01,-3.752570e-01,-4.377411e-01,-1.247151e-01,-7.137821e-01,-6.708678e-01,-2.639669e-01,-7.128906e-02,-2.765492e-03,7.864038e-03,-2.010233e-02,-2.346929e-02,2.072051e-02,7.689559e-03,5.836257e-02,7.467971e-02,0,5.355710e-03,0,0,0,0,0,0,0,0
262,2.620000,1.763348e-01,-3.637539e+01,-1.110061e+01,-3.622499e-01,-2.049656e+01,-1.869938e+01,-7.907618e+00,5.644312e+00,2.023846e+01,8.353521e-01,7.589186e+00,-3.937566e+00,7.763474e+00,-7.433435e+00,5.923679e+00,-8.860450e+00,-6.180891e+00,-3.448022e+00,-2.770646e+00,-4.068427e+00,-4.505814e+00,-3.995299e+00,-3.578692e+00,-2.654243e+00,3.159069e-01,4.997790e-01,7.460588e-01,1.186809e+00,1.463768e+00,1.618602e+00,2.039093e+00,2.678996e+00,2.500183e+02,6.466424e-01,-5.874706e-02,-1.120632e+00,-7.158006e-01,7.768109e-01,-1.698348e+00,-1.579490e+00,2.494933e+00,-2.370913e+00,-5.506126e+00,-3.005798e+00,2.419707e+00,7.203897e-01,2.065776e+00,6.633966e-01,-5.745038e-01,-2.818529e+00,-1.595632e-01,-2.001059e-01,-3.434927e-01,-1.221418e-04,-3.947821e-01,-3.183655e-01,-8.253743e-02,1.776760e-02,1.830736e-03,9.653116e-03,2.323461e-03,-2.632740e-02,1.156485e-02,-4.591739e-03,1.547089e-02,3.776510e-02,0,3.532446e-03,0,0,0,0,0,0,0,0
263,2.630000,1.486845e-01,-3.652161e+01,-1.180575e+01,-1.784326e-01,-2.125328e+01,-1.938355e+01,-5.905789e+00,1.008220e+00,1.055920e+01,-2.927608e+00,1.230916e+01,-1.924458e+00,8.143987e+00,-8.077472e+00,6.243864e+00,-1.159968e+01,-6.161301e+00,-3.565658e+00,-3.148168e+00,-3.951722e+00,-4.675829e+00,-4.075373e+00,-3.473660e+00,-2.554030e+00,3.165646e-01,5.119554e-01,7.537147e-01,1.110239e+00,1.448907e+00,1.594034e+00,1.928325e+00,2.650928e+00,2.500183e+02,6.456266e-01,-5.384516e-02,-6.910496e-01,-8.346437e-01,7.617077e-01,-7.662277e-01,-1.470483e+00,1.150437e+00,-1.929120e+00,-4.501899e+00,-3.602138e+00,3.653793e-01,1.048044e+00,1.474776e+00,-1.182843e+00,-1.357540e+00,-1.978083e+00,-7.034983e-02,-1.568363e-01,-2.640422e-01,5.558300e-03,-2.618491e-01,-1.518112e-01,2.612867e-02,6.084423e-02,1.301964e-02,6.059384e-03,2.900839e-04,-2.656907e-02,-3.553331e-03,-1.165460e-02,-2.257923e-02,-1.067951e-02,0,-4.324011e-02,0,0,0,0,0,0,0,0
264,2.640000,1.054705e-01,-3.779053e+01,-1.341623e+01,3.778380e-01,-2.182889e+01,-2.072720e+01,-6.862486e+00,-7.172074e-01,7.136167e+00,-8.336493e+00,9.761872e+00,-2.875559e+00,9.622549e+00,-7.742713e+00,3.843572e+00,-1.253123e+01,-6.330525e+00,-3.889259e+00,-3.479514e+00,-4.134939e+00,-4.974572e+00,-4.211685e+00,-3.562580e+00,-2.528587e+00,3.343524e-01,5.225463e-01,7.702840e-01,1.111616e+00,1.458663e+00,1.584108e+00,1.942484e+00,2.659743e+00,2.500183e+02,6.427392e-01,-2.706791e-02,-8.247482e-01,-5.673757e-01,8.726028e-01,2.125688e-01,-1.102126e+00,1.378293e+00,-9.299326e-01,-2.743849e+00,-2.629381e+00,-2.376596e+00,1.357955e+00,1.205770e+00,-2.149955e+00,-1.001962e+00,-5.533395e-01,-3.717265e-02,-2.206660e-01,-2.236574e-01,-5.167878e-02,-2.506323e-01,-1.591678e-01,5.950818e-02,-9.415626e-04,1.476076e-02,6.245035e-03,-2.200544e-03,-2.178279e-02,-2.638471e-03,-1.205634e-02,-1.388469e-02,-5.055404e-03,0,-6.692050e-02,0,0,0,0,0,0,0,0
265,2.650000,6.436550e-02,-3.841197e+01,-1.304396e+01,1.796835e+00,-2.129526e+01,-2.239790e+01,-4.202800e+00,9.754741e-01,5.897062e+00,-1.128205e+01,2.820375e+00,-1.369190e+00,1.124524e+01,-1.318708e+01,3.406243e+00,-1.119600e+01,-6.170212e+00,-4.117667e+00,-3.516460e+00,-4.042682e+00,-5.245825e+00,-4.405356e+00,-3.403378e+00,-2.587610e+00,3.683518e-01,5.259858e-01,7.403293e-01,1.070168e+00,1.427070e+00,1.562186e+00,1.887468e+00,2.633478e+00,2.500183e+02,4.230427e-01,-1.104976e-02,-5.474354e-01,-2.698401e-01,1.120329e+00,1.075746e+00,-1.014691e+00,1.780048e+00,7.562627e-01,6.690888e-02,-8.700953e-02,-2.402770e+00,1.279679e+00,9.193445e-01,-3.094795e+00,-8.015312e-01,-1.388806e-01,-3.306818e-02,-1.422678e-01,-1.107590e-01,-6.940403e-02,-2.018250e-01,-1.106548e-01,1.366379e-01,1.262565e-02,8.831906e-03,1.746321e-03,-3.280854e-03,-1.321125e-03,8.870030e-03,1.877522e-03,1.418436e-02,-4.015684e-04,0,-6.518251e-02,0,0,0,0,0,0,0,0
266,2.660000,8.315471e-02,-3.955394e+01,-1.331838e+01,3.013130e+00,-1.941273e+01,-2.270284e+01,-1.867648e+00,1.011022e+00,8.850285e+00,-8.134332e+00,4.505993e-01,2.574576e+00,1.224170e+01,-1.562841e+01,2.332679e+00,-1.182899e+01,-6.362298e+00,-4.275347e+00,-3.704787e+00,-4.281341e+00,-5.473978e+00,-4.626147e+00,-3.316292e+00,-2.642161e+00,3.638171e-01,5.239890e-01,7.417488e-01,1.097930e+00,1.461494e+00,1.574245e+00,1.990098e+00,2.662444e+00,2.500183e+02,4.233318e-01,8.695493e-03,-1.134689e-01,2.127431e-01,9.581522e-01,1.389876e+00,-8.361069e-01,1.536891e+00,4.633165e-01,7.593231e-01,2.103816e+00,-1.462860e-01,4.977016e-01,-2.516704e-01,-9.380042e-01,4.360358e-01,3.495835e-01,1.411920e-02,-1.761770e-02,-1.770735e-02,-7.644682e-02,-9.767485e-02,-4.817486e-02,1.342001e-01,1.919484e-02,-4.950470e-03,-1.960748e-03,-4.432970e-03,1.586998e-03,1.581096e-02,1.205653e-02,5.791354e-03,1.872540e-03,0,1.316899e-03,0,0,0,0,0,0,0,0
267,2.670000,1.045935e-01,-3.837708e+01,-1.320387e+01,4.105569e+00,-1.708263e+01,-2.346919e+01,4.970298e-01,3.925419e+00,1.003668e+01,-3.463737e+00,4.950947e+00,1.748870e+00,1.143113e+01,-1.960860e+01,2.991655e+00,-1.264521e+01,-6.310755e+00,-4.083952e+00,-3.589327e+00,-4.225542e+00,-5.435251e+00,-4.421416e+00,-2.913614e+00,-2.434114e+00,3.459918e-01,5.199656e-01,7.515781e-01,1.110476e+00,1.491842e+00,1.608353e+00,1.975440e+00,2.647570e+00,2.500183e+02,4.294178e-01,1.925680e-02,2.390202e-01,4.843152e-01,2.096630e-01,4.734222e-01,-5.259548e-01,2.157804e-01,2.131850e-03,9.302385e-01,3.161957e+00,2.020069e+00,-1.054678e+00,-7.995625e-01,1.977794e+00,1.962485e+00,3.641264e-01,2.018576e-02,9.992802e-02,8.777306e-02,-5.770998e-02,2.707109e-02,1.567011e-02,4.460251e-02,5.595493e-03,-1.396957e-02,-3.459090e-03,-2.276218e-03,5.337370e-03,1.659080e-02,1.424235e-02,2.367401e-03,6.536818e-03,0,2.451183e-02,0,0,0,0,0,0,0,0
268,2.680000,1.288339e-01,-3.837532e+01,-1.227256e+01,4.014232e+00,-1.698582e+01,-2.437209e+01,-1.527948e+00,1.244028e-01,8.862972e+00,-1.726569e+00,7.965156e+00,-1.946081e+00,8.271250e+00,-9.221974e+00,6.231045e+00,-1.005871e+01,-6.189658e+00,-3.994204e+00,-3.531617e+00,-4.425743e+00,-5.368233e+00,-4.444529e+00,-3.136462e+00,-2.509360e+00,3.207800e-01,5.157526e-01,7.424948e-01,1.099397e+00,1.505332e+00,1.621306e+00,1.927455e+00,2.662060e+00,2.500183e+02,6.461362e-01,1.073176e-02,3.296127e-01,8.960584e-01,-5.348278e-01,-8.726214e-01,1.468220e-02,-6.510669e-01,3.495748e-02,7.855812e-01,2.378710e+00,2.217126e+00,-1.944473e+00,-8.411244e-01,3.707256e+00,3.117179e+00,6.914221e-01,5.902515e-02,1.459894e-01,1.823295e-01,2.401791e-02,9.715714e-02,1.544061e-02,-9.627972e-02,-6.440272e-02,-1.045742e-02,-5.602526e-03,-7.260323e-03,-9.022618e-03,2.247727e-03,5.306959e-03,-2.495469e-02,4.390049e-03,0,4.551828e-03,0,0,0,0,0,0,0,0
269,2.690000,1.378099e-01,-3.780618e+01,-1.114530e+01,2.344599e+00,-2.014160e+01,-2.419305e+01,-3.293748e+00,1.429443e+00,1.054191e+01,1.323854e+00,9.163442e+00,-4.382251e+00,9.232652e+00,-6.501324e+00,1.126949e+01,-1.026050e+01,-6.155604e+00,-3.758598e+00,-3.164180e+00,-4.259031e+00,-5.163342e+00,-4.417814e+00,-3.270281e+00,-2.626033e+00,3.200225e-01,5.128085e-01,7.285752e-01,1.096122e+00,1.488105e+00,1.609867e+00,1.930627e+00,2.666354e+00,2.500183e+02,4.341997e-01,5.057807e-03,9.599266e-02,8.550736e-01,-8.279790e-01,-1.345088e+00,4.397699e-01,-9.315983e-01,2.703978e-01,1.036630e+00,1.700337e+00,1.703817e+00,-6.486555e-01,-1.412645e-01,2.398643e+00,2.663523e+00,7.721468e-01,1.798401e-02,1.351410e-01,1.619943e-01,2.913103e-02,7.719398e-02,-1.827478e-02,-1.603761e-01,-1.175064e-01,-4.637447e-03,-1.058431e-02,-1.037886e-02,-1.487294e-02,-1.007494e-02,-5.192625e-03,-2.735038e-02,-3.643918e-03,0,-1.752236e-02,0,0,0,0,0,0,0,0
270,2.700000,1.202053e-01,-3.819133e+01,-9.867373e+00,1.219476e+00,-2.224635e+01,-2.226750e+01,-3.227594e+00,2.433798e+00,1.252558e+01,1.365424e+00,9.429980e+00,-4.082227e+00,9.135319e+00,-3.645770e+00,1.377966e+01,-9.564229e+00,-6.144748e+00,-3.708077e+00,-3.005713e+00,-4.144506e+00,-5.124147e+00,-4.550745e+00,-3.619357e+00,-2.868216e+00,3.245147e-01,4.995549e-01,7.169486e-01,1.059994e+00,1.474601e+00,1.600023e+00,1.887731e+00,2.675002e+00,2.500183e+02,4.437000e-01,-9.712083e-03,5.600471e-02,5.270014e-01,-3.933436e-01,-6.424686e-01,2.931107e-01,-8.203020e-01,6.823615e-01,4.988428e-01,-3.647811e-02,4.511109e-01,6.069140e-01,-2.024271e-01,-8.071573e-01,1.891077e+00,1.299991e+00,5.080185e-02,8.356814e-02,9.116240e-02,1.991086e-02,1.369791e-02,9.233713e-03,-8.814304e-02,-8.092835e-02,-9.631068e-04,-1.235709e-02,-1.284753e-02,-1.192876e-02,-2.503991e-02,-7.304800e-03,-4.874391e-02,-4.253092e-02,0,3.727198e-03,0,0,0,0,0,0,0,0
271,2.710000,1.341969e-01,-3.798911e+01,-1.013110e+01,1.363052e+00,-2.117781e+01,-2.232264e+01,-3.311139e+00,4.122711e+00,1.338853e+01,3.491950e+00,1.273762e+01,-4.263337e-01,1.029278e+01,-1.040349e+01,1.253496e+01,-9.031715e+00,-6.243289e+00,-3.551311e+00,-3.042308e+00,-4.220505e+00,-5.171324e+00,-4.459682e+00,-3.474047e+00,-2.842218e+00,3.209373e-01,4.751430e-01,7.124569e-01,1.055813e+00,1.456833e+00,1.593032e+00,1.858550e+00,2.622880e+00,2.500183e+02,4.430241e-01,-1.548734e-02,2.417603e-02,2.153223e-01,7.417293e-01,5.440289e-01,-6.564054e-01,-8.681343e-01,4.093279e-01,-6.544078e-01,-1.530873e+00,-3.948427e-01,1.083236e+00,-4.685368e-01,-1.866475e+00,9.740027e-01,1.156158e+00,1.083074e-01,3.394003e-02,-3.594089e-03,-5.597081e-02,-9.777193e-02,2.536211e-02,1.146436e-03,-1.338499e-02,-1.733166e-03,-8.271104e-03,-1.589313e-02,7.399690e-03,-2.472357e-02,8.809090e-04,-3.086259e-02,-5.598588e-02,0,6.489451e-02,0,0,0,0,0,0,0,0
272,2.720000,8.208001e-02,-3.800383e+01,-1.014465e+01,2.538288e+00,-1.968006e+01,-2.384174e+01,-5.620762e+00,2.189577e+00,9.933876e+00,-2.993008e+00,8.433622e+00,-8.894696e-01,6.729052e+00,-1.130668e+01,1.505369e+01,-4.173153e+00,-5.891806e+00,-3.680007e+00,-3.136742e+00,-4.345452e+00,-5.295752e+00,-4.377427e+00,-3.475294e+00,-2.805909e+00,3.155071e-01,4.727999e-01,6.863163e-01,1.059908e+00,1.395769e+00,1.593200e+00,1.719774e+00,2.471143e+00,2.500183e+02,6.603600e-01,-1.602146e-02,-2.072754e-02,-1.015704e-01,1.037336e+00,1.174271e+00,-9.899689e-01,-1.430299e+00,7.059634e-01,-1.273926e+00,-2.796904e+00,-1.304552e+00,6.404352e-01,-4.436120e-01,-2.126585e-01,1.718997e+00,6.010748e-01,1.232480e-01,-6.547501e-02,-4.409640e-02,-9.051108e-02,-1.242807e-01,9.702964e-02,3.708751e-02,8.100343e-03,5.746603e-04,2.103034e-03,-1.575140e-02,2.875692e-02,-1.469320e-02,7.935059e-03,-1.108565e-02,-6.825688e-02,0,6.235536e-02,0,0,0,0,0,0,0,0
273,2.730000,7.943586e-02,-3.777905e+01,-9.930046e+00,5.393839e+00,-1.870460e+01,-2.668795e+01,-6.437835e+00,3.598193e+00,8.565722e+00,-4.151297e+00,7.687407e+00,-5.624476e-01,8.093102e+00,-1.200325e+01,1.550248e+01,-7.175251e+00,-5.740538e+00,-3.602933e+00,-3.116636e+00,-4.438412e+00,-5.566399e+00,-4.377663e+00,-3.336580e+00,-2.724111e+00,3.158604e-01,4.848305e-01,6.644257e-01,1.133164e+00,1.403903e+00,1.617683e+00,1.860292e+00,2.488355e+00,2.500183e+02,6.503422e-01,-5.819651e-03,-2.850254e-01,-4.166018e-01,5.101739e-01,1.036440e+00,-2.798635e-01,-1.179431e+00,1.009981e+00,-1.418315e+00,-2.988939e+00,-1.684296e+00,1.004468e-01,-6.736612e-02,2.418343e+00,1.158103e+00,-7.725647e-01,2.361541e-02,-1.877265e-01,-1.055641e-01,-6.823645e-02,-9.433575e-02,1.001118e-01,-1.504047e-02,-3.463368e-02,3.553176e-03,1.559648e-02,-6.808120e-03,2.997395e-02,1.994348e-03,8.125889e-03,6.183743e-03,-7.957347e-02,0,4.052313e-02,0,0,0,0,0,0,0,0
274,2.740000,6.747854e-02,-3.839999e+01,-1.047575e+01,4.390765e+00,-1.761160e+01,-2.503469e+01,-8.815740e+00,6.225873e+00,8.567348e+00,-8.797471e+00,5.432328e+00,-8.119940e-01,8.017097e+00,-3.909182e+00,2.089088e+01,-7.487088e+00,-5.779884e+00,-4.009641e+00,-3.189031e+00,-4.488108e+00,-5.548013e+00,-4.106606e+00,-3.502653e+00,-2.886768e+00,3.299264e-01,5.052263e-01,6.622071e-01,1.165104e+00,1.427600e+00,1.627373e+00,1.831432e+00,2.400980e+00,2.500183e+02,6.518177e-01,9.591100e-03,-4.538013e-01,-8.567659e-01,-2.290341e-01,7.035280e-01,1.754637e-01,-7.585956e-01,2.860166e-01,-4.023511e-01,-1.250496e+00,-1.188963e+00,1.247850e-01,5.869007e-03,2.764984e+00,-7.537915e-01,-1.490445e+00,-1.277237e-01,-1.954406e-01,-1.425727e-01,-8.150005e-02,-2.253909e-02,6.966357e-02,-1.716728e-02,-2.626703e-02,8.066284e-03,1.231183e-02,9.257871e-03,1.282433e-02,1.448776e-02,-3.620148e-04,-2.476942e-03,-6.613851e-02,0,-2.226895e-03,0,0,0,0,0,0,0,0
275,2.750000,1.123993e-01,-3.921616e+01,-1.204856e+01,2.987683e+00,-1.702984e+01,-2.312549e+01,-7.610806e+00,7.154468e+00,6.980223e+00,-8.550510e+00,5.816785e+00,3.716242e-02,9.311924e+00,-2.010519e+00,1.540688e+01,-1.123757e+01,-6.181173e+00,-4.325126e+00,-3.543983e+00,-4.490359e+00,-5.516872e+00,-4.094533e+00,-3.535570e+00,-2.974957e+00,3.314935e-01,5.369121e-01,6.904709e-01,1.153085e+00,1.450889e+00,1.616575e+00,1.833640e+00,2.260094e+00,2.500183e+02,6.499109e-01,2.276902e-02,-5.024067e-01,-1.067474e+00,-5.830169e-01,5.703335e-01,2.412045e-01,6.986837e-02,-1.090855e+00,-4.442499e-01,-2.744767e-01,-1.357671e+00,2.162079e-01,-4.450187e-01,8.554465e-01,-2.320810e+00,-1.041082e+00,-1.745524e-01,-1.716950e-01,-1.827364e-01,-8.390550e-02,1.571436e-02,-2.403212e-03,2.150581e-02,1.194096e-02,6.184417e-03,5.086857e-03,1.799729e-02,-1.562892e-02,5.286491e-03,-1.282594e-02,-3.994780e-02,-6.869178e-02,0,-1.670557e-03,0,0,0,0,0,0,0,0
276,2.760000,1.135538e-01,-3.955429e+01,-1.336923e+01,2.596196e+00,-1.699980e+01,-2.474566e+01,-8.827255e+00,1.841522e+00,8.714870e+00,-7.045879e+00,3.424120e+00,-5.653494e-01,6.148985e+00,-2.478122e+00,1.133254e+01,-9.594220e+00,-6.310107e+00,-4.296113e+00,-3.635932e+00,-4.726979e+00,-5.433211e+00,-4.170673e+00,-3.461635e+00,-2.811821e+00,3.480220e-01,5.083182e-01,7.195831e-01,1.114069e+00,1.444715e+00,1.591944e+00,1.720716e+00,2.254581e+00,2.500183e+02,6.494412e-01,2.215158e-02,-2.913086e-01,-7.350960e-01,-8.958308e-02,3.381950e-01,-5.484473e-01,5.900379e-01,-1.762517e+00,-2.785789e-01,5.211983e-01,-6.273959e-01,2.138395e-01,-4.257987e-01,-1.570203e+00,-2.875460e+00,-6.073399e-01,-1.187420e-01,-3.795566e-02,-1.255513e-01,-7.697701e-02,-1.863551e-02,-7.226481e-02,6.763127e-02,6.731682e-02,2.415997e-03,-6.509453e-03,1.738631e-02,-2.476486e-02,-2.867496e-03,-1.107982e-02,-3.351657e-02,-7.148433e-03,0,-4.548714e-02,0,0,0,0,0,0,0,0
277,2.770000,1.702433e-01,-3.971394e+01,-1.382068e+01,3.376040e+00,-1.615883e+01,-2.562644e+01,-6.082736e+00,3.360947e-01,6.270712e+00,-6.399477e+00,1.903157e+00,3.952696e-01,6.802063e+00,-8.441544e+00,8.677601e+00,-1.132709e+01,-6.348189e+00,-4.318172e+00,-3.806868e+00,-4.738504e+00,-5.545228e+00,-4.357645e+00,-3.249560e+00,-2.701880e+00,3.377347e-01,5.087188e-01,7.257242e-01,1.080536e+00,1.421779e+00,1.571268e+00,1.715912e+00,2.218096e+00,2.500183e+02,6.431777e-01,1.607052e-02,1.874840e-01,-2.453361e-01,6.357322e-02,5.894749e-01,5.157923e-01,1.951956e-01,-1.191154e+00,-2.016540e-01,-3.300729e-02,-5.262225e-02,-6.077886e-01,-2.854035e-01,-1.991416e+00,-1.063288e+00,6.986654e-01,3.286219e-02,7.405949e-03,-4.699001e-02,-2.263503e-02,5.491362e-02,3.561878e-03,6.112792e-02,8.921685e-02,7.300824e-04,-1.023549e-02,8.984745e-03,-2.168264e-02,-1.839081e-02,-9.281171e-03,-4.046812e-02,-1.799314e-02,0,-6.989509e-02,0,0,0,0,0,0,0,0
278,2.780000,1.493144e-01,-3.960765e+01,-1.326517e+01,3.748671e+00,-1.635613e+01,-2.652644e+01,-6.629585e+00,8.224742e-01,7.529209e+00,-7.266996e+00,4.252162e+00,7.814980e-02,7.143034e+00,-8.544684e+00,9.878222e+00,-1.047903e+01,-6.290086e+00,-4.202897e+00,-3.685345e+00,-4.748920e+00,-5.627013e+00,-4.336374e+00,-3.307502e+00,-2.686723e+00,3.388858e-01,4.867757e-01,7.315120e-01,1.077554e+00,1.427818e+00,1.594627e+00,1.722713e+00,2.386237e+00,2.500183e+02,4.277487e-01,-8.023992e-04,9.396557e-01,-4.447402e-01,-1.912374e-01,2.162976e-01,2.227515e+00,-7.301133e-01,-6.269632e-01,-2.025909e-02,-8.495447e-01,1.100305e+00,-1.972667e+00,8.874058e-01,-1.030480e+00,-6.820185e-01,1.259647e+00,1.184691e-01,3.295612e-02,9.209728e-03,9.023042e-02,2.329871e-01,1.498863e-01,5.831873e-02,1.928031e-01,4.196078e-04,-2.187499e-03,1.766165e-02,-2.139163e-03,-2.058834e-02,6.996989e-04,-9.400082e-03,-1.194997e-02,0,-7.243808e-02,0,0,0,0,0,0,0,0
279,2.790000,1.748716e-01,-3.825206e+01,-1.332727e+01,2.729311e+00,-1.440430e+01,-1.965613e+01,-7.733663e+00,1.708220e+00,6.564783e+00,-8.604988e+00,5.139653e+00,-3.323530e+00,7.387882e+00,-8.934319e+00,1.081760e+01,-7.301842e+00,-6.026873e+00,-4.334705e+00,-3.754227e+00,-4.592563e+00,-5.145403e+00,-3.993874e+00,-3.306997e+00,-2.591422e+00,3.397120e-01,4.965059e-01,7.294301e-01,1.062929e+00,1.367383e+00,1.568827e+00,1.630301e+00,2.104300e+00,2.500183e+02,4.112817e-01,-1.611829e-03,1.773891e+00,-1.639588e+00,-6.603912e-01,-5.048798e-01,3.228352e+00,-1.729098e+00,-4.647051e-01,1.794205e+00,-2.360354e-01,1.408883e+00,-3.118797e+00,1.768481e+00,9.168337e-01,-1.452704e+00,1.800216e+00,4.780626e-02,4.287176e-02,9.679899e-02,1.554361e-01,4.704483e-01,3.265349e-01,1.530296e-01,4.109938e-01,1.115928e-02,3.791532e-03,3.629898e-02,1.985259e-02,-9.515715e-03,4.581547e-03,1.158264e-02,1.261203e-02,0,-1.083125e-02,0,0,0,0,0,0,0,0
280,2.800000,1.072276e-01,-3.558695e+01,-1.583963e+01,1.963373e+00,-1.679558e+01,-1.659324e+01,-1.165236e+01,-1.979357e+00,8.466539e+00,-1.019085e+01,7.307398e+00,-8.569287e+00,1.029311e+01,-7.384135e+00,6.852448e+00,-5.308609e+00,-5.878419e+00,-4.123066e+00,-3.616204e+00,-4.348797e+00,-4.468188e+00,-3.603128e+00,-3.141323e+00,-1.903034e+00,3.491313e-01,5.034872e-01,8.060384e-01,1.112177e+00,1.368971e+00,1.596662e+00,1.716521e+00,2.251729e+00,2.500183e+02,4.031989e-01,7.224672e-03,2.115822e+00,-2.768759e+00,-1.232359e+00,-1.410517e+00,2.612060e+00,-2.459487e+00,-1.920469e-01,2.959034e+00,7.031065e-01,1.190844e+00,-2.244658e+00,3.261965e+00,1.830000e+00,-2.870407e+00,9.869426e-01,-1.213867e-01,7.533579e-02,1.468783e-01,1.966595e-01,5.933865e-01,4.170535e-01,2.815327e-01,5.531269e-01,1.641391e-02,1.098687e-02,4.408319e-02,3.093376e-02,-4.773140e-03,2.827287e-04,2.441590e-02,3.808517e-02,0,5.544475e-02,0,0,0,0,0,0,0,0
281,2.810000,1.832276e-01,-3.285483e+01,-2.073139e+01,9.667325e-01,-1.846351e+01,-1.445129e+01,-1.221684e+01,-5.865154e-01,1.477307e+01,-6.117729e+00,7.419952e+00,-1.087500e+01,1.406944e+01,-4.437650e+00,2.926968e+00,-4.911223e+00,-6.314991e+00,-4.143728e+00,-3.357444e+00,-4.161386e+00,-3.772399e+00,-3.091594e+00,-2.567501e+00,-1.038755e+00,3.884083e-01,5.193207e-01,8.699560e-01,1.162488e+00,1.403624e+00,1.593158e+00,1.776921e+00,2.348410e+00,2.500183e+02,6.012963e-01,2.206069e-02,1.506843e+00,-2.447140e+00,-1.697735e+00,-1.565214e+00,1.246070e+00,-2.401253e+00,2.677950e-01,4.108016e+00,1.777124e+00,4.434750e-01,-6.205013e-01,3.013035e+00,2.361510e+00,-3.047976e+00,3.672586e-02,-2.616912e-01,7.918899e-02,1.781397e-01,1.412010e-01,5.139601e-01,3.537587e-01,2.360317e-01,4.076463e-01,1.978097e-02,1.046290e-02,3.822644e-02,3.044305e-02,5.208099e-03,-4.841268e-03,2.288851e-02,9.044206e-02,7.380371e-01,6.756284e-02,0,0,0,0,1.962003e+01,0,0,1.073528e-02
282,2.820000,1.812598e-01,-3.172715e+01,-2.340690e+01,-1.531834e+00,-2.137911e+01,-1.606857e+01,-1.668543e+01,1.009608e+00,1.822024e+01,-4.995093e+00,9.066234e+00,-7.369407e+00,2.011208e+01,-1.643020e+00,-5.284996e-01,-6.739622e+00,-6.752961e+00,-3.921706e+00,-3.149345e+00,-3.981212e+00,-3.346582e+00,-2.702247e+00,-2.269586e+00,-6.974216e-01,3.966072e-01,5.303027e-01,8.816651e-01,1.182443e+00,1.385832e+00,1.583876e+00,1.771482e+00,2.454608e+00,2.500183e+02,6.099651e-01,1.940686e-02,8.152790e-01,-2.022820e-02,-2.198201e+00,-8.366785e-01,1.036649e+00,-1.824654e+00,4.698378e-01,3.042509e+00,2.496317e+00,-1.457535e+00,-8.453012e-02,6.922340e-01,1.066845e+00,-2.174021e+00,-7.958927e-02,-7.293234e-02,1.699454e-01,2.409697e-01,1.587393e-01,4.125513e-01,2.249523e-01,5.486848e-02,1.102103e-02,1.208043e-02,9.286165e-03,2.229706e-02,1.578246e-02,-1.950026e-03,-1.023957e-02,1.624457e-02,5.644319e-02,2.372571e+00,6.958587e-02,0,0,0,0,4.894588e+01,1.225911e-02,1.929771e-03,5.198733e-02
283,2.830000,2.481590e-01,-3.264774e+01,-2.177933e+01,-4.011761e+00,-1.993860e+01,-1.368812e+01,-1.722339e+01,1.552713e+00,2.222801e+01,-2.317247e+00,6.477610e+00,-7.025977e+00,1.754357e+01,2.672091e-03,-7.318088e-01,-6.402706e+00,-6.898058e+00,-4.039440e+00,-3.096957e+00,-4.070351e+00,-3.136406e+00,-2.675521e+00,-2.562707e+00,-1.155997e+00,4.148790e-01,5.354127e-01,8.827490e-01,1.180011e+00,1.384993e+00,1.551014e+00,1.717262e+00,2.455070e+00,2.537085e+02,6.457128e-01,1.144455e-03,1.374091e+00,3.381104e+00,-2.697603e+00,-8.857487e-01,1.714067e+00,-1.362205e+00,-2.222038e-01,1.018097e+00,3.256713e+00,-3.528411e+00,-1.929387e+00,-2.589959e+00,-2.045374e-01,-1.613590e+00,6.868126e-01,4.474580e-01,4.891325e-01,5.380618e-01,4.137173e-01,5.044526e-01,2.060774e-01,-1.082628e-01,-3.142537e-01,2.935985e-03,3.444952e-03,1.654258e-02,1.339853e-03,-7.969653e-03,1.052701e-03,4.975622e-02,6.284859e-02,4.681317e+00,5.317044e-02,9.810016e+01,0,0,5.367639e-02,7.827909e+01,2.750996e-02,9.487747e-03,1.095551e-01
284,2.840000,1.717962e-01,-3.161410e+01,-1.541681e+01,-6.538383e+00,-2.024142e+01,-1.179158e+01,-1.827235e+01,-6.997821e-01,1.995161e+01,3.904977e-01,4.908924e-01,-1.091645e+01,1.201721e+01,-4.270071e+00,-2.188270e+00,-4.960814e+00,-5.951548e+00,-3.325483e+00,-2.541598e+00,-3.600618e+00,-2.723428e+00,-2.686403e+00,-2.869378e+00,-1.789308e+00,3.962982e-01,5.418720e-01,9.111272e-01,1.182327e+00,1.368536e+00,1.566536e+00,1.827573e+00,2.480614e+00,2.600361e+02,7.289200e-01,-1.752327e-02,3.174149e+00,5.674176e+00,-3.013242e+00,-1.953314e+00,1.760707e+00,-1.390092e+00,1.384877e-01,-3.211239e-01,4.547295e+00,-5.546691e+00,-4.685458e+00,-4.275730e+00,-2.728503e-01,-2.012825e+00,2.055073e+00,9.857779e-01,9.345455e-01,1.054127e+00,8.245130e-01,7.678422e-01,3.608290e-01,-1.102583e-02,-3.508707e-01,1.485851e-03,-4.175895e-03,2.458632e-03,-6.579220e-03,-1.811869e-02,8.039653e-03,8.977847e-02,6.450753e-02,6.451922e+00,6.583267e-02,1.956793e+02,6.129554e-02,9.648855e-03,2.330985e-01,7.843528e+01,3.257541e-02,1.660408e-02,1.217255e-01
285,2.850000,1.936817e-01,-2.604090e+01,-7.820922e+00,-1.001800e+01,-2.346110e+01,-8.019447e+00,-1.823440e+01,-8.428393e-01,1.899787e+01,7.473042e+00,-5.934431e+00,-1.874841e+01,5.167078e+00,-4.146812e+00,-4.311098e+00,-2.366564e+00,-4.478407e+00,-1.996177e+00,-9.710081e-01,-2.283096e+00,-1.561714e+00,-2.069129e+00,-2.808920e+00,-2.064080e+00,4.032427e-01,5.307608e-01,9.379378e-01,1.169245e+00,1.372424e+00,1.607091e+00,1.997657e+00,2.649650e+00,2.684160e+02,8.076711e-01,3.186342e-02,5.111121e+00,5.626719e+00,-2.466785e+00,-3.692827e+00,-1.703081e-01,-1.555642e+00,1.143377e+00,-1.180325e+00,4.458159e+00,-5.787864e+00,-5.037766e+00,-3.805057e+00,8.211601e-01,-2.661962e+00,2.605038e+00,1.268926e+00,1.292611e+00,1.481633e+00,1.171545e+00,9.116777e-01,5.361999e-01,2.782098e-01,-5.566971e-02,2.851376e-03,-1.395780e-02,-3.466644e-02,-1.482520e-02,-3.435098e-02,1.286313e-02,1.015803e-01,6.468272e-02,6.808798e+00,5.535696e-02,2.935558e+02,1.069020e-01,4.261431e-02,4.312265e-01,4.954914e+01,1.501155e-02,1.643963e-02,6.360247e-02
286,2.860000,1.208821e-01,-1.915983e+01,-2.015227e+00,-1.359493e+01,-2.938444e+01,-1.009937e+01,-2.313039e+01,2.899822e+00,1.822969e+01,1.284624e+01,-1.246120e+01,-2.493548e+01,4.921678e+00,-9.325294e-01,-8.802979e+00,1.517672e+00,-3.033897e+00,-2.706095e-01,1.058312e+00,-7.522742e-01,-2.947173e-01,-1.201298e+00,-2.201609e+00,-1.997733e+00,4.098545e-01,5.117491e-01,8.663638e-01,1.154930e+00,1.301523e+00,1.596036e+00,2.080178e+00,2.679856e+00,2.749242e+02,8.581493e-01,8.001211e-02,5.147240e+00,3.550405e+00,-1.284018e+00,-4.577472e+00,-2.371801e+00,-4.280928e-01,1.143284e+00,-1.685432e+00,3.074767e+00,-4.573361e+00,-2.694522e+00,-2.749450e+00,1.717478e+00,-2.483501e+00,2.299794e+00,1.074797e+00,1.206205e+00,1.395128e+00,1.118582e+00,7.255530e-01,4.620853e-01,4.550079e-01,2.512199e-01,6.053946e-03,-1.695805e-02,-7.059650e-02,-2.539256e-02,-3.912742e-02,1.554453e-03,7.009394e-02,4.331810e-02,6.136307e+00,2.743075e-02,2.944486e+02,1.094260e-01,6.171322e-02,4.198524e-01,2.078674e+01,-1.628349e-02,4.290714e-03,-4.138431e-02
287,2.870000,4.329331e-01,-1.331927e+01,-3.465215e-01,-1.281742e+01,-3.383123e+01,-1.538576e+01,-2.257259e+01,5.469794e+00,1.718735e+01,1.374568e+01,-1.598566e+01,-2.520529e+01,2.066050e+00,2.439702e+00,-1.073427e+01,3.383239e+00,-2.012253e+00,8.961808e-01,2.511253e+00,3.632039e-01,2.076269e-01,-7.370734e-01,-1.505542e+00,-1.330132e+00,4.223577e-01,4.806851e-01,7.317985e-01,1.119584e+00,1.246745e+00,1.600580e+00,2.098861e+00,2.678863e+00,2.803084e+02,8.578829e-01,1.447078e-01,3.275738e+00,1.543072e+00,4.330623e-01,-4.009036e+00,-2.952832e+00,1.234203e+00,-1.755066e+00,-3.049188e+00,1.666967e+00,-1.114996e+00,1.083423e+00,-2.000025e+00,4.484282e-01,-1.375769e+00,8.885944e-01,6.676075e-01,8.642176e-01,7.877528e-01,6.863407e-01,2.990668e-01,1.072413e-01,3.292912e-01,3.539316e-01,-2.919540e-03,-1.859472e-02,-7.459816e-02,-3.483092e-02,-3.715143e-02,-1.907537e-02,1.864204e-02,5.671739e-04,4.857605e+00,3.792524e-04,2.964612e+02,5.099250e-02,5.616597e-02,2.783118e-01,1.021521e+00,-3.020340e-02,-1.118104e-02,-9.690796e-02
288,2.880000,4.522311e-01,-1.223871e+01,-1.401982e+00,-1.155877e+01,-3.794371e+01,-1.996742e+01,-1.824373e+01,1.860323e+00,1.242971e+01,1.262801e+01,-1.735030e+01,-2.116062e+01,-1.795298e-01,1.024063e+00,-1.139419e+01,3.663254e+00,-1.810642e+00,1.259364e+00,2.692912e+00,6.691443e-01,1.966696e-02,-1.042004e+00,-1.246027e+00,-9.001819e-01,4.170105e-01,4.821196e-01,6.612143e-01,1.080195e+00,1.235738e+00,1.577564e+00,2.127440e+00,2.682598e+00,2.847714e+02,8.409678e-01,1.373785e-01,3.607101e-01,8.728521e-01,1.593419e+00,-1.710332e+00,-6.993747e-01,2.794912e+00,-5.319898e+00,-4.076120e+00,1.295424e+00,3.929346e+00,3.271517e+00,-1.623682e+00,-9.175784e-01,5.236350e-01,-1.305622e+00,2.289557e-01,3.709945e-01,-2.946365e-02,8.627601e-02,-8.900556e-02,-3.211704e-01,-6.514875e-02,1.239748e-01,-1.908316e-02,-2.178122e-02,-4.508583e-02,-4.155085e-02,-3.184034e-02,-3.289344e-02,-4.194512e-02,-3.899767e-02,3.591791e+00,-1.345193e-02,2.981603e+02,7.832870e-03,2.432659e-02,1.026343e-01,-2.056518e-01,-2.526782e-02,-1.714148e-02,-7.107493e-02
289,2.890000,7.515461e-01,-1.312276e+01,-4.121852e-01,-8.870773e+00,-3.922664e+01,-1.784958e+01,-1.450672e+01,-9.098421e+00,6.651913e+00,1.591699e+01,-9.064864e+00,-1.521872e+01,-2.282444e+00,-2.882967e+00,-9.894338e+00,1.003618e+00,-1.751998e+00,1.559924e+00,2.150456e+00,4.378981e-01,-2.235717e-01,-1.612569e+00,-1.640255e+00,-8.431980e-01,3.850671e-01,4.526020e-01,6.675218e-01,1.032458e+00,1.219559e+00,1.520950e+00,2.067236e+00,2.651114e+00,2.877804e+02,8.181581e-01,6.357147e-02,-2.339101e+00,1.287652e+00,2.162061e+00,1.605248e+00,1.639927e+00,2.848883e+00,-6.297864e+00,-3.525027e+00,8.121927e-01,7.513961e+00,2.720613e+00,-1.039915e+00,-1.662601e+00,2.826728e+00,-3.085953e+00,-5.451829e-02,-8.575781e-02,-6.505178e-01,-4.631178e-01,-3.691431e-01,-6.017777e-01,-4.370881e-01,-2.658764e-01,-3.679827e-02,-2.296948e-02,-8.096665e-03,-3.525164e-02,-2.299900e-02,-3.268105e-02,-7.915559e-02,-5.430794e-02,2.228540e+00,-1.124182e-02,2.968075e+02,6.681624e-03,5.402427e-03,1.052958e-01,-1.861206e+00,-8.770484e-03,-1.243042e-02,-2.226025e-02
290,2.900000,6.484680e-01,-1.745453e+01,2.381866e+00,-7.601153e+00,-3.523839e+01,-1.236433e+01,-1.318876e+01,-1.641556e+01,3.116810e+00,1.823770e+01,3.725130e+00,-1.357117e+01,-1.022483e+00,-2.859087e+00,-6.604767e+00,-3.820628e+00,-2.019246e+00,1.252492e+00,1.091393e+00,-3.582412e-01,-5.241458e-01,-2.369402e+00,-2.459997e+00,-1.621327e+00,3.330840e-01,4.168846e-01,6.730731e-01,9.907389e-01,1.155914e+00,1.471384e+00,1.886265e+00,2.498742e+00,2.891471e+02,8.107521e-01,-1.312997e-02,-3.677661e+00,1.343041e+00,2.796560e+00,4.492556e+00,1.815913e+00,2.378810e+00,-3.859509e+00,-2.531045e+00,-7.526357e-01,8.071709e+00,7.288718e-01,-1.900776e+00,-1.650678e+00,4.714748e+00,-3.806422e+00,-1.385409e-01,-4.255931e-01,-8.979456e-01,-7.744514e-01,-5.844058e-01,-6.640210e-01,-5.297987e-01,-4.748011e-01,-4.111872e-02,-2.302846e-02,7.309103e-03,-2.697654e-02,-1.029377e-02,-3.708386e-03,-9.142460e-02,-5.186431e-02,1.043610e+00,-4.063618e-03,2.932472e+02,5.242379e-03,1.387587e-03,1.509858e-01,-2.511173e+00,5.683920e-04,-3.097134e-03,6.640286e-03
291,2.910000,6.526720e-01,-2.240687e+01,4.199816e+00,-3.985916e+00,-2.715765e+01,-1.098767e+01,-1.085565e+01,-1.688158e+01,4.218667e+00,1.500180e+01,1.104643e+01,-1.539695e+01,-2.712051e+00,-3.931726e+00,1.004662e+00,-8.304584e+00,-2.180542e+00,4.708279e-01,5.942414e-02,-1.438692e+00,-1.366182e+00,-3.082263e+00,-3.083998e+00,-2.298942e+00,2.803296e-01,3.984552e-01,6.853858e-01,9.880536e-01,1.171661e+00,1.490265e+00,1.823671e+00,2.499252e+00,2.892633e+02,8.167817e-01,-1.262551e-01,-3.752357e+00,5.787051e-01,2.831086e+00,5.490326e+00,5.675318e-01,1.014814e+00,-1.206746e+00,-1.679675e+00,-3.637238e+00,4.253021e+00,-7.340117e-01,-3.097644e+00,-1.830748e+00,4.537795e+00,-3.116301e+00,-8.937285e-02,-6.028400e-01,-8.602294e-01,-8.238244e-01,-6.807561e-01,-5.307631e-01,-4.135312e-01,-4.528343e-01,-3.041015e-02,-1.508057e-02,1.813052e-02,-1.165597e-02,2.051622e-02,2.590274e-02,-5.200510e-02,-1.150618e-02,6.148926e-01,-2.494544e-03,2.896118e+02,8.435324e-03,5.483387e-03,1.428348e-01,-6.712372e-01,1.074057e-03,1.665840e-03,-1.251704e-02
292,2.920000,4.360183e-01,-2.598497e+01,3.007221e+00,-1.839542e-02,-2.151543e+01,-1.431881e+01,-8.175210e+00,-1.354564e+01,9.911135e-01,9.322429e+00,1.295260e+01,-1.742715e+01,-9.468609e+00,-6.704948e+00,6.730051e+00,-1.071476e+01,-2.289074e+00,-3.240537e-01,-7.512999e-01,-2.264817e+00,-2.331057e+00,-3.627262e+00,-3.173149e+00,-2.546316e+00,2.637856e-01,3.940507e-01,6.888278e-01,9.675145e-01,1.208218e+00,1.574364e+00,1.792099e+00,2.499208e+00,2.892480e+02,8.213379e-01,-1.126837e-01,-2.647744e+00,-5.029020e-01,2.310719e+00,4.364129e+00,-3.011660e-01,-1.040401e+00,-1.039692e+00,-2.186143e+00,-4.900321e+00,4.088853e-01,-1.978604e-01,-2.956490e+00,-2.140513e+00,1.647702e+00,-2.283910e+00,-5.735564e-03,-4.836125e-01,-6.331429e-01,-6.290551e-01,-5.580091e-01,-2.905571e-01,-2.194399e-01,-2.459397e-01,-1.012827e-02,-8.908865e-03,3.119601e-02,1.790339e-03,4.510275e-02,3.872293e-02,1.079458e-02,3.087592e-02,1.509915e+00,-5.981660e-03,2.892023e+02,9.797980e-03,8.800446e-03,1.170662e-01,4.194989e+00,6.813923e-04,1.903062e-03,-2.591078e-02
293,2.930000,2.264955e-01,-2.761933e+01,2.168663e+00,1.493276e+00,-1.863649e+01,-1.403468e+01,-1.193943e+01,-1.656711e+01,-6.836149e-01,2.188435e+00,7.586509e+00,-1.696079e+01,-1.354760e+01,-1.011378e+01,6.127231e+00,-1.113083e+01,-2.063948e+00,-6.660037e-01,-1.229344e+00,-2.727936e+00,-2.723897e+00,-3.637455e+00,-3.351335e+00,-2.644875e+00,2.676655e-01,3.886161e-01,7.502970e-01,9.857903e-01,1.295988e+00,1.598973e+00,1.854293e+00,2.593351e+00,2.908044e+02,8.003924e-01,-7.959758e-02,-1.184235e+00,-7.939372e-01,4.680420e-01,2.279027e+00,4.370056e-01,-3.323580e+00,-2.774220e+00,-2.236560e+00,-3.750010e+00,-1.218224e+00,1.465749e+00,-9.223752e-01,-1.677982e+00,-2.126250e+00,-1.366130e+00,4.482613e-02,-1.782113e-01,-2.961628e-01,-3.012970e-01,-1.832109e-01,-2.486136e-02,-1.096400e-01,-9.949946e-02,5.839842e-03,-5.382138e-03,3.861935e-02,1.769909e-02,5.363034e-02,3.221812e-02,6.754841e-02,4.000499e-02,3.694531e+00,-6.236696e-03,2.954738e+02,9.774110e-03,1.002520e-02,5.967038e-02,1.024839e+01,1.496441e-03,7.404010e-04,-1.458783e-02
294,2.940000,2.981379e-01,-2.808702e+01,8.829324e-01,1.212845e+00,-1.767833e+01,-1.234666e+01,-1.784888e+01,-2.177126e+01,-5.362765e+00,1.427850e-01,7.499518e+00,-1.377855e+01,-1.038716e+01,-1.047063e+01,-9.275427e-01,-1.382706e+01,-2.106221e+00,-5.971553e-01,-1.429938e+00,-2.858895e+00,-2.635334e+00,-3.544592e+00,-3.423528e+00,-2.678059e+00,2.887747e-01,3.772598e-01,7.965975e-01,1.000822e+00,1.319265e+00,1.610644e+00,1.924927e+00,2.606072e+00,2.959261e+02,7.890384e-01,-1.459786e-02,4.356541e-01,-3.601320e-01,-2.078638e+00,3.171301e-01,1.433402e+00,-4.494251e+00,-3.385209e+00,-8.584598e-01,-1.079847e+00,-9.284599e-01,1.823175e+00,2.164853e+00,3.228134e-01,-4.001840e+00,8.120396e-01,8.718610e-02,1.440151e-01,1.147291e-01,9.014826e-02,2.908863e-01,2.757453e-01,9.893727e-03,-1.086502e-02,1.215231e-02,-6.688744e-04,2.439749e-02,2.663874e-02,2.943336e-02,1.374865e-03,6.650345e-02,1.225584e-02,6.390329e+00,3.948999e-03,3.112911e+02,7.979947e-03,8.631994e-03,6.301408e-02,1.447771e+01,4.613371e-03,2.612090e-03,-5.315926e-04
295,2.950000,3.236243e-01,-2.727702e+01,1.292275e+00,-2.261327e+00,-1.768107e+01,-9.788720e+00,-2.263672e+01,-2.663988e+01,-3.787194e+00,8.415720e-01,7.681852e+00,-9.892501e+00,-6.864653e+00,-1.043880e+01,-5.797792e+00,-1.357908e+01,-2.047838e+00,-2.836777e-01,-1.082071e+00,-2.648138e+00,-2.130098e+00,-3.247905e+00,-3.507009e+00,-2.730568e+00,2.970342e-01,3.799400e-01,8.245977e-01,1.059895e+00,1.384290e+00,1.633216e+00,2.095000e+00,2.645844e+00,3.043969e+02,8.017480e-01,3.039842e-02,2.159503e+00,-6.677181e-02,-4.916092e+00,-5.750084e-01,1.452716e+00,-4.954098e+00,-7.857963e-01,4.112492e-01,7.870696e-01,-5.907935e-01,-3.842816e-01,3.532914e+00,2.674874e+00,-3.312608e+00,4.480655e+00,1.640360e-01,3.516229e-01,4.959484e-01,4.711654e-01,7.423698e-01,6.702732e-01,3.422263e-01,6.070711e-02,1.553098e-02,1.064509e-02,9.210968e-03,2.809755e-02,-3.265381e-04,-1.776123e-02,2.617356e-02,-2.408688e-02,8.347140e+00,1.895291e-02,3.298093e+02,1.682655e-02,9.269617e-03,9.692166e-02,1.421755e+01,6.238521e-03,4.159897e-03,1.331020e-02
296,2.960000,3.144646e-01,-2.397785e+01,1.644755e+00,-8.534284e+00,-2.040749e+01,-9.274780e+00,-2.529782e+01,-2.543530e+01,-1.749396e+00,4.596627e+00,8.262628e+00,-1.184542e+01,-1.985816e+00,-4.928372e+00,-7.316635e+00,-5.430429e+00,-1.861198e+00,2.048590e-01,-2.512908e-01,-1.853975e+00,-1.173525e+00,-2.443310e+00,-3.045843e+00,-2.557794e+00,3.098629e-01,3.950444e-01,7.736650e-01,1.063656e+00,1.311234e+00,1.564117e+00,2.004263e+00,2.534240e+00,3.144034e+02,8.404052e-01,3.023884e-02,3.830854e+00,-1.503328e-01,-7.311493e+00,3.620690e-01,9.081701e-01,-5.344401e+00,3.449507e+00,2.037511e+00,1.378024e+00,-2.002562e+00,-3.851527e+00,3.780785e+00,4.114282e+00,-1.913839e+00,7.973385e+00,2.838058e-01,4.488300e-01,7.444826e-01,7.309192e-01,1.145718e+00,1.177352e+00,8.258274e-01,1.391191e-01,1.777076e-02,2.170265e-02,2.131302e-02,2.887312e-02,-2.230489e-02,-3.009942e-02,-2.859820e-02,-3.879712e-02,8.788446e+00,2.560448e-02,3.444231e+02,2.933862e-02,2.223869e-02,9.578258e-02,1.011238e+01,3.677292e-03,4.086913e-03,8.275276e-03
297,2.970000,3.703243e-01,-1.887640e+01,1.453892e+00,-1.821362e+01,-2.014695e+01,-8.307042e+00,-3.298545e+01,-1.866407e+01,-4.340532e-01,3.896862e+00,4.250987e+00,-1.984877e+01,-8.370066e-02,4.894625e-01,-7.241261e+00,7.074132e+00,-1.366279e+00,6.911035e-01,6.610743e-01,-8.745686e-01,2.570476e-01,-8.367295e-01,-1.829045e+00,-2.401471e+00,3.347764e-01,4.329492e-01,8.078181e-01,1.094861e+00,1.298371e+00,1.533431e+00,1.945492e+00,2.508832e+00,3.233015e+02,8.694736e-01,3.433283e-02,4.667842e+00,-9.158551e-01,-7.995366e+00,2.817011e+00,-2.534354e-01,-5.830478e+00,7.265845e+00,2.113476e+00,1.136412e+00,-3.404277e+00,-5.925564e+00,3.698393e+00,3.587929e+00,-1.169643e+00,8.611593e+00,3.070891e-01,4.468799e-01,7.557109e-01,7.368993e-01,1.312589e+00,1.517441e+00,1.278000e+00,2.095210e-01,2.274000e-02,2.752897e-02,5.864797e-02,3.032255e-02,-2.165405e-02,-1.712047e-02,-4.820611e-02,-2.222242e-02,7.899185e+00,2.175822e-02,3.499955e+02,3.028738e-02,2.402133e-02,1.098371e-01,5.231390e+00,-2.994886e-03,-3.271405e-04,-2.077612e-03
298,2.980000,4.259821e-01,-1.313306e+01,5.045955e-02,-2.736847e+01,-1.463504e+01,-8.546649e+00,-3.939652e+01,-8.511624e+00,3.148221e+00,5.505259e+00,-7.978597e-01,-2.805805e+01,5.126295e+00,4.636655e+00,-9.775001e+00,1.571326e+01,-1.027971e+00,1.159604e+00,1.420903e+00,-9.108365e-02,1.899682e+00,1.136582e+00,-1.333722e-01,-2.147011e+00,3.587574e-01,4.592685e-01,9.115524e-01,1.127705e+00,1.250700e+00,1.510040e+00,1.856689e+00,2.480593e+00,3.304160e+02,8.831980e-01,4.133435e-02,4.258087e+00,-1.692347e+00,-6.363319e+00,4.978546e+00,-1.759418e+00,-4.707633e+00,7.978731e+00,2.398800e+00,4.540972e-01,-3.774956e+00,-4.391233e+00,2.388505e+00,1.423873e+00,-1.054409e+00,6.498239e+00,2.195617e-01,3.760932e-01,5.953287e-01,5.050946e-01,1.108730e+00,1.428372e+00,1.356012e+00,2.916102e-01,2.209941e-02,2.089710e-02,9.350798e-02,3.831742e-02,7.253516e-03,9.473383e-03,-1.132174e-02,1.332898e-02,6.364325e+00,1.083528e-02,3.517599e+02,1.963599e-02,2.169070e-02,9.793273e-02,1.759756e+00,-7.768251e-03,-5.556114e-03,-7.583228e-03
299,2.990000,4.395297e-01,-9.360208e+00,-2.489853e+00,-3.282106e+01,-6.482234e+00,-1.141996e+01,-4.473976e+01,1.227511e+00,4.331376e+00,6.069318e+00,-4.809290e+00,-3.141400e+01,8.071258e+00,2.718335e+00,-1.041682e+01,1.890704e+01,-9.290059e-01,1.473349e+00,1.860386e+00,1.549121e-01,2.896245e+00,2.549356e+00,1.426755e+00,-1.888354e+00,3.862870e-01,4.854728e-01,1.048894e+00,1.179483e+00,1.306287e+00,1.574652e+00,1.927756e+00,2.561556e+00,3.358865e+02,8.891427e-01,4.747059e-02,2.904517e+00,-2.142391e+00,-3.064365e+00,4.847569e+00,-3.095812e+00,-1.834531e+00,6.040062e+00,2.405434e+00,-4.691772e-01,-2.523033e+00,-9.361118e-01,-8.866415e-02,-2.304918e-01,-8.082793e-01,3.875130e+00,7.099246e-02,2.506559e-01,3.625432e-01,2.102289e-01,5.737512e-01,9.192929e-01,1.020144e+00,3.950696e-01,1.644292e-02,9.717095e-03,8.335738e-02,3.622396e-02,2.963584e-02,2.450026e-02,2.811367e-02,2.689354e-02,4.839896e+00,-4.212040e-03,3.522979e+02,6.703428e-03,7.907909e-03,8.545852e-02,2.666168e-01,-7.230318e-03,-6.449760e-03,-1.422155e-02
300,3.000000,4.865337e-01,-7.445516e+00,-4.845105e+00,-3.304716e+01,-2.347117e+00,-1.651541e+01,-4.295883e+01,4.512561e+00,7.861889e+00,5.780885e+00,-6.082015e+00,-2.801897e+01,5.879226e+00,1.076556e+00,-1.100090e+01,2.114432e+01,-9.820263e-01,1.694203e+00,2.125697e+00,1.567580e-01,3.050528e+00,3.005505e+00,2.106315e+00,-1.356302e+00,3.946046e-01,4.732681e-01,1.120667e+00,1.212932e+00,1.343544e+00,1.590873e+00,1.956523e+00,2.574523e+00,3.399326e+02,8.847470e-01,7.375499e-02,1.255559e+00,-1.818703e+00,9.501934e-02,2.829966e+00,-3.271630e+00,5.048500e-01,2.362532e+00,2.141791e+00,-2.439366e+00,-5.540205e-01,1.527146e+00,-2.834165e+00,-4.705458e-01,-6.169977e-02,2.108195e+00,3.443337e-03,9.699412e-02,1.334932e-01,-1.971988e-02,-1.215029e-03,2.947359e-01,4.656083e-01,4.140466e-01,7.468644e-03,-1.051870e-03,4.762761e-02,2.776729e-02,4.552407e-02,2.430446e-02,4.581095e-02,3.891139e-02,3.446094e+00,-7.071993e-02,3.520707e+02,2.289337e-03,2.514826e-03,7.005573e-02,-2.372073e+01,-3.950489e-03,-4.820350e-03,-1.484452e-02
301,3.010000,5.774015e-01,-7.197588e+00,-6.810281e+00,-3.069610e+01,-2.053074e+00,-1.980172e+01,-4.037695e+01,5.024149e+00,9.236283e+00,1.413163e+00,-5.722103e+00,-2.454887e+01,-9.034872e-01,1.117053e+00,-1.066971e+01,2.373426e+01,-1.034290e+00,1.677084e+00,2.121393e+00,5.265514e-02,2.550381e+00,2.825274e+00,2.151828e+00,-8.214782e-01,3.990674e-01,4.745349e-01,1.120048e+00,1.233368e+00,1.400128e+00,1.615515e+00,2.036144e+00,2.596335e+00,3.427427e+02,8.476389e-01,1.176899e-01,-2.738066e-01,-6.692493e-01,2.417957e+00,7.408131e-01,-1.947407e+00,2.304227e+00,-1.666318e+00,2.377689e+00,-3.166927e+00,1.011987e+00,2.174815e+00,-3.505634e+00,6.994895e-01,-1.279877e-01,-2.566740e-01,-3.062824e-02,-9.228766e-02,-1.080059e-01,-1.827748e-01,-3.717032e-01,-2.231062e-01,-1.189631e-01,3.164737e-01,-3.016034e-03,-8.159441e-03,-1.050105e-02,1.022377e-02,1.928180e-02,4.447115e-03,-6.249952e-03,1.299057e-02,2.207553e+00,-1.591743e-01,3.511732e+02,2.809113e-03,1.360470e-03,5.266789e-02,-5.897163e+01,-1.096475e-03,-1.617912e-03,-1.532462e-02
302,3.020000,7.258212e-01,-7.936573e+00,-6.882840e+00,-2.795585e+01,-2.699795e+00,-2.071392e+01,-3.905368e+01,1.402717e+00,1.140472e+01,-4.363494e+00,-3.111556e+00,-2.385489e+01,-4.557158e+00,3.084567e+00,-9.957057e+00,2.384062e+01,-9.581128e-01,1.542707e+00,1.957866e+00,-1.385546e-01,2.066539e+00,2.472303e+00,1.832133e+00,-6.102163e-01,3.897104e-01,4.594781e-01,1.114113e+00,1.239599e+00,1.431399e+00,1.611131e+00,2.031550e+00,2.657760e+00,3.442184e+02,5.503502e-01,9.550855e-02,-2.235471e+00,3.537796e-01,4.863145e+00,-6.111238e-02,1.689735e-01,3.785892e+00,-3.611537e+00,1.918218e+00,-2.812114e+00,1.554744e+00,7.034981e-01,-1.965293e+00,1.082858e+00,-3.799038e-02,-3.420823e+00,-9.955075e-02,-4.318454e-01,-4.977918e-01,-4.647635e-01,-7.197349e-01,-6.953023e-01,-6.221534e-01,6.650605e-02,-1.968803e-02,-1.011146e-02,-5.712151e-02,-7.474899e-03,-7.709551e-03,-6.971431e-03,-6.383178e-02,-1.020312e-03,1.113513e+00,-1.880452e-01,2.337186e+02,1.830706e-03,8.626666e-04,4.010545e-02,-7.112489e+01,-5.937417e-04,-5.745693e-04,-1.689688e-02
303,3.030000,9.083354e-01,-1.048371e+01,-4.817232e+00,-2.327693e+01,-2.601829e+00,-1.905774e+01,-3.517120e+01,-5.549157e+00,1.444840e+01,-4.693124e+00,-1.234582e+00,-2.262197e+01,-4.238722e+00,5.211777e+00,-1.157868e+01,1.627551e+01,-1.094104e+00,1.087658e+00,1.404273e+00,-6.113057e-01,1.529724e+00,1.700426e+00,9.690312e-01,-6.790286e-01,3.736539e-01,4.515706e-01,9.996653e-01,1.217269e+00,1.358768e+00,1.586759e+00,1.858993e+00,2.584890e+00,3.447813e+02,2.604696e-01,3.702240e-02,-4.021662e+00,5.013644e-01,6.982535e+00,-4.951476e-01,1.870076e+00,5.812646e+00,-2.893710e+00,9.928506e-01,-1.965860e+00,5.375609e-01,-3.214533e-01,-4.844773e-01,8.993734e-01,-1.961255e-01,-6.061571e+00,-2.790791e-01,-8.356918e-01,-8.731039e-01,-7.240462e-01,-1.038041e+00,-1.056417e+00,-9.724299e-01,-1.554913e-01,-3.304538e-02,-7.638538e-03,-7.943673e-02,-1.849015e-02,-1.793556e-02,-8.273328e-03,-9.099293e-02,-1.103523e-02,3.205689e-01,-9.834789e-02,1.166157e+02,1.450371e-03,6.444301e-04,2.381055e-02,-3.653643e+01,5.063659e-03,-3.583608e-04,4.352178e-04
304,3.040000,7.986094e-01,-1.697981e+01,-4.072731e+00,-1.244102e+01,-2.378301e+00,-1.604253e+01,-2.663225e+01,-8.258470e+00,1.484692e+01,-5.226539e+00,-5.520545e-01,-2.546493e+01,-2.279620e+00,4.443483e+00,-1.073636e+01,7.769573e+00,-1.449873e+00,-1.703120e-01,-4.702091e-03,-1.835079e+00,-3.781812e-02,9.141723e-02,-4.130534e-01,-1.094996e+00,3.088712e-01,4.341929e-01,8.952506e-01,1.183607e+00,1.325676e+00,1.570394e+00,1.725940e+00,2.575144e+00,3.444808e+02,2.381056e-01,-9.512620e-02,-4.602039e+00,8.084693e-02,7.496008e+00,-1.624211e+00,2.401551e+00,5.770373e+00,-1.113802e+00,-8.518735e-01,-5.729357e-01,-9.633428e-01,-4.592018e-01,4.346529e-01,1.900626e-01,4.515594e-01,-5.300841e+00,-3.677001e-01,-9.444850e-01,-9.528238e-01,-7.839014e-01,-1.154184e+00,-1.172751e+00,-1.054097e+00,-2.858690e-01,-3.523576e-02,-1.590163e-04,-6.941439e-02,-1.962728e-02,-3.189087e-03,-1.260638e-04,-4.102808e-02,-4.438639e-04,-6.519470e-02,7.547881e-02,1.137249e+02,0,0,0,3.325565e+01,1.982143e-02,9.388536e-03,4.124417e-02
305,3.050000,7.261193e-01,-2.278428e+01,-5.708514e+00,-3.540848e+00,-4.689559e+00,-1.278703e+01,-1.752444e+01,-4.613805e+00,1.247944e+01,-7.984617e+00,-4.314049e+00,-2.535112e+01,-4.464643e+00,4.934462e+00,-1.126068e+01,1.461928e+00,-2.183805e+00,-1.644865e+00,-1.262842e+00,-2.719313e+00,-1.587644e+00,-1.266366e+00,-1.587729e+00,-1.356544e+00,2.742601e-01,4.489848e-01,8.322955e-01,1.168913e+00,1.363312e+00,1.594517e+00,1.733985e+00,2.582467e+00,3.442144e+02,5.120217e-01,-1.719705e-01,-2.855419e+00,-9.390783e-03,4.408315e+00,-3.282691e+00,2.303770e+00,2.299126e+00,5.885882e-02,-2.252784e+00,1.253813e+00,-2.159215e+00,7.100298e-01,7.214791e-01,-1.089589e-01,8.413801e-01,-1.552581e+00,-2.424846e-01,-5.232216e-01,-4.875807e-01,-4.072642e-01,-6.909204e-01,-7.531914e-01,-7.543682e-01,-2.995837e-01,-1.594566e-02,5.743667e-03,-2.825150e-02,-1.339431e-02,1.401869e-02,1.213906e-02,4.750649e-02,2.384164e-02,-5.933838e-02,1.763777e-01,2.284879e+02,2.904276e-02,0,7.489670e-02,6.891451e+01,2.678312e-02,1.585211e-02,6.456684e-02
306,3.060000,3.412982e-01,-2.479649e+01,-6.032964e+00,-3.438562e-01,-9.776985e+00,-1.184152e+01,-1.902519e+01,-4.633970e+00,8.129836e+00,-5.582427e+00,-6.388536e+00,-2.478632e+01,-2.270933e+00,4.173538e+00,-7.858260e+00,4.743207e+00,-2.251763e+00,-1.813456e+00,-1.472695e+00,-3.004058e+00,-2.145699e+00,-1.908054e+00,-2.159971e+00,-1.700803e+00,2.632285e-01,4.599760e-01,8.507264e-01,1.165640e+00,1.413182e+00,1.606622e+00,1.888914e+00,2.656753e+00,3.441759e+02,8.019682e-01,-1.627957e-01,3.248680e-01,7.415606e-01,-9.594809e-01,-4.254927e+00,2.134174e+00,-3.408923e+00,-7.948967e-01,-2.132623e+00,4.622846e+00,-2.345886e+00,2.211629e+00,1.341874e+00,1.057210e-01,4.074287e-01,2.372929e+00,5.291302e-02,2.785282e-01,2.842309e-01,1.880350e-01,2.506397e-01,2.376876e-02,-2.420213e-01,-2.527804e-01,1.145500e-02,5.040029e-03,4.389870e-03,-5.661106e-03,-4.477620e-03,7.877195e-03,8.375353e-02,1.082072e-02,1.818970e-01,1.639585e-01,3.440608e+02,8.714164e-02,4.812756e-02,2.207832e-01,5.836913e+01,1.895661e-02,1.738819e-02,5.046153e-02
307,3.070000,2.771388e-01,-2.085247e+01,-3.884070e+00,-7.283935e+00,-1.531595e+01,-9.639400e+00,-2.747910e+01,-7.067112e+00,6.543026e+00,1.753884e+00,-9.112418e+00,-1.941112e+01,-6.356701e-01,4.801955e+00,-8.810834e+00,1.002579e+01,-1.905582e+00,-7.068779e-01,-2.996340e-01,-2.063137e+00,-8.709378e-01,-1.065795e+00,-1.929351e+00,-1.874044e+00,3.167469e-01,4.673975e-01,8.806699e-01,1.159280e+00,1.385108e+00,1.629341e+00,2.015038e+00,2.663294e+00,3.446371e+02,8.604268e-01,-9.927969e-02,2.660907e+00,1.353882e+00,-5.084204e+00,-4.116681e+00,2.526513e+00,-7.431612e+00,-1.167575e+00,-1.035953e+00,6.891646e+00,-1.834178e+00,2.202736e+00,1.445225e+00,-5.924597e-02,-3.841538e-02,4.027815e+00,2.870576e-01,8.563817e-01,8.207024e-01,6.046889e-01,9.978691e-01,6.679844e-01,1.703468e-01,-2.162909e-01,2.715883e-02,-1.767826e-03,2.171046e-02,-1.690352e-03,-3.532060e-02,-5.681598e-03,4.847020e-02,-1.458886e-02,3.713989e-01,8.392086e-02,3.460204e+02,9.179514e-02,5.584122e-02,2.362531e-01,2.392530e+01,-6.826368e-03,3.397914e-03,-1.302050e-02
308,3.080000,2.091211e-01,-1.632137e+01,-1.277150e+00,-1.536688e+01,-1.833974e+01,-6.945477e+00,-3.869953e+01,-1.100630e+01,7.152010e+00,1.301844e+01,-9.882298e+00,-1.737678e+01,2.515266e+00,5.038342e+00,-9.924144e+00,1.535228e+01,-1.324419e+00,7.533352e-01,9.348483e-01,-1.222992e+00,8.570273e-01,1.099753e-01,-1.452349e+00,-2.100148e+00,3.449028e-01,4.501867e-01,8.930128e-01,1.160118e+00,1.292390e+00,1.592368e+00,2.004181e+00,2.588834e+00,3.451789e+02,8.836955e-01,1.445631e-02,3.085836e+00,1.004995e+00,-6.201514e+00,-3.550359e+00,2.810347e+00,-7.935999e+00,9.646969e-02,-2.712225e-01,5.861135e+00,-1.413888e+00,4.677469e-01,2.608756e-01,-2.560512e-01,-6.383820e-01,2.672915e+00,2.644733e-01,8.854993e-01,8.730894e-01,6.862944e-01,1.144614e+00,8.634281e-01,3.307230e-01,-1.527873e-01,2.849283e-02,-6.156602e-03,2.726031e-02,1.498365e-03,-4.885478e-02,-1.965784e-02,-1.122699e-02,-3.431816e-02,4.231476e-01,2.084731e-02,3.468044e+02,6.340688e-02,5.902033e-02,1.716294e-01,5.783997e-01,-2.540279e-02,-1.317623e-02,-5.800698e-02
309,3.090000,2.958094e-01,-1.371730e+01,-1.317010e+00,-2.145036e+01,-2.099159e+01,-2.602492e+00,-4.484533e+01,-7.265513e+00,7.788585e+00,1.717318e+01,-1.173806e+01,-1.804221e+01,3.683796e-01,4.205830e+00,-1.041982e+01,1.629646e+01,-1.212189e+00,1.353648e+00,1.636898e+00,-5.864016e-01,1.900339e+00,1.064541e+00,-1.089806e+00,-2.238326e+00,3.692171e-01,4.450403e-01,9.197046e-01,1.163223e+00,1.247105e+00,1.573236e+00,1.918702e+00,2.543482e+00,3.455699e+02,8.907623e-01,9.050508e-02,1.943928e+00,2.131401e-01,-4.085704e+00,-3.685648e+00,2.222525e+00,-5.932715e+00,9.563540e-01,-2.542024e-01,2.329111e+00,-4.581438e-01,-2.170706e+00,-1.241648e+00,-1.427367e+00,-4.157143e-01,2.698490e-01,1.286397e-01,5.839947e-01,5.881397e-01,4.789731e-01,6.883293e-01,5.346480e-01,1.819869e-01,-5.254862e-02,1.833385e-02,-6.079391e-03,3.414763e-02,3.245819e-03,-2.253333e-02,-7.031059e-03,-6.056559e-03,-7.824874e-03,3.382751e-01,6.971508e-03,3.467426e+02,6.778299e-03,1.154319e-02,3.437111e-02,8.371277e-02,-2.397664e-02,-1.635096e-02,-5.438695e-02
310,3.100000,4.042445e-01,-1.293489e+01,-2.291521e+00,-2.426822e+01,-2.469096e+01,-1.308240e+00,-5.002208e+01,-4.052421e+00,6.150944e+00,1.601360e+01,-1.214516e+01,-2.313204e+01,-1.468580e+00,3.191345e+00,-1.024568e+01,1.497245e+01,-1.276093e+00,1.583778e+00,1.924486e+00,-3.109534e-01,2.191731e+00,1.343918e+00,-9.261290e-01,-2.282599e+00,3.794576e-01,4.403715e-01,9.675106e-01,1.171161e+00,1.237910e+00,1.536385e+00,1.880947e+00,2.545068e+00,3.458253e+02,8.910370e-01,1.350474e-01,7.846783e-01,-1.440327e-01,-1.278320e+00,-3.919973e+00,1.279471e+00,-2.612403e+00,1.094933e+00,-2.020692e-01,-1.219624e+00,5.771666e-01,-3.404749e+00,-2.500147e+00,-2.354392e+00,-2.611396e-01,-1.761998e+00,7.237077e-04,2.747050e-01,3.146492e-01,2.883086e-01,1.357291e-01,7.957465e-02,-5.054070e-02,7.627425e-02,1.082549e-02,-4.047704e-03,2.738287e-02,-1.156020e-03,6.382787e-03,8.031428e-03,1.620338e-02,1.899319e-02,2.267700e-01,1.519245e-03,3.465917e+02,2.636093e-03,4.395443e-03,3.168934e-02,-1.077637e-01,-1.273714e-02,-1.249085e-02,-2.871500e-02
311,3.110000,6.321025e-01,-1.282607e+01,-2.311184e+00,-2.326179e+01,-3.056858e+01,-1.345392e+00,-5.148140e+01,-5.762282e+00,5.772547e+00,1.190186e+01,-1.027171e+01,-2.738702e+01,-4.851989e+00,-1.411383e+00,-1.072864e+01,1.156496e+01,-1.286547e+00,1.797875e+00,2.146246e+00,-1.242913e-01,1.903356e+00,9.904734e-01,-1.282526e+00,-2.045562e+00,3.911388e-01,4.419081e-01,1.014159e+00,1.169988e+00,1.299682e+00,1.622177e+00,2.046372e+00,2.646053e+00,3.460053e+02,8.916137e-01,1.253069e-01,1.751017e-01,-2.622366e-04,8.333292e-01,-3.583709e+00,6.317599e-02,1.259727e-01,-4.614193e-01,2.919944e-01,-2.457454e+00,1.672082e+00,-3.122514e+00,-2.132600e+00,-2.679825e+00,2.036017e-01,-2.322793e+00,-1.979225e-02,1.449083e-01,1.574922e-01,1.575904e-01,-1.946325e-01,-2.563595e-01,-2.144758e-01,1.920615e-01,4.308405e-03,-4.034382e-03,9.957868e-03,-7.227850e-03,1.992071e-02,1.991821e-02,4.051773e-02,2.564852e-02,1.203003e-01,-1.281321e-04,3.465453e+02,2.297325e-03,1.398862e-03,3.428842e-02,-1.990997e-01,-8.832105e-04,-2.230360e-03,-8.874962e-04
312,3.120000,7.162114e-01,-1.284360e+01,-1.500227e+00,-2.085276e+01,-3.315111e+01,-1.176670e+00,-4.844351e+01,-6.283251e+00,7.149683e+00,9.555981e+00,-7.729640e+00,-2.972812e+01,-7.375285e+00,-3.925009e+00,-1.107543e+01,8.908050e+00,-1.283622e+00,1.904746e+00,2.253420e+00,-1.250438e-02,1.534164e+00,5.448823e-01,-1.608692e+00,-1.815159e+00,3.880694e-01,4.315143e-01,9.826999e-01,1.150955e+00,1.298015e+00,1.608055e+00,2.021363e+00,2.632514e+00,3.460951e+02,8.908661e-01,9.170099e-02,5.372200e-02,2.183995e-01,1.765958e+00,-2.221449e+00,-3.719059e-01,2.539898e+00,-1.001207e+00,7.122110e-01,-1.250034e+00,1.850700e+00,-1.179327e+00,-1.370742e+00,-2.071176e+00,1.066721e+00,-2.041898e+00,-1.040645e-02,7.344943e-02,7.209261e-02,1.068124e-01,-2.755516e-01,-3.627030e-01,-2.323771e-01,2.088356e-01,4.182726e-04,-4.230318e-03,-2.352989e-02,-1.878800e-02,1.550114e-03,-3.683329e-03,-1.209435e-02,-4.541493e-03,2.728272e-03,-1.899004e-04,3.463642e+02,1.961676e-03,1.638220e-03,2.809575e-02,-3.500214e-01,2.486473e-04,-3.501977e-04,-1.641846e-03
313,3.130000,7.663603e-01,-1.288744e+01,-1.713969e+00,-1.899144e+01,-3.468005e+01,-2.352397e+00,-4.500475e+01,-8.457194e+00,8.749187e+00,8.114722e+00,-5.585407e+00,-3.035674e+01,-7.341270e+00,-5.635118e+00,-8.986933e+00,7.714699e+00,-1.307385e+00,1.917705e+00,2.259892e+00,5.232577e-02,1.255960e+00,1.822612e-01,-1.820904e+00,-1.511738e+00,3.864532e-01,4.292970e-01,9.618993e-01,1.137186e+00,1.316656e+00,1.636992e+00,2.051083e+00,2.628001e+00,3.460365e+02,8.902071e-01,5.312584e-02,4.105797e-02,1.817391e-01,1.397921e+00,-6.925270e-01,-6.699980e-01,3.221312e+00,-5.782133e-01,3.355031e-02,6.166242e-01,1.256476e+00,3.175730e-01,-4.867323e-01,-7.826778e-01,1.722326e+00,-1.331767e+00,-1.048713e-02,1.712668e-02,1.035242e-02,8.665210e-02,-1.948913e-01,-3.060677e-01,-1.207758e-01,1.151777e-01,-1.542842e-03,-3.635800e-03,-3.121418e-02,-2.314320e-02,-1.217525e-02,-2.389785e-02,-3.604888e-02,-2.027948e-02,-1.287415e-01,-9.775162e-07,3.458608e+02,2.699455e-03,1.769999e-03,3.173042e-02,-5.231384e-01,5.567280e-04,3.012964e-04,-2.439745e-04
314,3.140000,7.956205e-01,-1.263560e+01,-1.498131e+00,-1.757360e+01,-3.374247e+01,-2.664267e+00,-4.056091e+01,-7.710999e+00,8.223679e+00,1.165700e+01,-5.234807e+00,-2.754381e+01,-7.077649e+00,-5.052668e+00,-5.782924e+00,6.688082e+00,-1.317706e+00,1.891110e+00,2.228126e+00,1.348000e-01,1.137671e+00,-6.549032e-02,-1.818826e+00,-1.505332e+00,3.838917e-01,4.255255e-01,8.759910e-01,1.093622e+00,1.237173e+00,1.510561e+00,1.818120e+00,2.531386e+00,3.458233e+02,8.907908e-01,4.042893e-02,3.834896e-02,1.803442e-01,7.503058e-01,-3.275719e-02,-7.917116e-01,2.740518e+00,-2.007823e-01,-1.032496e+00,1.853376e+00,4.814678e-01,1.174850e+00,-7.556016e-01,4.389758e-02,1.414736e+00,-1.149800e+00,-1.311405e-02,3.492999e-03,-6.642914e-03,8.714466e-02,-9.693690e-02,-2.346670e-01,-3.236074e-02,-2.097893e-03,-2.126485e-04,6.817580e-05,-2.166897e-02,-2.090464e-02,-9.097028e-03,-1.414441e-02,-1.003653e-02,-8.589650e-03,-2.517548e-01,6.273866e-04,3.451838e+02,3.678264e-03,2.458886e-03,2.475911e-02,-6.207367e-01,8.475836e-04,1.745405e-04,-7.122587e-04
315,3.150000,8.580272e-01,-1.272478e+01,-1.403536e+00,-1.791176e+01,-3.373554e+01,-3.951584e+00,-3.931614e+01,-7.939475e+00,5.403301e+00,1.393447e+01,-5.236745e+00,-2.689131e+01,-7.434469e+00,-4.760942e+00,-4.763263e+00,6.016102e+00,-1.321941e+00,1.890326e+00,2.210655e+00,2.353171e-01,1.127146e+00,-2.346789e-01,-1.781338e+00,-1.624587e+00,3.855134e-01,4.267235e-01,9.114426e-01,1.082938e+00,1.269226e+00,1.551435e+00,1.967749e+00,2.595219e+00,3.454974e+02,8.916464e-01,-1.170034e-02,-7.541542e-02,3.757114e-01,2.656302e-01,-8.833046e-02,-6.194617e-01,1.649712e+00,2.502030e-01,-1.711137e+00,1.765170e+00,4.531000e-01,7.564017e-01,-1.613271e+00,-6.711225e-02,5.155911e-01,-1.594684e+00,-1.779116e-02,1.981915e-02,7.553339e-03,8.174729e-02,-4.137211e-02,-1.966076e-01,-1.616032e-02,-8.813268e-02,6.163150e-04,5.383670e-04,-7.229793e-03,-1.696166e-02,-5.280709e-03,-2.266288e-04,1.553971e-02,-8.762884e-03,-3.409851e-01,6.386220e-04,3.445198e+02,4.222671e-03,2.495010e-03,3.473686e-02,-6.086792e-01,7.286395e-04,-4.660257e-05,9.450827e-04
316,3.160000,8.725226e-01,-1.273318e+01,-7.537223e-01,-1.764107e+01,-3.378716e+01,-4.335635e+00,-3.758522e+01,-7.546022e+00,3.660145e+00,1.591299e+01,-5.496632e+00,-2.558659e+01,-1.110669e+01,-4.142609e+00,-6.113589e+00,4.008350e+00,-1.341914e+00,1.935901e+00,2.244824e+00,3.317233e-01,1.113886e+00,-4.199827e-01,-1.790279e+00,-1.769225e+00,3.874761e-01,4.331419e-01,8.995834e-01,1.073556e+00,1.276245e+00,1.580111e+00,2.012847e+00,2.605957e+00,3.451058e+02,8.932834e-01,-4.798906e-02,-2.224144e-01,4.198236e-01,2.391176e-01,-7.107948e-01,-6.229630e-01,9.088562e-01,-1.196244e-01,-1.707829e+00,7.856954e-01,4.937135e-01,-1.051712e-03,-2.053070e+00,-1.159137e+00,2.272366e-01,-2.135237e+00,-1.821521e-02,3.664798e-02,2.337081e-02,5.757456e-02,-4.320519e-02,-2.036314e-01,-5.531526e-02,-6.915279e-02,8.230925e-04,7.228285e-04,1.015842e-03,-1.397307e-02,3.060472e-03,1.721064e-02,4.022282e-02,-2.724123e-03,-3.953796e-01,3.201365e-04,3.439310e+02,5.437987e-03,2.148417e-03,2.303123e-02,-5.585235e-01,3.018400e-04,-3.571936e-04,2.622261e-03
317,3.170000,6.694075e-01,-1.321572e+01,-2.076160e-01,-1.762955e+01,-3.509936e+01,-4.614021e+00,-3.824403e+01,-7.288668e+00,2.475271e+00,1.481258e+01,-3.188995e+00,-2.755335e+01,-1.339310e+01,-6.425709e+00,-6.243645e+00,1.081145e+00,-1.384237e+00,1.994405e+00,2.289309e+00,3.626006e-01,1.060992e+00,-6.235308e-01,-1.915979e+00,-1.820456e+00,3.877426e-01,4.281806e-01,9.139542e-01,1.062411e+00,1.270716e+00,1.601084e+00,2.031418e+00,2.546901e+00,3.446903e+02,8.921539e-01,-7.572855e-02,-3.350368e-01,4.473587e-01,4.771484e-01,-1.093960e+00,-3.840114e-01,5.005013e-01,-4.061915e-01,-1.244884e+00,6.757078e-02,6.143092e-01,-4.674188e-01,-1.669418e+00,-2.063010e+00,3.958009e-01,-2.251944e+00,-1.200852e-02,3.862276e-02,2.563157e-02,1.620480e-02,-6.704389e-02,-2.035940e-01,-1.000225e-01,-3.302721e-02,-1.123041e-04,-1.662856e-03,-8.939016e-03,-1.596484e-02,-8.689570e-03,-7.145882e-04,-7.199049e-05,-1.743634e-02,-4.298676e-01,-3.591359e-04,3.434438e+02,5.462792e-03,1.692221e-03,3.731978e-02,-5.333435e-01,-3.763266e-04,-3.240592e-04,3.187763e-03
318,3.180000,6.499850e-01,-1.350220e+01,3.026456e-03,-1.651912e+01,-3.661453e+01,-5.447863e+00,-3.655268e+01,-8.634524e+00,1.148551e+00,1.514642e+01,-3.790114e+00,-2.721805e+01,-1.436368e+01,-1.001597e+01,-3.906551e+00,-1.520626e+00,-1.377634e+00,2.022310e+00,2.305653e+00,3.590311e-01,9.547226e-01,-8.892214e-01,-2.028082e+00,-1.753162e+00,3.868926e-01,4.284111e-01,8.798144e-01,1.034020e+00,1.251731e+00,1.571790e+00,1.987399e+00,2.541924e+00,3.442500e+02,8.921377e-01,-1.687669e-02,-4.026114e-01,2.853017e-01,5.490263e-01,-1.094154e+00,-6.003679e-01,3.991783e-01,-1.002354e+00,-9.688392e-01,8.014631e-02,-2.178578e-02,-3.017586e-01,-4.083573e-01,-2.321000e+00,9.691420e-01,-1.750265e+00,4.337323e-03,2.108124e-02,7.144547e-03,-2.978974e-02,-8.761470e-02,-1.734782e-01,-9.112519e-02,-6.996286e-03,-5.331039e-04,-2.245438e-03,-8.365095e-04,-1.042736e-02,7.266927e-03,1.314454e-02,3.241771e-02,1.741900e-02,-4.582275e-01,-6.713390e-04,3.429292e+02,4.567403e-03,1.074313e-03,3.657896e-02,-5.433533e-01,-7.470000e-04,1.784507e-05,5.953559e-03
319,3.190000,5.906532e-01,-1.401546e+01,4.548831e-01,-1.608700e+01,-3.779165e+01,-5.315526e+00,-3.732990e+01,-9.426181e+00,4.346791e-01,1.465561e+01,-3.018458e+00,-2.841267e+01,-1.415306e+01,-1.213931e+01,-3.887778e+00,-2.479128e+00,-1.364124e+00,2.040236e+00,2.308398e+00,3.026872e-01,8.715087e-01,-1.018030e+00,-2.162549e+00,-1.797754e+00,3.852437e-01,4.207746e-01,8.766320e-01,1.022882e+00,1.238036e+00,1.552022e+00,1.980113e+00,2.540054e+00,3.437760e+02,8.904236e-01,3.226338e-02,-4.528845e-01,2.961975e-01,3.569705e-01,-5.733024e-01,-6.021718e-01,2.175713e-01,-1.565595e+00,-5.405899e-02,1.364850e-01,-7.176717e-01,2.913853e-01,6.228262e-01,-1.183230e+00,4.544490e-01,-6.383678e-01,1.972487e-02,-2.863479e-03,-1.791194e-02,-7.558040e-02,-8.930691e-02,-8.776508e-02,-7.890926e-02,-3.564537e-02,-7.968694e-04,-1.652914e-03,8.571505e-04,-1.231801e-03,1.528361e-02,1.482818e-02,4.852387e-02,4.407191e-02,-4.816132e-01,-8.969546e-04,3.423540e+02,2.776329e-03,1.411767e-03,4.390182e-02,-5.518097e-01,-5.908503e-04,3.320421e-04,4.149004e-03
320,3.200000,8.275163e-01,-1.434637e+01,3.415369e-01,-1.566722e+01,-3.791178e+01,-6.986722e+00,-3.604640e+01,-1.148903e+01,-1.637552e-01,1.639220e+01,-5.690829e+00,-2.666572e+01,-1.276850e+01,-1.289080e+01,-2.445812e+00,-2.962837e+00,-1.330284e+00,2.018392e+00,2.271002e+00,2.127313e-01,7.705545e-01,-1.090124e+00,-2.122620e+00,-1.815557e+00,3.860600e-01,4.256177e-01,9.140620e-01,1.041184e+00,1.328920e+00,1.670364e+00,2.200588e+00,2.696476e+00,3.432718e+02,8.907918e-01,5.527169e-02,-5.662361e-01,3.440369e-01,-8.218880e-02,2.874061e-01,-7.366971e-01,-1.140675e-01,-2.382508e+00,1.033451e+00,-2.531527e-01,-1.370468e+00,6.538050e-01,1.539605e+00,-2.744842e-01,-2.982537e-01,3.876488e-01,3.006976e-02,-3.833519e-02,-5.636125e-02,-1.295649e-01,-7.822511e-02,1.747008e-02,-7.606640e-02,-7.424995e-02,-9.098023e-04,-1.951760e-03,5.403167e-03,9.698224e-03,1.332521e-02,9.069776e-03,5.207974e-02,4.355967e-02,-4.866180e-01,-1.421010e-03,3.417592e+02,3.046218e-03,2.377870e-03,4.950801e-02,-5.016327e-01,-1.374649e-04,5.160287e-04,4.230816e-03
321,3.210000,7.419588e-01,-1.505806e+01,1.104116e+00,-1.627065e+01,-3.731725e+01,-6.855451e+00,-3.740932e+01,-1.368939e+01,2.861129e+00,1.487211e+01,-5.826996e+00,-2.637259e+01,-1.107656e+01,-1.090444e+01,-4.701769e+00,-1.389589e+00,-1.309287e+00,1.982047e+00,2.217075e+00,5.784841e-02,7.065412e-01,-9.619047e-01,-2.263256e+00,-1.967485e+00,3.841746e-01,4.213127e-01,9.011162e-01,1.052670e+00,1.308540e+00,1.625937e+00,2.167443e+00,2.689985e+00,3.427713e+02,8.883421e-01,3.437944e-02,-6.162453e-01,2.691086e-01,-3.149258e-01,1.257984e+00,-8.311234e-01,-1.779064e-01,-3.327533e+00,2.254831e+00,-5.701877e-01,-2.402182e+00,1.114635e+00,2.468243e+00,-1.506608e-01,-1.030616e+00,1.392507e+00,2.748356e-02,-8.414210e-02,-1.052875e-01,-1.900806e-01,-4.807008e-02,1.217541e-01,-8.046267e-02,-7.706269e-02,-2.180439e-03,-1.931921e-03,-2.649772e-03,1.677802e-02,-7.133293e-03,-2.313033e-02,1.674109e-02,2.245550e-02,-4.797363e-01,-2.327859e-03,3.412698e+02,3.269133e-03,2.700653e-03,5.160027e-02,-4.590912e-01,1.860306e-04,2.888531e-04,-9.441663e-04
322,3.220000,8.506907e-01,-1.581208e+01,1.398594e+00,-1.683824e+01,-3.541470e+01,-8.361386e+00,-3.708331e+01,-1.841546e+01,5.102581e+00,1.377240e+01,-9.238185e+00,-2.496906e+01,-8.203905e+00,-1.200583e+01,-4.990824e+00,-1.271521e-01,-1.254703e+00,1.859728e+00,2.069508e+00,-1.663738e-01,6.460807e-01,-8.299335e-01,-2.358060e+00,-2.039546e+00,3.828781e-01,4.183832e-01,8.945882e-01,1.067617e+00,1.283105e+00,1.580181e+00,2.154133e+00,2.684757e+00,3.423192e+02,8.860734e-01,-2.683325e-02,-6.305364e-01,-6.260578e-02,-1.625601e-01,2.161024e+00,-6.987396e-01,-7.140290e-01,-3.246415e+00,3.126589e+00,-1.489946e+00,-3.066353e+00,1.266604e+00,2.333952e+00,-4.923570e-01,-1.558236e+00,1.613739e+00,9.269809e-03,-1.434372e-01,-1.659429e-01,-2.567733e-01,-3.817574e-02,1.854767e-01,-8.636322e-02,-3.954225e-02,-2.989221e-03,-2.729583e-03,-8.486390e-04,2.487406e-02,-2.275230e-02,-3.643372e-02,-1.593759e-02,-9.689832e-03,-4.870728e-01,-4.188740e-03,3.409631e+02,3.633677e-03,3.010013e-03,5.388381e-02,-5.090515e-01,-7.215166e-05,-1.422986e-05,-1.776531e-03
323,3.230000,7.509632e-01,-1.636383e+01,1.271897e+00,-1.707612e+01,-3.275027e+01,-8.783811e+00,-3.770097e+01,-2.260063e+01,9.075665e+00,1.311457e+01,-1.325569e+01,-2.368782e+01,-4.094146e+00,-1.333511e+01,-7.768351e+00,3.065562e+00,-1.264496e+00,1.698857e+00,1.882708e+00,-4.581634e-01,6.933951e-01,-5.393549e-01,-2.447142e+00,-2.071073e+00,3.759324e-01,4.147322e-01,8.731200e-01,1.093555e+00,1.225277e+00,1.481462e+00,2.087046e+00,2.658191e+00,3.418536e+02,8.811435e-01,-1.942777e-02,-4.897117e-01,-8.327373e-01,2.321030e-01,2.955377e+00,-4.968047e-01,-2.077890e+00,-9.075573e-01,2.393801e+00,-2.883088e+00,-3.114128e+00,1.951120e+00,1.170971e+00,-3.573953e-01,-6.389810e-01,6.899737e-01,-1.497519e-02,-2.223662e-01,-2.454841e-01,-2.967893e-01,-6.558219e-02,2.436022e-01,2.547431e-02,8.840335e-03,-3.051883e-03,1.058325e-03,9.571386e-03,3.223043e-02,-2.120066e-03,-1.278206e-02,-7.181668e-03,-9.701991e-03,-5.557739e-01,-8.700341e-03,3.404566e+02,3.412753e-03,2.539960e-03,3.699308e-02,-7.618530e-01,-1.014138e-04,-1.821882e-04,1.055863e-03
324,3.240000,6.888478e-01,-1.684617e+01,-5.538241e-02,-1.607729e+01,-2.939015e+01,-9.516240e+00,-3.947071e+01,-2.326549e+01,1.236192e+01,9.821248e+00,-1.730824e+01,-2.167509e+01,-4.589946e+00,-1.413726e+01,-8.703700e+00,2.878285e+00,-1.306331e+00,1.442801e+00,1.608471e+00,-8.131291e-01,5.862489e-01,-3.740158e-01,-2.462493e+00,-1.961474e+00,3.752350e-01,4.152600e-01,9.238169e-01,1.145111e+00,1.256790e+00,1.560433e+00,2.161098e+00,2.663924e+00,3.412953e+02,8.734474e-01,-3.529453e-02,-2.992279e-01,-1.898073e+00,4.002145e-01,3.957558e+00,-3.592978e-01,-4.550535e+00,3.062129e+00,2.266473e-01,-5.726496e+00,-1.261385e+00,2.331274e+00,-1.280487e+00,7.384952e-01,1.660003e-01,-3.621899e-01,-4.385488e-02,-3.216034e-01,-3.511549e-01,-3.204027e-01,-1.095634e-01,3.462598e-01,2.588533e-01,3.966721e-02,-2.426001e-03,5.691165e-03,2.022188e-02,3.928391e-02,2.398094e-02,5.949426e-03,-2.537677e-02,-3.538876e-02,-3.512970e+00,-2.082906e-02,3.396205e+02,2.613650e-03,2.387067e-03,4.792895e-02,-1.238456e+01,-2.079262e-05,-2.654899e-04,6.950422e-03
325,3.250000,7.257414e-01,-1.698957e+01,-2.332582e+00,-1.549061e+01,-2.555264e+01,-8.762048e+00,-4.660507e+01,-1.580216e+01,1.120046e+01,2.432253e+00,-1.736260e+01,-1.826398e+01,-7.028686e+00,-1.162570e+01,-6.040236e+00,5.575604e-01,-1.358349e+00,1.078680e+00,1.220173e+00,-1.102721e+00,4.085462e-01,2.814752e-02,-2.083668e+00,-1.962319e+00,3.727367e-01,4.281659e-01,9.343588e-01,1.175075e+00,1.311097e+00,1.571901e+00,2.128052e+00,2.651892e+00,3.405044e+02,8.511534e-01,5.270707e-03,-6.547817e-01,-2.783681e+00,9.623462e-01,5.118604e+00,-2.975045e-01,-4.970086e+00,6.645939e+00,-3.028929e+00,-8.256781e+00,1.093079e+00,2.295935e+00,-3.770539e+00,1.187803e+00,1.874418e+00,-7.230336e-01,-1.076953e-01,-5.203542e-01,-5.651285e-01,-3.979013e-01,-2.909570e-01,3.254097e-01,4.297539e-01,1.330923e-02,-6.033754e-03,9.829337e-03,1.132332e-02,3.849132e-02,4.421348e-02,1.040406e-02,-7.130203e-02,-6.661618e-02,-7.838745e+00,-3.711469e-02,3.381318e+02,3.272078e-03,2.101185e-03,5.985702e-02,-4.055775e+01,9.460303e-05,-2.716894e-04,6.029545e-03
326,3.260000,6.868289e-01,-1.699535e+01,-6.289533e+00,-1.562992e+01,-1.922572e+01,-1.016876e+01,-5.538394e+01,-6.504047e+00,5.173419e+00,-9.518918e+00,-1.349165e+01,-1.602462e+01,-1.313907e+01,-9.168052e+00,-5.024880e+00,-6.841004e-01,-1.427051e+00,5.617995e-01,6.450015e-01,-1.446108e+00,2.406881e-01,6.176146e-01,-1.245531e+00,-1.895587e+00,3.723460e-01,4.401222e-01,9.650782e-01,1.223277e+00,1.360099e+00,1.564709e+00,2.006746e+00,2.510963e+00,3.254290e+02,7.969232e-01,-4.606063e-02,-1.514262e+00,-2.733611e+00,2.326167e+00,5.500731e+00,-3.035801e-01,-2.360576e+00,7.255953e+00,-5.333176e+00,-8.470678e+00,3.321372e+00,2.297372e+00,-4.123575e+00,8.127111e-01,3.383775e+00,-1.594032e-01,-2.103807e-01,-7.157933e-01,-7.974204e-01,-5.203580e-01,-5.770892e-01,1.109889e-01,3.527751e-01,-5.089179e-02,-1.255803e-02,1.536594e-02,-1.083020e-02,2.644675e-02,4.187870e-02,-7.589221e-03,-1.213580e-01,-1.009120e-01,-1.202510e+01,-5.022600e-02,2.802027e+02,3.600052e-03,1.901951e-03,7.720395e-02,-7.393845e+01,-1.714244e-04,-4.027177e-04,-5.070831e-03
327,3.270000,7.783262e-01,-1.956315e+01,-9.529431e+00,-1.248807e+01,-1.223946e+01,-9.945075e+00,-5.459479e+01,2.248343e+00,-2.474726e+00,-1.849925e+01,-9.698594e+00,-1.503338e+01,-1.867228e+01,-9.880692e+00,-2.356725e-01,1.231587e+00,-1.742612e+00,-4.624133e-01,-4.611998e-01,-2.131180e+00,-5.886098e-01,5.918785e-01,-9.068542e-01,-2.037470e+00,3.472082e-01,4.514478e-01,9.091060e-01,1.246929e+00,1.394690e+00,1.531345e+00,1.807712e+00,2.401591e+00,3.105930e+02,7.338322e-01,-1.058102e-01,-2.795568e+00,-1.853850e+00,4.045136e+00,4.564809e+00,-4.539936e-01,3.140516e+00,4.925182e+00,-4.240275e+00,-6.113108e+00,4.198996e+00,2.384553e+00,-2.104927e+00,2.506283e-01,4.409891e+00,2.705533e-01,-4.045808e-01,-8.751891e-01,-9.572867e-01,-6.540231e-01,-9.097328e-01,-3.364360e-01,-3.712068e-02,-1.069832e-01,-1.740094e-02,1.516266e-02,-2.963756e-02,7.337844e-03,3.436919e-02,-3.469050e-03,-1.096399e-01,-9.380443e-02,-1.180614e+01,-5.066632e-02,1.673768e+02,3.392567e-03,1.424071e-03,5.250331e-02,-9.011605e+01,-8.447923e-04,-5.392286e-04,-1.706663e-02
328,3.280000,4.322523e-01,-2.313069e+01,-1.012501e+01,-5.947723e+00,-8.543078e+00,-1.044263e+01,-4.727874e+01,3.989022e+00,-7.466362e+00,-2.206639e+01,-4.533390e+00,-1.180352e+01,-1.938602e+01,-1.094621e+01,5.312893e+00,1.744255e+00,-2.166102e+00,-1.365619e+00,-1.537945e+00,-2.900689e+00,-1.800619e+00,-1.009369e-01,-1.287024e+00,-2.178357e+00,3.252091e-01,4.804488e-01,8.822923e-01,1.241418e+00,1.424387e+00,1.542765e+00,1.714479e+00,2.284515e+00,2.961255e+02,6.809780e-01,-1.546500e-01,-3.370047e+00,-5.381595e-01,4.577440e+00,2.650219e+00,-7.869479e-01,6.407726e+00,2.536686e+00,-1.180112e+00,-2.720789e+00,3.898898e+00,2.576474e+00,1.668202e+00,1.500690e+00,4.928672e+00,-7.356034e-01,-5.524474e-01,-8.327038e-01,-8.584732e-01,-6.490887e-01,-1.017387e+00,-6.299006e-01,-3.701187e-01,-1.630869e-01,-1.685908e-02,1.372677e-02,-2.676251e-02,-4.176283e-03,3.295393e-02,9.239256e-03,-4.123595e-02,-3.182490e-02,-7.307456e+00,-3.530872e-02,5.530579e+01,1.696283e-03,7.120355e-04,2.625165e-02,-7.277821e+01,-1.059267e-03,-5.227973e-04,-2.069112e-02
329,3.290000,3.239785e-01,-2.789974e+01,-9.684093e+00,-1.060264e-01,-8.069919e+00,-1.089508e+01,-3.495509e+01,3.577214e+00,-3.681021e+00,-2.185955e+01,-8.467577e-01,-8.451760e+00,-1.442984e+01,-9.483483e+00,1.084033e+01,6.961487e-01,-3.011728e+00,-2.333556e+00,-2.474787e+00,-3.645546e+00,-3.119464e+00,-1.294757e+00,-2.248525e+00,-2.355850e+00,3.093004e-01,4.838159e-01,8.275639e-01,1.202694e+00,1.450799e+00,1.565527e+00,1.725986e+00,2.296094e+00,2.961255e+02,6.557943e-01,-1.498991e-01,-2.735405e+00,7.137556e-02,3.133249e+00,1.317003e+00,-1.335792e+00,6.006974e+00,1.180069e+00,1.776287e+00,3.106575e-01,3.648804e+00,2.272955e+00,3.483598e+00,3.318083e+00,3.744475e+00,-2.342663e+00,-5.945352e-01,-6.062158e-01,-5.590642e-01,-4.828538e-01,-7.732413e-01,-5.482839e-01,-3.715466e-01,-1.458266e-01,-1.418559e-02,6.383193e-03,-1.277011e-02,-5.314589e-03,2.990173e-02,1.720082e-02,7.565224e-03,3.024204e-02,-2.893512e+00,-1.568525e-02,0,0,0,0,-3.900593e+01,-8.481417e-04,-3.560177e-04,-1.312583e-02
330,3.300000,1.407526e-01,-2.967729e+01,-8.903000e+00,1.066260e+00,-8.059401e+00,-1.362849e+01,-3.316516e+01,5.514948e+00,-1.239955e-01,-2.144272e+01,1.576920e+00,-6.433058e+00,-6.919277e+00,-1.863208e+00,1.408048e+01,-4.094398e+00,-3.554731e+00,-2.666148e+00,-2.640571e+00,-3.934369e+00,-3.580819e+00,-1.588570e+00,-2.425289e+00,-2.551831e+00,3.070045e-01,4.925720e-01,8.720366e-01,1.224513e+00,1.496814e+00,1.593814e+00,1.841429e+00,2.404587e+00,2.961255e+02,6.593985e-01,-5.877765e-02,-1.156223e+00,7.373343e-02,8.763798e-01,1.242696e+00,-1.211916e+00,1.410509e+00,8.523644e-01,1.450101e+00,1.288783e+00,3.706774e+00,1.262946e+00,1.868487e+00,4.065711e+00,2.404463e+00,-2.754708e+00,-3.673908e-01,-2.399077e-01,-2.147232e-01,-2.329308e-01,-3.203486e-01,-1.079306e-01,-4.931862e-02,-1.001054e-01,-1.237111e-02,-2.565941e-03,1.595628e-03,8.106256e-03,2.632785e-02,1.262895e-02,1.514235e-02,7.663424e-02,9.185181e-02,4.562438e-03,0,0,0,0,9.047943e+00,-3.392567e-04,-1.424071e-04,9.465391e-03
331,3.310000,1.745807e-01,-2.996688e+01,-9.783560e+00,-3.288191e-01,-5.896286e+00,-1.503110e+01,-3.161670e+01,7.385723e+00,2.735524e+00,-1.725780e+01,5.490272e+00,-6.353841e+00,-7.487663e+00,2.168225e+00,1.410291e+01,-7.562403e+00,-4.020975e+00,-2.843228e+00,-2.705208e+00,-4.028609e+00,-3.564716e+00,-1.405724e+00,-2.195455e+00,-2.579866e+00,2.853825e-01,4.773022e-01,8.503832e-01,1.228809e+00,1.507985e+00,1.591824e+00,1.782063e+00,2.492765e+00,2.961255e+02,6.661957e-01,1.383913e-02,8.479273e-01,1.577669e-01,-7.620701e-01,1.736788e+00,-7.924151e-01,-3.597950e+00,1.977797e-01,-1.223367e+00,1.228668e+00,4.075017e+00,1.279297e+00,-8.785412e-01,2.310594e+00,9.051243e-01,-2.144622e+00,4.400916e-02,2.117049e-01,8.823409e-02,3.541582e-02,1.615224e-01,3.854840e-01,3.301362e-01,-1.585617e-02,-1.158820e-02,-1.029015e-02,7.741511e-03,1.902574e-02,1.395887e-02,1.992226e-03,-2.020736e-02,2.797563e-02,3.487884e-01,2.392054e-02,0,0,0,0,5.047387e+01,5.780838e-03,9.889967e-03,4.347360e-02
332,3.320000,2.130629e-01,-2.787823e+01,-9.706612e+00,-1.454427e+00,-3.416416e+00,-1.443420e+01,-4.189539e+01,6.346590e+00,-3.424131e+00,-1.792335e+01,1.083196e+01,-6.537752e+00,-1.351468e+01,3.556498e+00,1.570392e+01,-7.900008e+00,-3.498433e+00,-2.310322e+00,-2.496351e+00,-3.873812e+00,-3.179736e+00,-5.851063e-01,-1.560153e+00,-2.566877e+00,2.753125e-01,4.708760e-01,8.788608e-01,1.268892e+00,1.527433e+00,1.592761e+00,1.762152e+00,2.569350e+00,2.965847e+02,6.985895e-01,7.219705e-02,2.379706e+00,5.632199e-01,-1.837469e+00,1.283862e+00,8.349228e-03,-6.396972e+00,-9.690913e-01,-2.822556e+00,7.938339e-01,2.361334e+00,1.965549e+00,-2.019584e+00,-7.564093e-01,-7.984200e-01,-1.204699e-01,4.242449e-01,5.820453e-01,3.403112e-01,2.860144e-01,5.488287e-01,6.291972e-01,4.747210e-01,5.852876e-02,-2.992627e-03,-1.695405e-02,1.254869e-02,2.135463e-02,-4.367149e-03,-1.000564e-02,-3.111320e-02,-1.962829e-02,7.468170e-01,4.156561e-02,1.005455e+02,0,0,7.357860e-02,8.090770e+01,1.242987e-02,1.795968e-02,6.066187e-02
333,3.330000,3.570190e-01,-2.455963e+01,-8.493452e+00,-2.656034e+00,-1.707471e+00,-1.445430e+01,-4.857973e+01,4.150292e+00,-8.147787e+00,-1.747590e+01,1.490081e+01,-2.002929e+00,-1.552485e+01,-6.403657e-01,1.455423e+01,-8.124154e+00,-2.819831e+00,-1.452945e+00,-2.105727e+00,-3.498746e+00,-2.512394e+00,1.309308e-01,-1.030412e+00,-2.427609e+00,2.672054e-01,4.432132e-01,8.628594e-01,1.275633e+00,1.505284e+00,1.576015e+00,1.664588e+00,2.353590e+00,2.976398e+02,7.558015e-01,8.246207e-02,3.088296e+00,1.299077e+00,-2.745759e+00,-7.422241e-01,8.017920e-01,-5.820994e+00,-1.627351e+00,-1.327474e+00,8.702700e-01,-1.104352e+00,1.591668e+00,-1.265122e+00,-3.335004e+00,-3.362079e+00,8.063058e-01,6.121733e-01,8.023787e-01,5.987030e-01,5.145110e-01,7.851321e-01,5.753160e-01,3.767328e-01,8.970847e-02,9.994199e-03,-1.582374e-02,1.859623e-02,1.159350e-02,-2.266595e-02,-2.212971e-02,-6.806850e-03,-3.204637e-02,1.068448e+00,5.281291e-02,2.020966e+02,2.890419e-02,4.944983e-02,1.805787e-01,8.100014e+01,1.483819e-02,2.081638e-02,4.517629e-02
334,3.340000,4.105187e-01,-2.048238e+01,-6.731954e+00,-6.957480e+00,-3.734498e+00,-1.387515e+01,-5.666851e+01,2.287207e+00,-8.795120e+00,-1.736450e+01,8.678322e+00,1.219229e+00,-1.299860e+01,-4.240959e+00,9.862716e+00,-4.415872e+00,-2.034078e+00,-4.510630e-01,-1.238756e+00,-2.769229e+00,-1.362837e+00,7.890880e-01,-6.342050e-01,-2.335316e+00,3.011299e-01,4.248463e-01,9.285420e-01,1.307874e+00,1.476329e+00,1.551691e+00,1.744601e+00,2.376033e+00,2.991024e+02,8.224236e-01,4.594537e-02,2.748596e+00,1.730188e+00,-3.973169e+00,-3.683289e+00,1.136679e+00,-1.351550e+00,-2.929871e+00,2.512835e+00,3.679749e+00,-5.371509e+00,-8.116589e-01,-2.569231e-01,-5.009327e+00,-6.639594e+00,7.889178e-01,5.006176e-01,8.042088e-01,7.818084e-01,6.735469e-01,8.722624e-01,2.688765e-01,7.737292e-02,9.079599e-02,2.009424e-02,-1.112990e-02,8.101970e-03,-1.571661e-02,-4.485426e-02,-3.457582e-02,2.108354e-02,1.752415e-02,1.026428e+00,4.620730e-02,3.034902e+02,4.769725e-02,6.507347e-02,2.130200e-01,5.025462e+01,7.051776e-03,6.933266e-03,2.603963e-04
335,3.350000,4.881631e-01,-1.822333e+01,-4.775506e+00,-1.130608e+01,-9.448365e+00,-1.130167e+01,-5.333511e+01,1.278662e+00,-1.216352e+00,-1.318588e+01,1.045333e+00,-2.273992e+00,-1.407131e+01,-1.060807e+01,2.131157e-01,-5.272942e+00,-1.692285e+00,2.390364e-01,-3.404900e-01,-2.008345e+00,-5.475056e-01,7.837588e-01,-7.747645e-01,-2.247104e+00,3.224448e-01,4.211983e-01,9.185238e-01,1.267285e+00,1.420207e+00,1.501711e+00,1.756804e+00,2.429192e+00,3.002089e+02,8.683432e-01,3.469031e-02,1.740316e+00,2.028319e+00,-4.379346e+00,-6.350727e+00,1.637849e+00,2.881830e+00,-4.942023e+00,5.336308e+00,6.822835e+00,-7.397867e+00,-4.284654e+00,-8.786269e-02,-5.250271e+00,-8.253709e+00,-1.487923e-01,3.106272e-01,7.132701e-01,8.272673e-01,6.981395e-01,7.819519e-01,-4.492589e-02,-2.732432e-01,4.337649e-02,2.040462e-02,-6.572816e-03,-1.261117e-02,-4.045478e-02,-6.069304e-02,-4.959230e-02,3.103032e-02,6.704173e-02,5.107147e-01,2.829438e-02,3.035283e+02,5.034234e-02,7.154516e-02,1.561607e-01,1.870524e+01,-6.789434e-03,-1.202094e-02,-3.641179e-02
336,3.360000,3.772177e-01,-1.730341e+01,-2.914646e+00,-1.699524e+01,-1.796242e+01,-1.032712e+01,-4.627544e+01,-6.866951e+00,5.674326e+00,-1.669613e+00,-9.097844e+00,-1.046052e+01,-1.552606e+01,-1.650629e+01,-1.032349e+01,-5.381025e+00,-1.559117e+00,8.647313e-01,5.300729e-01,-1.251278e+00,1.991317e-01,4.328623e-01,-1.301112e+00,-2.203149e+00,3.481639e-01,4.262339e-01,8.915384e-01,1.194483e+00,1.345700e+00,1.457034e+00,1.821462e+00,2.619170e+00,3.004323e+02,8.733552e-01,6.552508e-02,8.468399e-01,2.382914e+00,-3.702120e+00,-7.372583e+00,1.221468e+00,6.087161e+00,-6.560052e+00,5.417312e+00,9.061005e+00,-5.760078e+00,-5.267087e+00,8.658907e-01,-3.765367e+00,-6.986413e+00,-1.551687e+00,9.985317e-02,6.063321e-01,7.195830e-01,6.264060e-01,5.752234e-01,-2.972366e-01,-5.093509e-01,-1.678371e-03,1.095394e-02,-6.265995e-03,-3.865140e-02,-5.992096e-02,-7.085513e-02,-5.440094e-02,2.218628e-03,4.698424e-02,-3.413635e-01,1.039933e-02,3.011027e+02,2.453980e-02,2.361867e-02,8.708958e-02,-2.897598e+00,-1.260856e-02,-1.824578e-02,-4.079036e-02
337,3.370000,5.471210e-01,-1.744753e+01,-2.605111e-01,-1.953388e+01,-2.634715e+01,-8.039073e+00,-3.936711e+01,-1.598274e+01,1.129903e+01,8.790835e+00,-1.320044e+01,-1.758633e+01,-1.470043e+01,-2.075906e+01,-1.662121e+01,-8.385539e+00,-1.504175e+00,1.455509e+00,1.146196e+00,-7.670235e-01,6.163813e-01,8.441415e-02,-2.063174e+00,-2.276810e+00,3.457114e-01,4.096553e-01,8.183053e-01,1.130055e+00,1.267133e+00,1.375382e+00,1.781309e+00,2.567230e+00,2.995284e+02,8.718076e-01,1.331657e-01,5.254170e-01,2.548348e+00,-2.245945e+00,-6.532684e+00,4.106914e-01,5.806080e+00,-5.796588e+00,2.946373e+00,8.179969e+00,-1.674318e+00,-2.822524e+00,2.926355e+00,-1.987587e-01,-2.992001e+00,-1.811633e+00,-3.746637e-02,5.035680e-01,5.339475e-01,5.065939e-01,3.485855e-01,-3.882162e-01,-5.006415e-01,-4.045224e-02,3.454855e-03,-7.152298e-03,-3.825205e-02,-5.664667e-02,-6.136925e-02,-3.529501e-02,5.314064e-03,1.935859e-02,-1.174448e+00,6.631613e-04,2.968166e+02,6.535744e-03,1.007251e-02,6.148498e-02,-3.673700e+00,-1.043539e-02,-1.544187e-02,-2.926927e-02
338,3.380000,7.086652e-01,-1.663608e+01,2.925118e+00,-2.135418e+01,-3.214803e+01,-9.399102e+00,-3.321670e+01,-2.188235e+01,1.203375e+01,1.695217e+01,-1.299918e+01,-1.746004e+01,-8.354589e+00,-1.799230e+01,-1.665219e+01,-1.061801e+01,-1.628868e+00,1.972361e+00,1.615816e+00,-2.578595e-01,9.313369e-01,-3.474227e-01,-2.536755e+00,-2.328855e+00,3.442663e-01,3.992878e-01,7.853942e-01,1.076884e+00,1.198590e+00,1.342851e+00,1.743442e+00,2.541935e+00,2.977358e+02,8.726881e-01,1.988292e-01,5.680162e-01,2.361724e+00,-4.751467e-01,-3.999630e+00,-4.878687e-01,4.338895e+00,-2.645119e+00,4.576644e-01,4.586639e+00,2.741869e+00,7.754016e-01,4.418948e+00,3.669159e+00,1.119092e+00,-1.693173e+00,-1.139364e-01,3.501378e-01,3.089582e-01,3.509827e-01,1.028244e-01,-3.952333e-01,-2.989146e-01,-2.954779e-02,-3.339928e-03,-5.558899e-03,-3.062421e-02,-4.559877e-02,-4.308062e-02,-4.836035e-03,-6.870246e-03,-2.339396e-02,-1.646649e+00,-1.893234e-03,2.923581e+02,6.557734e-03,4.580872e-03,5.640609e-02,-3.063241e+00,-3.182030e-03,-4.799478e-03,-1.536944e-02
339,3.390000,9.882679e-01,-1.592991e+01,5.046351e+00,-2.035634e+01,-3.501898e+01,-9.712218e+00,-3.083408e+01,-2.019658e+01,1.033580e+01,1.840308e+01,-5.375587e+00,-1.288685e+01,-3.025272e+00,-1.085886e+01,-1.158254e+01,-1.171262e+01,-1.844742e+00,2.203061e+00,1.786375e+00,2.791546e-02,8.293192e-01,-7.671798e-01,-2.660151e+00,-2.386512e+00,3.416679e-01,3.989099e-01,7.803357e-01,1.042851e+00,1.186916e+00,1.382328e+00,1.822384e+00,2.564603e+00,2.956849e+02,8.719925e-01,1.222051e-01,5.117782e-01,1.712375e+00,6.433302e-01,-1.163365e+00,-1.154231e+00,1.796370e+00,7.599811e-02,-1.299094e+00,1.150103e+00,4.837954e+00,3.432944e+00,4.762431e+00,5.604522e+00,3.197242e+00,-7.399994e-01,-1.221932e-01,1.959182e-01,1.132202e-01,1.588453e-01,-7.786250e-02,-3.157638e-01,-9.052579e-02,-2.475519e-02,-4.641918e-03,-1.493230e-03,-1.092122e-02,-2.740533e-02,-1.477304e-02,3.215145e-02,3.238178e-02,-7.914948e-03,-1.701758e+00,-1.024467e-02,2.895321e+02,7.156448e-03,3.854717e-03,2.515610e-02,-1.867062e+00,3.633761e-04,-1.447305e-03,-1.074628e-02
340,3.400000,1.150790e+00,-1.522214e+01,6.240543e+00,-1.895975e+01,-3.362465e+01,-1.192989e+01,-2.884748e+01,-1.798563e+01,8.444261e+00,1.645746e+01,6.990750e-01,-8.933246e+00,7.310964e-01,-3.110592e+00,-7.247366e+00,-1.218335e+01,-1.958516e+00,2.241644e+00,1.754774e+00,1.061666e-01,6.067848e-01,-1.117507e+00,-2.497196e+00,-2.296037e+00,3.334861e-01,4.038121e-01,7.574022e-01,1.010091e+00,1.170406e+00,1.429381e+00,1.766573e+00,2.503514e+00,2.941208e+02,8.637965e-01,2.175947e-02,1.135499e-01,6.301649e-01,1.589561e+00,1.641753e+00,-1.233135e+00,-1.158864e+00,7.270641e-01,-1.572286e+00,-2.029329e+00,4.803755e+00,3.730292e+00,3.576904e+00,4.045911e+00,1.524205e+00,-1.039729e-01,-5.631506e-02,7.531039e-02,-4.940226e-02,-1.129711e-01,-2.002846e-01,-1.332373e-01,5.282266e-02,1.063235e-02,-5.294824e-03,-2.502677e-03,8.560526e-03,-1.262653e-03,1.265022e-02,5.290465e-02,6.146388e-02,2.110791e-03,-1.417157e+00,-7.202808e-02,2.894287e+02,8.319302e-03,2.730174e-03,2.840683e-02,-2.000093e+01,-5.257126e-04,-3.326840e-04,-8.606652e-03
341,3.410000,9.370838e-01,-1.559561e+01,6.643652e+00,-1.751445e+01,-3.142566e+01,-1.254483e+01,-3.256987e+01,-1.755112e+01,6.598305e+00,1.478870e+01,4.140196e+00,-4.685006e+00,4.568880e+00,-1.773000e-01,-5.337409e+00,-1.130286e+01,-1.950317e+00,2.300458e+00,1.642818e+00,-1.548100e-01,3.893449e-01,-1.109362e+00,-2.535583e+00,-2.416995e+00,3.278920e-01,3.999270e-01,7.776952e-01,1.026425e+00,1.207360e+00,1.492874e+00,1.931652e+00,2.546865e+00,2.928271e+02,8.250300e-01,-1.269018e-01,-8.241256e-01,-2.177942e-01,2.766073e+00,3.948380e+00,-1.264024e+00,-2.275265e+00,4.062054e-01,-1.127179e+00,-3.314405e+00,3.651756e+00,2.540618e+00,2.987635e+00,8.479729e-01,-1.465997e+00,-2.491844e-01,-1.712790e-02,-9.212188e-02,-2.472853e-01,-4.309085e-01,-3.572370e-01,-7.922283e-02,5.133476e-02,-9.363699e-03,-4.815927e-03,-7.714340e-03,1.943568e-02,2.247136e-02,2.853789e-02,5.436857e-02,6.910263e-02,2.809975e-02,-1.441861e+00,-1.095694e-01,2.889460e+02,7.471841e-03,3.761334e-03,2.175323e-02,-3.067236e+01,-1.522148e-03,-3.453033e-04,-5.367112e-03
342,3.420000,8.430546e-01,-1.623548e+01,5.277292e+00,-1.482733e+01,-2.573592e+01,-1.414847e+01,-3.814312e+01,-1.956977e+01,6.041069e+00,8.612710e+00,6.261701e+00,-2.909502e+00,5.732858e+00,-3.103521e+00,-1.215373e+01,-1.134275e+01,-1.857656e+00,2.300215e+00,1.440584e+00,-7.313524e-01,1.499012e-01,-8.425180e-01,-2.334925e+00,-2.260452e+00,3.246801e-01,3.862659e-01,8.295171e-01,1.078784e+00,1.251619e+00,1.552101e+00,1.996127e+00,2.561357e+00,2.920789e+02,5.360289e-01,-1.587875e-01,-2.136382e+00,-9.175127e-01,4.512450e+00,5.756995e+00,-5.427999e-01,-7.098362e-01,6.785301e-01,-2.593671e-01,-4.041860e+00,1.665136e+00,6.022191e-02,1.498174e+00,-2.031044e+00,-2.720132e+00,-2.034260e-01,-1.697018e-02,-4.597408e-01,-5.617656e-01,-7.511585e-01,-6.016995e-01,-2.225038e-01,-4.912119e-02,-5.513089e-02,-1.364543e-02,-1.132449e-02,9.029401e-03,2.989633e-02,3.465555e-02,4.938847e-02,4.137255e-02,3.767705e-02,-1.666089e+00,-1.109384e-01,1.926465e+02,3.771475e-03,2.964143e-03,1.507427e-02,-3.149517e+01,-1.267247e-04,1.494622e-04,4.389364e-03
343,3.430000,5.076268e-01,-1.954387e+01,4.439005e+00,-8.592191e+00,-1.922144e+01,-1.492305e+01,-3.756259e+01,-1.737348e+01,5.901505e+00,5.753426e+00,1.010188e+01,-3.195633e+00,9.412021e+00,-6.622527e+00,-1.645934e+01,-1.337884e+01,-1.980812e+00,1.713166e+00,7.070441e-01,-1.707868e+00,-7.284243e-01,-1.300789e+00,-2.484612e+00,-2.451123e+00,3.219912e-01,3.691113e-01,8.414567e-01,1.120861e+00,1.288998e+00,1.592811e+00,2.053120e+00,2.676180e+00,2.894966e+02,4.880292e-01,-1.124750e-01,-2.906376e+00,-1.343533e+00,5.316804e+00,6.051132e+00,5.368896e-01,2.429059e+00,1.332358e+00,5.616333e-01,-3.732375e+00,-4.447562e-01,-1.392808e+00,7.489282e-01,-2.487920e+00,-1.006714e+00,2.949923e-01,-1.028360e-01,-8.217703e-01,-8.460965e-01,-8.489115e-01,-7.461587e-01,-4.223371e-01,-1.525199e-01,-6.450832e-02,-1.812390e-02,-4.538149e-04,-8.440572e-03,1.859728e-02,2.387815e-02,2.386681e-02,-4.543895e-02,1.409149e-02,-1.853610e+00,-2.117496e-02,1.845614e+02,1.819623e-03,2.011216e-03,4.986827e-03,-2.416203e+00,4.758214e-03,2.636831e-03,2.580041e-02
344,3.440000,5.715812e-01,-2.392992e+01,2.755303e+00,-8.586249e-01,-1.094178e+01,-1.345478e+01,-2.990030e+01,-1.468179e+01,7.495825e+00,7.658036e-01,6.043912e+00,-9.376822e+00,5.800396e+00,-1.004320e+01,-1.528706e+01,-1.216249e+01,-2.028120e+00,2.365853e-01,-5.861669e-01,-2.873097e+00,-1.842828e+00,-2.134313e+00,-2.768287e+00,-2.554627e+00,2.682093e-01,3.625976e-01,7.706685e-01,1.112354e+00,1.302864e+00,1.626355e+00,1.912701e+00,2.627242e+00,2.874557e+02,4.776051e-01,-8.178557e-02,-2.400728e+00,-1.425696e+00,4.304247e+00,4.108075e+00,1.059984e+00,3.176207e+00,1.656974e+00,1.330531e+00,-2.799895e+00,-2.396097e+00,-1.354276e-01,-1.989631e-01,-1.081974e+00,2.900246e+00,1.828601e+00,-1.546941e-01,-8.281204e-01,-7.968197e-01,-6.534449e-01,-6.245362e-01,-3.840609e-01,-1.892463e-01,-2.232356e-02,-1.729921e-02,9.145808e-03,-9.548670e-03,1.507683e-02,2.053087e-02,1.394867e-02,-5.158464e-02,2.896070e-04,-1.390314e+00,7.788467e-02,1.841451e+02,1.051179e-02,4.352544e-03,5.873686e-02,2.915593e+01,1.129946e-02,7.890576e-03,5.644324e-02
345,3.450000,5.104457e-01,-2.628027e+01,1.186983e+00,2.085223e+00,-8.567070e+00,-1.020723e+01,-2.454599e+01,-1.333331e+01,8.679093e+00,5.027890e-02,2.025310e+00,-8.415387e+00,8.279752e+00,-9.147058e+00,-8.804315e+00,-9.418029e+00,-2.379265e+00,-7.765785e-01,-1.574289e+00,-3.328495e+00,-2.345084e+00,-2.575150e+00,-3.081501e+00,-2.592449e+00,2.655079e-01,4.094921e-01,7.649166e-01,1.102626e+00,1.301128e+00,1.575081e+00,1.746170e+00,2.584380e+00,2.858707e+02,7.483671e-01,-6.439887e-02,-5.547705e-01,-1.367252e+00,1.839642e+00,9.516913e-01,3.358901e-01,5.124701e-01,1.495349e+00,1.455227e+00,-1.873771e+00,-2.352627e+00,2.872456e+00,-1.594187e+00,8.241286e-02,4.406217e+00,2.797811e+00,-1.211533e-01,-3.481420e-01,-3.346166e-01,-2.228597e-01,-2.513247e-01,-2.539530e-02,-4.350500e-02,1.205560e-01,-2.386498e-03,1.281881e-02,-4.162014e-04,1.912701e-02,1.898950e-02,-4.469561e-03,-3.792150e-02,-2.142260e-02,-2.506531e-01,1.014795e-01,2.811156e+02,2.789275e-02,1.625129e-02,1.289240e-01,3.232470e+01,1.300950e-02,1.114876e-02,5.518494e-02
346,3.460000,4.327173e-01,-2.487092e+01,-2.251766e-01,1.355203e+00,-1.052273e+01,-1.120646e+01,-2.877039e+01,-1.330498e+01,1.130493e+01,-2.535190e+00,-1.680499e+00,-9.767625e-01,5.304177e+00,-7.251123e+00,-1.480015e+00,-4.180148e+00,-2.431899e+00,-5.955145e-01,-1.402848e+00,-3.188263e+00,-2.164450e+00,-2.125642e+00,-2.982713e+00,-2.301407e+00,2.664258e-01,4.118045e-01,8.200437e-01,1.163286e+00,1.348209e+00,1.630709e+00,1.891679e+00,2.608705e+00,2.869403e+02,7.952833e-01,-7.304654e-02,1.039220e+00,-8.549037e-01,8.318107e-02,-1.985763e+00,-1.235109e+00,-2.980450e+00,2.687119e+00,2.677805e-01,-4.240616e-01,-3.173997e-01,4.501352e+00,-3.570616e+00,-2.068100e-01,4.100213e+00,1.975550e+00,5.378342e-03,2.561592e-01,2.356822e-01,1.425017e-01,-1.656464e-02,2.863026e-01,1.104011e-01,1.488056e-01,1.203966e-02,1.309574e-04,-1.544845e-03,2.406242e-02,2.702274e-02,-1.151736e-02,2.487526e-02,-4.251719e-03,8.124054e-01,8.391843e-02,2.901491e+02,4.723221e-02,3.529699e-02,2.353219e-01,2.343917e+01,7.089098e-03,8.093066e-03,2.539756e-02
347,3.470000,2.550644e-01,-2.184722e+01,-9.070151e-01,-5.008945e-01,-1.467251e+01,-1.436776e+01,-3.556520e+01,-1.058515e+01,1.127309e+01,-1.964935e+00,2.200948e+00,6.966620e+00,1.689198e+00,-7.606501e+00,-1.331776e+00,-3.380958e+00,-2.384689e+00,3.885061e-01,-5.576984e-01,-2.664583e+00,-1.824237e+00,-1.432101e+00,-2.594925e+00,-1.974953e+00,3.109505e-01,4.086019e-01,8.146880e-01,1.191031e+00,1.361274e+00,1.568286e+00,1.874024e+00,2.578336e+00,2.885010e+02,8.365877e-01,-1.254785e-03,1.288480e+00,-4.906869e-01,-4.514463e-02,-3.204000e+00,-2.411659e+00,-3.781921e+00,4.278600e+00,-1.894068e+00,1.070140e-01,1.041326e+00,1.954418e+00,-6.362772e+00,-1.759259e+00,1.743640e+00,2.312321e-01,1.498486e-01,4.745037e-01,4.896085e-01,2.413565e-01,-8.297238e-02,2.755086e-01,1.661294e-01,8.324476e-02,1.255526e-02,-1.266577e-02,-2.949995e-02,8.306575e-03,3.420643e-02,-1.528686e-02,4.843606e-02,3.144622e-03,1.559345e+00,2.755502e-02,2.931830e+02,4.850690e-02,4.228280e-02,1.926190e-01,3.800171e+00,-2.581919e-03,-8.774290e-04,-2.134817e-02
348,3.480000,3.340391e-01,-2.095035e+01,-4.722166e-01,8.503392e-01,-1.781787e+01,-1.755006e+01,-3.929295e+01,-2.620285e+00,7.537730e+00,-3.468970e-01,4.369094e+00,5.438933e+00,-8.757408e+00,-1.184753e+01,1.477736e+00,-5.303281e+00,-1.998516e+00,9.348388e-01,8.394841e-02,-2.492544e+00,-2.186075e+00,-1.274325e+00,-2.459570e+00,-2.119348e+00,3.056863e-01,3.636974e-01,7.380586e-01,1.188464e+00,1.407905e+00,1.572166e+00,1.973151e+00,2.609006e+00,2.902026e+02,8.530869e-01,8.261897e-02,3.369007e-01,-6.152523e-01,4.081520e-01,-3.171822e+00,-2.600829e+00,-2.433892e+00,4.857901e+00,-4.813298e+00,4.531603e-01,1.370771e+00,-1.644930e+00,-6.725372e+00,-2.629045e+00,-9.187234e-03,-1.648158e+00,1.473154e-01,2.890549e-01,3.385568e-01,1.338592e-01,-2.978516e-01,5.223858e-02,1.097588e-01,-5.359641e-02,9.836316e-03,-1.129758e-02,-4.097236e-02,-1.051405e-02,3.815459e-02,-1.318095e-02,5.510490e-02,1.568670e-02,1.795120e+00,1.519712e-02,2.953073e+02,3.565020e-02,3.180211e-02,1.538772e-01,2.502469e+00,-1.005724e-02,-9.155492e-03,-4.596088e-02
349,3.490000,5.535108e-01,-2.179815e+01,-1.142932e+00,2.111932e+00,-2.093950e+01,-1.909372e+01,-3.819431e+01,2.717342e+00,1.092355e+00,-5.087976e-01,4.207144e+00,-1.851145e+00,-1.650332e+01,-1.564515e+01,-1.564993e+00,-7.700302e+00,-1.846714e+00,8.307633e-01,1.303551e-01,-2.469572e+00,-2.749133e+00,-1.623265e+00,-2.512425e+00,-2.267255e+00,3.086540e-01,3.702168e-01,6.584094e-01,1.131570e+00,1.442312e+00,1.527918e+00,1.947615e+00,2.599953e+00,2.920363e+02,8.572404e-01,8.227651e-02,-5.781533e-01,-1.219816e+00,2.539830e-01,-2.167623e+00,-1.919231e+00,-1.141957e+00,3.318876e+00,-6.252413e+00,-9.470242e-01,3.966333e-01,-3.317400e+00,-5.995780e+00,-1.939946e+00,-1.059220e+00,-2.579725e+00,6.462641e-02,-3.644378e-02,3.565324e-02,-8.241368e-03,-3.701455e-01,-5.888864e-02,7.586680e-02,-1.022675e-01,3.483683e-03,-4.779428e-03,-2.262685e-02,-1.045856e-02,4.071252e-02,6.194377e-03,7.331033e-02,2.556877e-02,2.007391e+00,5.384630e-03,2.975374e+02,2.077417e-02,1.361158e-02,6.290553e-02,2.644238e+00,-1.037571e-02,-1.051176e-02,-3.751441e-02
350,3.500000,6.965889e-01,-2.321095e+01,-3.183480e+00,2.089550e+00,-2.324834e+01,-2.184762e+01,-3.962529e+01,4.333283e+00,-7.671194e+00,-9.974573e-01,4.170256e+00,-4.792533e+00,-1.922643e+01,-1.637702e+01,-1.409343e+00,-1.026127e+01,-1.964310e+00,6.286316e-01,-5.409071e-02,-2.616472e+00,-3.191259e+00,-1.768867e+00,-2.475169e+00,-2.423238e+00,3.167556e-01,3.745092e-01,6.933212e-01,1.140446e+00,1.498463e+00,1.584988e+00,2.130408e+00,2.676330e+00,2.941483e+02,8.609425e-01,-7.344484e-04,-6.799143e-01,-1.946583e+00,-1.153972e+00,-5.993938e-01,-1.283727e+00,-1.183369e+00,6.195531e-01,-5.686122e+00,-2.679490e+00,3.351184e-01,-2.569706e+00,-4.587240e+00,-5.629308e-01,-1.333089e+00,-2.635664e+00,-6.331643e-02,-2.135001e-01,-1.600216e-01,-4.058001e-02,-1.768117e-01,1.014143e-01,1.896294e-01,-2.484334e-02,6.092859e-03,5.279154e-03,1.613862e-02,-1.722932e-03,3.134609e-02,8.027983e-03,4.945060e-02,1.827974e-02,2.282306e+00,1.217109e-03,3.004842e+02,1.081240e-02,3.855140e-03,7.037425e-02,3.107059e+00,-7.158425e-03,-6.627834e-03,-1.943290e-02
351,3.510000,4.851720e-01,-2.360769e+01,-5.650463e+00,1.494151e-01,-2.279539e+01,-2.181513e+01,-4.110881e+01,2.532446e+00,-1.238451e+01,-6.374776e+00,4.283534e+00,-4.504650e+00,-2.305519e+01,-1.504148e+01,-5.184338e+00,-1.380059e+01,-2.078660e+00,3.593908e-01,-3.104127e-01,-2.643826e+00,-3.172372e+00,-1.479273e+00,-2.207791e+00,-2.334345e+00,3.228342e-01,3.792989e-01,7.239224e-01,1.162747e+00,1.519558e+00,1.592846e+00,2.161947e+00,2.672518e+00,2.965651e+02,8.595831e-01,-9.977756e-02,-1.276321e-01,-1.934568e+00,-2.491905e+00,1.240732e+00,-1.428249e-01,-1.720238e+00,-8.830868e-01,-2.873978e+00,-3.676313e+00,6.653190e-01,-1.290710e+00,-3.843880e+00,1.238386e-01,-7.493459e-01,-2.318342e+00,-9.421537e-02,-2.161422e-01,-1.643906e-01,2.152507e-02,1.360281e-01,3.591325e-01,3.301509e-01,5.598214e-02,6.489375e-03,6.234333e-03,4.604673e-02,1.304603e-02,1.920886e-02,7.660520e-03,1.223047e-02,9.422469e-03,2.579556e+00,-1.354623e-03,3.038157e+02,9.047243e-03,3.697502e-03,4.679844e-02,3.471301e+00,-3.061156e-03,-1.605543e-03,-2.390306e-03
352,3.520000,3.645363e-01,-2.344515e+01,-7.951364e+00,-3.938264e+00,-1.988690e+01,-2.260799e+01,-4.375254e+01,5.699286e-01,-1.415444e+01,-1.081136e+01,6.006491e+00,-6.082846e+00,-2.841767e+01,-1.496402e+01,-3.378036e+00,-1.543146e+01,-2.199125e+00,1.030247e-01,-4.957760e-01,-2.608317e+00,-2.858514e+00,-8.392493e-01,-1.663740e+00,-2.210019e+00,3.290604e-01,3.855522e-01,7.859952e-01,1.164261e+00,1.526013e+00,1.579842e+00,2.113238e+00,2.664123e+00,2.993497e+02,8.580012e-01,-1.058997e-01,4.338097e-01,-1.090395e+00,-3.155621e+00,2.133702e+00,1.088941e+00,-1.036967e+00,-1.406528e+00,9.215645e-01,-2.957209e+00,2.774362e-01,-1.057035e+00,-2.634789e+00,-3.318555e-01,-5.356313e-01,-8.580314e-01,-6.093259e-02,-1.471899e-01,-5.948244e-02,1.257648e-01,3.833115e-01,4.132673e-01,3.192410e-01,9.134867e-02,5.847877e-03,6.990805e-03,4.371413e-02,1.242149e-02,-2.413630e-03,-9.678161e-03,-6.711552e-02,-1.599555e-02,2.749603e+00,-5.261725e-03,3.077035e+02,5.721537e-03,3.619983e-03,6.476621e-02,3.259726e+00,-6.428380e-04,7.139083e-04,-2.565436e-04
353,3.530000,2.206493e-01,-2.231921e+01,-8.431828e+00,-7.333686e+00,-1.641656e+01,-1.942766e+01,-4.473187e+01,1.835855e-01,-1.003591e+01,-1.398341e+01,6.615622e+00,-7.659539e+00,-3.112710e+01,-1.573246e+01,-4.327375e+00,-1.670691e+01,-2.200383e+00,1.285591e-02,-4.707554e-01,-2.366024e+00,-2.235365e+00,-2.924114e-01,-1.267385e+00,-2.093954e+00,3.349485e-01,3.958670e-01,8.423061e-01,1.184892e+00,1.524581e+00,1.568794e+00,2.017352e+00,2.653169e+00,3.023333e+02,8.519380e-01,-2.315955e-02,3.533463e-01,4.206128e-02,-2.581868e+00,1.535560e+00,2.091760e+00,1.055694e+00,-2.259708e+00,3.150897e+00,-3.915958e-01,-1.768322e-01,-9.675230e-01,1.581192e-01,-8.506550e-01,-3.524324e-01,6.212729e-01,-3.624232e-02,-7.688920e-02,2.565360e-02,1.634872e-01,4.211012e-01,1.493536e-01,8.381055e-02,4.717989e-02,5.266055e-03,7.179490e-03,3.754251e-02,6.312716e-03,-1.330492e-02,-6.693137e-03,-7.661692e-02,-1.740572e-02,2.636624e+00,-8.932769e-03,3.112842e+02,8.013817e-03,5.701448e-03,5.375802e-02,2.297665e+00,4.044647e-04,8.236414e-04,2.630568e-03
354,3.540000,2.993517e-01,-2.168614e+01,-7.244770e+00,-9.947006e+00,-1.576925e+01,-1.759665e+01,-4.299860e+01,-1.524929e+00,-4.237673e+00,-1.197918e+01,4.391393e+00,-8.500264e+00,-2.836442e+01,-1.769081e+01,-4.515981e+00,-1.309826e+01,-2.208111e+00,6.594945e-02,-2.713316e-01,-2.126550e+00,-1.743205e+00,-2.959610e-01,-1.349167e+00,-2.086690e+00,3.399379e-01,4.011792e-01,8.527001e-01,1.191481e+00,1.483883e+00,1.548623e+00,1.867128e+00,2.606026e+00,3.050121e+02,8.384565e-01,2.555234e-02,-4.415541e-01,1.004376e+00,-6.173652e-01,-2.246088e-01,2.066968e+00,4.648339e+00,-2.765593e+00,3.480161e+00,1.623163e+00,-1.764028e-01,-2.623045e-01,3.760201e+00,-9.909704e-01,-9.664820e-01,1.826106e+00,-9.051633e-02,-1.034493e-01,-1.697695e-02,1.042553e-01,1.486685e-01,-3.450450e-01,-2.719421e-01,-1.651292e-02,3.504348e-03,7.393867e-03,1.533399e-02,-5.529368e-03,-1.552695e-02,1.002936e-02,-3.004063e-02,-1.005740e-02,2.357706e+00,-1.376908e-02,3.130486e+02,8.114920e-03,6.422708e-03,6.561174e-02,1.520935e+00,1.008526e-03,1.337799e-03,7.641293e-03
355,3.550000,4.019665e-01,-2.272046e+01,-5.793453e+00,-9.755551e+00,-1.717641e+01,-1.386200e+01,-3.620732e+01,-7.718666e+00,-1.588416e+00,-7.748842e+00,4.206922e+00,-8.133556e+00,-2.229122e+01,-1.793136e+01,-6.377528e+00,-1.186082e+01,-2.255378e+00,-6.517554e-03,-2.943669e-01,-2.067273e+00,-1.624520e+00,-1.004149e+00,-1.946025e+00,-2.160110e+00,3.437258e-01,4.073828e-01,8.782825e-01,1.180701e+00,1.474098e+00,1.574990e+00,1.901917e+00,2.614537e+00,3.069170e+02,8.246916e-01,3.139280e-02,-1.707831e+00,1.174065e+00,1.607957e+00,-1.784008e+00,7.910422e-01,8.047111e+00,-2.603753e+00,1.530787e+00,1.622869e+00,1.261078e+00,-1.400274e-01,5.660615e+00,-9.395981e-01,-8.255518e-01,2.202850e+00,-2.048828e-01,-2.745169e-01,-2.194709e-01,-2.357886e-02,-3.058031e-01,-7.873945e-01,-5.247079e-01,-6.803157e-02,-1.872218e-03,7.346862e-03,-1.008238e-02,-3.932153e-02,-2.064569e-02,2.052447e-02,1.452118e-02,-2.965567e-02,2.518729e+00,-1.634541e-02,3.126315e+02,9.872875e-03,6.414346e-03,5.952851e-02,3.001801e+00,8.718764e-04,1.214967e-03,2.045651e-02
356,3.560000,4.016394e-01,-2.545230e+01,-4.248672e+00,-5.814157e+00,-2.063002e+01,-1.505598e+01,-2.477312e+01,-9.306909e+00,-9.773868e-01,-5.812827e+00,6.328827e+00,-7.157360e+00,-1.403460e+01,-1.881942e+01,-7.185370e+00,-8.723976e+00,-2.624209e+00,-4.045353e-01,-6.688550e-01,-2.236416e+00,-2.420594e+00,-2.208606e+00,-2.684131e+00,-2.259506e+00,3.421935e-01,4.167636e-01,8.446769e-01,1.138710e+00,1.473620e+00,1.626891e+00,2.020752e+00,2.633152e+00,3.088464e+02,8.027790e-01,-3.658844e-02,-2.474951e+00,1.049279e+00,3.105816e+00,-2.189878e+00,-6.721860e-01,9.667691e+00,-1.219384e+00,-1.317241e+00,-1.190773e-01,2.880317e+00,9.593840e-02,4.456493e+00,-1.169546e+00,-1.922915e-01,1.771803e+00,-2.695775e-01,-4.314840e-01,-3.991442e-01,-7.166781e-02,-6.425506e-01,-9.359638e-01,-5.358356e-01,-1.093608e-01,-6.514338e-03,1.114243e-02,-3.183069e-02,-6.048978e-02,-1.296047e-02,2.652663e-02,4.992534e-02,-3.399916e-02,3.763596e+00,-1.260875e-02,3.146345e+02,9.834639e-03,9.952527e-03,1.000874e-01,7.498202e+00,1.403993e-03,1.684235e-03,2.600231e-02
357,3.570000,3.264695e-01,-2.897529e+01,-4.059552e+00,-1.360326e+00,-2.290622e+01,-1.674279e+01,-1.360905e+01,-8.944191e+00,-4.012118e+00,-8.952249e+00,1.195230e+01,-9.031128e+00,-9.988931e+00,-1.986615e+01,-7.120440e+00,-7.879805e+00,-3.016748e+00,-1.124486e+00,-1.369348e+00,-2.428985e+00,-3.425686e+00,-3.273062e+00,-3.223443e+00,-2.347704e+00,3.244596e-01,4.248091e-01,7.959058e-01,1.014670e+00,1.426484e+00,1.632283e+00,2.013146e+00,2.491328e+00,3.130099e+02,7.880497e-01,-6.745736e-02,-2.007655e+00,1.057467e+00,2.335093e+00,-2.411530e+00,-1.660984e+00,8.418656e+00,-6.298807e-01,-3.605298e+00,-1.468534e+00,3.234355e+00,1.207450e-01,1.038279e+00,-1.771381e+00,2.082741e+00,2.542018e+00,-1.721408e-01,-3.681481e-01,-3.058717e-01,1.035418e-01,-5.069097e-01,-7.410771e-01,-3.525027e-01,-1.195210e-01,-6.632641e-03,1.079763e-02,-4.050532e-02,-7.523380e-02,-2.816598e-02,1.026685e-02,-3.379249e-03,-6.290958e-02,6.155637e+00,-3.106660e-03,3.255003e+02,1.151334e-02,1.001137e-02,1.388028e-01,1.333178e+01,2.012900e-03,5.166138e-04,2.724166e-02
358,3.580000,1.541580e-01,-3.093348e+01,-2.865326e+00,1.384462e+00,-2.385373e+01,-1.951719e+01,-5.959274e+00,-7.009087e+00,-9.612026e+00,-1.197287e+01,1.492029e+01,-7.571786e+00,-1.223310e+01,-2.257115e+01,-5.105983e+00,-6.229753e+00,-3.175314e+00,-1.532487e+00,-1.729562e+00,-2.304033e+00,-4.055375e+00,-3.841324e+00,-3.389636e+00,-2.539697e+00,3.169993e-01,4.481782e-01,7.347350e-01,9.720471e-01,1.442887e+00,1.652610e+00,2.061140e+00,2.497635e+00,3.207837e+02,7.937337e-01,-4.626187e-02,-4.768774e-01,1.314237e+00,-5.270106e-01,-3.306076e+00,-1.327329e+00,5.572923e+00,-1.974844e+00,-4.504298e+00,-2.998241e-01,2.736406e+00,-2.643993e-01,-2.395067e+00,-1.416225e+00,6.125103e+00,4.848586e+00,6.093416e-02,-5.789327e-03,1.351300e-01,4.718507e-01,1.359544e-01,-3.812643e-01,-1.181040e-01,-9.993003e-02,3.174111e-03,9.554893e-03,-2.252262e-02,-6.422506e-02,-4.324629e-02,-4.318190e-03,-4.298428e-02,-2.883923e-02,8.980469e+00,1.034124e-02,3.441052e+02,1.431465e-02,1.304537e-02,1.559862e-01,1.745499e+01,3.040333e-03,1.045920e-03,1.685998e-02
359,3.590000,1.884205e-01,-3.001815e+01,-1.197789e+00,-1.679394e+00,-2.762221e+01,-1.993632e+01,-3.520963e+00,-1.201698e+01,-1.529759e+01,-1.201149e+01,1.608297e+01,-7.322618e+00,-1.800057e+01,-2.491240e+01,2.996484e+00,-3.978459e-01,-2.840530e+00,-1.283282e+00,-1.293372e+00,-1.515756e+00,-3.341678e+00,-3.893176e+00,-3.355786e+00,-2.617619e+00,3.231597e-01,4.456637e-01,7.307269e-01,8.878632e-01,1.348635e+00,1.613464e+00,1.864827e+00,2.367747e+00,3.317265e+02,8.136809e-01,8.694069e-03,1.570345e+00,1.562142e+00,-3.609584e+00,-4.789271e+00,3.365383e-01,2.728143e+00,-2.271004e+00,-2.556609e+00,3.236181e+00,1.207387e+00,-1.476323e+00,-3.817823e+00,1.181994e+00,1.056957e+01,8.644861e+00,2.819242e-01,4.904929e-01,7.493657e-01,8.418819e-01,8.900639e-01,-1.281486e-02,6.262903e-02,-2.623422e-02,1.709617e-02,5.893865e-03,3.790396e-03,-3.668012e-02,-4.253139e-02,3.319740e-03,-3.963177e-02,1.873155e-02,1.126145e+01,1.967676e-02,3.645550e+02,1.769737e-02,7.450993e-03,1.677874e-01,1.810439e+01,3.007860e-03,2.387172e-03,4.192975e-03
360,3.600000,2.393546e-01,-2.731525e+01,8.916336e-01,-8.289676e+00,-3.480240e+01,-2.009586e+01,-1.952555e+00,-1.764474e+01,-1.785614e+01,-5.782327e+00,1.794552e+01,-9.333611e+00,-2.200411e+01,-2.337742e+01,1.838168e+01,1.177797e+01,-2.407647e+00,-3.540837e-01,-3.119270e-02,-3.337772e-01,-1.782826e+00,-3.804870e+00,-3.208479e+00,-2.624198e+00,3.587140e-01,4.541107e-01,7.646533e-01,8.809881e-01,1.296313e+00,1.614709e+00,1.879990e+00,2.550746e+00,3.443904e+02,8.416696e-01,1.073443e-01,3.295862e+00,1.061393e+00,-5.976429e+00,-5.740216e+00,2.668513e+00,1.208440e+00,-2.634888e-02,-1.525145e-02,6.330597e+00,-4.738483e-01,-3.057622e+00,-2.332524e+00,5.752769e+00,1.293741e+01,1.076293e+01,3.709284e-01,7.853989e-01,1.170634e+00,1.054015e+00,1.401446e+00,3.264636e-01,2.325200e-01,1.044878e-01,2.632415e-02,4.578546e-03,2.543616e-02,-1.431100e-02,-4.192007e-02,1.616159e-02,4.202986e-03,5.478857e-02,1.248229e+01,2.311579e-02,3.823821e+02,2.194429e-02,1.646231e-02,1.698950e-01,1.614480e+01,2.115694e-03,2.654840e-03,-1.475188e-02
361,3.610000,3.273416e-01,-2.293268e+01,1.872681e+00,-1.457118e+01,-4.137824e+01,-1.477076e+01,-1.971698e+00,-1.498139e+01,-1.267310e+01,4.133384e+00,1.647662e+01,-1.553183e+01,-2.419254e+01,-1.355304e+01,3.398357e+01,2.634064e+01,-1.990960e+00,7.387770e-01,1.528296e+00,7.952970e-01,-1.116407e-01,-3.355363e+00,-3.000876e+00,-2.436625e+00,3.890830e-01,4.513122e-01,7.998986e-01,8.767989e-01,1.287114e+00,1.667832e+00,1.905562e+00,2.558430e+00,3.575138e+02,8.624656e-01,1.526950e-01,4.490362e+00,-1.149250e-01,-6.631406e+00,-4.686317e+00,4.981332e+00,5.885226e-01,4.221359e+00,1.496937e+00,6.461948e+00,-2.660877e+00,-3.611940e+00,9.528311e-01,9.454250e+00,1.096515e+01,9.184263e+00,3.189375e-01,7.304951e-01,1.201105e+00,1.052281e+00,1.471866e+00,6.727424e-01,4.452694e-01,2.828317e-01,3.021451e-02,1.366578e-02,3.468180e-02,1.480891e-02,-1.757669e-03,4.613245e-02,9.479713e-02,7.885404e-02,1.258211e+01,2.282111e-02,3.968838e+02,2.273782e-02,2.023876e-02,1.528132e-01,1.288163e+01,6.704375e-04,2.198469e-03,-3.306459e-02
362,3.620000,6.214190e-01,-1.799690e+01,9.064031e-01,-2.205179e+01,-4.567680e+01,-8.757405e+00,-6.917045e-01,-5.658627e+00,-1.100053e+01,1.160768e+01,1.235423e+01,-1.875529e+01,-2.079974e+01,5.130196e-01,4.408754e+01,3.421564e+01,-1.745457e+00,1.383478e+00,2.712772e+00,1.810514e+00,1.336836e+00,-2.477912e+00,-2.404491e+00,-2.107756e+00,4.156584e-01,4.682467e-01,8.273299e-01,9.060242e-01,1.264047e+00,1.706234e+00,2.061787e+00,2.676236e+00,3.703015e+02,8.849203e-01,2.037171e-01,4.994961e+00,-1.559795e+00,-6.535698e+00,-2.793274e+00,6.306173e+00,-1.060321e-02,6.486173e+00,5.187274e-01,2.350108e+00,-4.241229e+00,-2.974481e+00,5.041691e+00,9.882494e+00,5.250221e+00,4.462334e+00,2.229903e-01,3.798569e-01,8.876990e-01,9.732574e-01,1.305644e+00,9.689976e-01,6.483418e-01,4.723300e-01,2.734118e-02,2.597424e-02,3.240123e-02,2.188278e-02,9.331083e-03,4.092785e-02,1.023919e-01,4.223101e-02,1.174514e+01,1.917624e-02,4.086648e+02,2.237289e-02,1.992569e-02,8.971387e-02,9.234232e+00,-1.234869e-03,-1.534659e-03,-4.021903e-02
363,3.630000,7.608633e-01,-1.222551e+01,-1.779799e+00,-2.795537e+01,-4.561660e+01,-6.988861e-01,-1.208775e+00,3.096760e+00,-1.124071e+01,1.160325e+01,5.574229e+00,-2.067148e+01,-1.383861e+01,1.041363e+01,4.496933e+01,3.430463e+01,-1.576938e+00,1.500412e+00,3.340172e+00,2.673503e+00,2.457821e+00,-1.192943e+00,-1.531433e+00,-1.461682e+00,4.457600e-01,5.069246e-01,8.727975e-01,9.493896e-01,1.355979e+00,1.798364e+00,2.247914e+00,2.699272e+00,3.816815e+02,9.061611e-01,1.779333e-01,4.677452e+00,-2.494587e+00,-5.685412e+00,-8.242012e-01,6.379137e+00,-2.120701e-01,4.960916e+00,-1.752156e+00,-2.726160e+00,-4.526155e+00,-2.247461e+00,8.306689e+00,7.331243e+00,-4.855820e-01,-5.687464e-01,1.374746e-01,-1.008608e-02,4.771093e-01,8.731598e-01,1.065713e+00,1.055917e+00,7.431328e-01,5.925528e-01,2.524939e-02,3.983220e-02,2.538214e-02,2.255805e-02,3.427422e-03,-1.576817e-03,4.820313e-02,-1.704788e-03,1.020357e+01,1.468153e-02,4.158218e+02,2.083525e-02,1.671165e-02,4.255505e-02,5.578879e+00,-3.063685e-03,-3.063237e-03,-3.088777e-02
364,3.640000,1.041179e+00,-7.694029e+00,-5.081102e+00,-3.427607e+01,-4.664959e+01,4.399063e+00,-2.387033e+00,5.747056e+00,-1.597870e+01,2.233283e+00,2.190574e+00,-2.163619e+01,-1.972625e+00,1.405171e+01,3.913991e+01,3.010765e+01,-1.499707e+00,1.164383e+00,3.501364e+00,3.593407e+00,3.460662e+00,-4.109180e-02,-7.014919e-01,-7.500191e-01,4.670814e-01,5.561757e-01,8.902100e-01,9.541066e-01,1.308536e+00,1.754082e+00,2.220774e+00,2.691480e+00,3.910322e+02,9.157030e-01,1.544095e-01,3.748643e+00,-2.443353e+00,-4.060515e+00,2.626972e-01,5.343755e+00,-2.341548e-01,1.913622e+00,-3.181219e+00,-4.876799e+00,-3.631241e+00,-2.378286e+00,9.224170e+00,3.738787e+00,-3.991228e+00,-3.089288e+00,9.957647e-02,-2.078191e-01,1.942523e-01,7.374429e-01,8.110300e-01,8.890165e-01,6.861120e-01,5.826958e-01,1.931336e-02,4.105739e-02,1.222715e-02,1.299021e-02,-2.357132e-02,-5.730812e-02,-4.936771e-02,-6.785052e-02,8.220792e+00,8.583081e-03,4.190842e+02,1.672123e-02,1.055257e-02,2.392896e-02,2.272439e+00,-4.759015e-03,-4.180348e-03,-1.281119e-02
365,3.650000,1.007128e+00,-4.696854e+00,-7.606503e+00,-3.688610e+01,-4.501285e+01,1.054669e+01,-2.184385e+00,4.120349e+00,-1.894480e+01,-4.810215e+00,-1.072334e+00,-2.532868e+01,7.927356e+00,1.633382e+01,3.402948e+01,2.555090e+01,-1.426463e+00,7.978941e-01,3.519546e+00,4.269650e+00,4.155010e+00,7.058118e-01,-1.367119e-01,-1.527291e-01,4.896185e-01,6.065087e-01,8.953693e-01,9.655480e-01,1.282007e+00,1.636024e+00,2.067085e+00,2.542285e+00,3.981663e+02,9.204819e-01,8.575957e-02,2.460730e+00,-1.718985e+00,-2.648312e+00,8.155960e-01,3.338825e+00,7.385734e-01,6.685203e-01,-4.173820e+00,-2.921753e+00,-2.111574e+00,-2.047819e+00,8.167384e+00,1.090975e+00,-4.137231e+00,-2.954999e+00,5.370558e-02,-2.162364e-01,6.976590e-02,5.716624e-01,5.619246e-01,5.787960e-01,5.763221e-01,3.875555e-01,1.549126e-02,3.258182e-02,-9.562612e-04,3.425688e-03,-5.556933e-02,-8.483950e-02,-1.032249e-01,-8.515844e-02,6.105899e+00,2.904725e-03,4.195685e+02,1.024523e-02,9.609136e-03,3.126681e-02,-2.388245e-01,-5.051301e-03,-3.851405e-03,-1.126984e-03
366,3.660000,1.270334e+00,-3.018018e+00,-8.397010e+00,-3.788900e+01,-4.466519e+01,1.233858e+01,-1.374673e+00,3.397689e+00,-2.305458e+01,-4.569579e+00,-2.478698e+00,-2.831812e+01,1.443813e+01,1.624686e+01,2.960133e+01,2.314606e+01,-1.322812e+00,6.956415e-01,3.594346e+00,4.699655e+00,4.543391e+00,1.017793e+00,3.287081e-01,1.512468e-01,4.902960e-01,6.237416e-01,8.771798e-01,9.628961e-01,1.183177e+00,1.500864e+00,1.905363e+00,2.415478e+00,4.031631e+02,9.206753e-01,5.235087e-02,1.397948e+00,-8.586494e-01,-1.318513e+00,1.020188e+00,1.484194e+00,1.649515e+00,1.727076e+00,-4.454921e+00,8.125288e-01,-9.890389e-01,-4.985397e-01,4.690606e+00,-7.559435e-01,-2.707146e+00,-1.932519e+00,-3.961301e-03,-1.086635e-01,5.393891e-02,3.860821e-01,3.080636e-01,2.798267e-01,4.415821e-01,1.280838e-01,1.775240e-02,2.331303e-02,-2.092832e-03,3.888607e-03,-3.031234e-02,-3.740828e-02,-4.435400e-02,-3.602033e-02,4.032876e+00,-6.421745e-04,4.181537e+02,3.872830e-03,2.575205e-03,3.130203e-02,-2.186200e+00,-3.774140e-03,-2.668429e-03,7.732812e-04
367,3.670000,1.075084e+00,-2.259868e+00,-8.716770e+00,-3.939047e+01,-4.253082e+01,1.202548e+01,1.977912e+00,7.614046e+00,-2.857187e+01,3.959142e-01,-2.649004e+00,-2.756961e+01,1.879294e+01,1.477094e+01,2.905246e+01,2.301043e+01,-1.396857e+00,6.536005e-01,3.642511e+00,4.978691e+00,4.726079e+00,1.171595e+00,8.350773e-01,2.546265e-02,5.116090e-01,6.360508e-01,8.745313e-01,9.621233e-01,1.140812e+00,1.500776e+00,1.889495e+00,2.411481e+00,4.061456e+02,9.181986e-01,8.847771e-02,7.062427e-01,-3.078346e-01,-4.471283e-01,7.642670e-01,-3.545906e-01,2.240604e+00,3.402043e+00,-4.582143e+00,2.641784e+00,-1.265803e-01,2.472175e+00,9.934999e-01,-2.632369e+00,-1.449902e+00,-1.311617e+00,-5.554482e-02,-1.021150e-02,6.185536e-02,2.477463e-01,7.356415e-02,7.384100e-02,3.176077e-01,-6.053163e-02,2.260548e-02,1.783304e-02,-6.868243e-04,3.794736e-03,4.061413e-03,3.795537e-02,5.163096e-02,4.801869e-02,2.034039e+00,-4.514539e-03,4.150929e+02,2.002947e-03,1.443313e-03,3.323359e-02,-3.962512e+00,-1.429719e-03,-1.405084e-03,-3.446550e-03
368,3.680000,1.268956e+00,-1.922781e+00,-8.819215e+00,-3.961645e+01,-4.278967e+01,1.108064e+01,3.779393e+00,1.263559e+01,-3.343977e+01,3.692862e+00,-1.966286e+00,-2.300843e+01,1.604762e+01,1.105344e+01,2.809269e+01,2.171529e+01,-1.534316e+00,6.932127e-01,3.709577e+00,5.169297e+00,4.715445e+00,1.125150e+00,1.020524e+00,-1.986961e-01,5.448481e-01,6.579698e-01,8.901648e-01,9.752620e-01,1.227572e+00,1.634665e+00,2.087799e+00,2.576780e+00,4.072069e+02,9.136338e-01,1.209345e-01,3.290476e-01,-7.828684e-02,4.295654e-01,2.280666e-01,-1.360116e+00,2.334018e+00,3.503091e+00,-3.243162e+00,1.921583e+00,-5.718567e-01,5.034529e+00,-2.047353e+00,-4.395303e+00,-9.667503e-01,-1.183069e+00,-6.560759e-02,7.247414e-02,8.835776e-02,1.560294e-01,-1.510031e-01,-4.834254e-02,1.461200e-01,-8.508353e-02,2.632020e-02,1.647278e-02,-2.603209e-03,8.820171e-03,4.988917e-02,8.752805e-02,1.078453e-01,8.891809e-02,5.777588e-02,-8.619910e-03,4.103910e+02,1.971669e-03,1.293342e-03,2.681197e-02,-5.871015e+00,4.054462e-04,4.463356e-04,-4.132554e-03
369,3.690000,1.450206e+00,-1.713258e+00,-8.934573e+00,-3.825801e+01,-4.212927e+01,9.402709e+00,6.441601e+00,1.651161e+01,-3.666292e+01,4.267486e+00,-1.961441e+00,-1.562265e+01,1.209011e+01,5.768686e+00,2.753429e+01,1.970821e+01,-1.598435e+00,7.480509e-01,3.771208e+00,5.273560e+00,4.436803e+00,1.021338e+00,1.105419e+00,-2.804157e-01,5.753698e-01,6.785598e-01,8.854427e-01,9.783387e-01,1.280116e+00,1.758900e+00,2.234022e+00,2.701727e+00,4.063145e+02,9.014300e-01,1.553394e-01,1.275867e-02,4.507569e-01,1.267014e+00,-4.359062e-01,-2.357912e+00,1.876292e+00,1.672966e+00,-6.332958e-01,4.769512e-01,-1.075318e+00,5.593098e+00,-3.198942e+00,-5.916088e+00,-2.007463e+00,-1.447608e+00,-1.216927e-02,1.776299e-01,1.385326e-01,7.472678e-02,-3.689843e-01,-1.492728e-01,-3.446518e-02,-2.478315e-02,1.399785e-02,8.978027e-03,-1.773437e-02,4.763424e-03,4.667878e-02,7.108650e-02,9.128926e-02,7.247081e-02,-2.017938e+00,-1.317273e-02,4.036372e+02,4.047215e-03,3.224648e-03,1.627909e-02,-8.245035e+00,1.920608e-03,1.294151e-03,3.067694e-04
370,3.700000,1.687445e+00,-1.646085e+00,-8.679543e+00,-3.630740e+01,-4.372563e+01,6.849387e+00,8.063572e+00,1.646436e+01,-3.522486e+01,3.102550e+00,-5.681763e+00,-9.118954e+00,7.552778e+00,-1.228536e+00,2.552666e+01,1.888183e+01,-1.550061e+00,1.010787e+00,3.971786e+00,5.332367e+00,3.933013e+00,8.512087e-01,9.241373e-01,-1.212317e-01,5.900166e-01,6.848510e-01,8.587081e-01,9.988893e-01,1.362970e+00,1.809442e+00,2.272326e+00,2.714945e+00,4.033675e+02,8.859601e-01,5.289698e-02,-4.663312e-01,1.015756e+00,1.669421e+00,-9.989937e-01,-3.416766e+00,1.747553e+00,2.059774e-01,2.484625e+00,-5.144275e-01,-2.082128e+00,3.707441e+00,-1.930429e+00,-6.123240e+00,-3.435510e+00,-1.854217e+00,5.796290e-03,2.617044e-01,1.846830e-01,2.913427e-03,-5.598737e-01,-2.661103e-01,-1.530903e-01,4.920130e-03,-3.023064e-03,-2.202636e-03,-3.674285e-02,-1.591134e-03,2.457658e-02,2.484792e-02,3.652434e-02,2.508371e-02,-4.270758e+00,-1.758965e-02,3.945265e+02,4.877928e-03,3.916215e-03,1.911652e-02,-1.102920e+01,2.271985e-03,1.340753e-03,6.141776e-03
371,3.710000,1.642536e+00,-2.334423e+00,-6.532822e+00,-3.470993e+01,-4.424237e+01,2.351542e+00,9.217282e+00,1.406449e+01,-3.084580e+01,3.075827e+00,-6.167853e+00,-6.548860e+00,7.045645e+00,-8.668517e+00,2.029815e+01,1.718912e+01,-1.449831e+00,1.382963e+00,4.204069e+00,5.270789e+00,3.272374e+00,5.622015e-01,7.109447e-01,-1.371853e-01,5.590140e-01,6.675003e-01,8.015878e-01,9.741268e-01,1.306507e+00,1.768820e+00,2.253677e+00,2.704753e+00,3.979756e+02,8.661718e-01,-6.669676e-02,-9.997643e-01,1.727246e+00,1.467559e+00,-1.962918e+00,-3.709245e+00,1.147043e+00,-6.594423e-01,5.074265e+00,2.909550e-01,-2.423525e+00,-2.599467e-01,-6.418513e-01,-4.700220e+00,-4.430697e+00,-3.664742e+00,-4.622898e-02,3.139143e-01,1.804598e-01,-9.061265e-02,-5.638112e-01,-4.058797e-01,-2.881859e-01,-7.910079e-02,-2.033552e-02,-1.525334e-02,-4.702980e-02,-1.434216e-02,-1.725427e-02,-3.516988e-02,-1.116927e-02,-7.754517e-03,-6.869104e+00,-2.472716e-02,3.818000e+02,1.015286e-02,6.602630e-03,3.861516e-02,-1.466414e+01,2.803882e-03,1.686075e-03,1.160709e-02
372,3.720000,1.437275e+00,-3.943855e+00,-4.941313e+00,-3.304339e+01,-4.672809e+01,-2.477606e+00,1.112932e+01,1.488904e+01,-2.392520e+01,1.716555e+00,-1.027372e+01,-9.008119e+00,8.917706e+00,-1.234416e+01,1.453320e+01,1.370375e+01,-1.579636e+00,1.684279e+00,4.416562e+00,5.185249e+00,2.498291e+00,2.416710e-02,4.523093e-01,-2.457107e-01,5.379107e-01,6.524864e-01,7.483780e-01,9.694123e-01,1.337259e+00,1.753944e+00,2.260593e+00,2.700686e+00,3.900226e+02,8.433146e-01,-1.315619e-01,-1.298950e+00,2.187716e+00,7.835739e-01,-3.010453e+00,-2.626113e+00,4.636800e-01,-1.702922e+00,5.967222e+00,1.948611e+00,-2.170938e+00,-3.236045e+00,-5.066520e-01,-1.970966e+00,-4.212418e+00,-6.058314e+00,-1.262490e-01,2.753351e-01,9.410281e-02,-1.728580e-01,-3.295529e-01,-4.864745e-01,-4.138261e-01,-2.107704e-01,-2.378495e-02,-2.121210e-02,-3.368955e-02,-1.671584e-02,-4.083904e-02,-4.786563e-02,-2.289281e-02,-1.157405e-02,-9.883163e+00,-3.193518e-02,3.661636e+02,1.027877e-02,6.308116e-03,4.635281e-02,-1.892537e+01,4.670796e-03,3.409751e-03,1.441503e-02
373,3.730000,1.241807e+00,-5.563194e+00,-2.167458e+00,-3.255222e+01,-5.044263e+01,-4.480019e+00,1.064395e+01,1.400206e+01,-1.694143e+01,6.415259e+00,-1.178308e+01,-1.697780e+01,8.198394e+00,-1.217460e+01,1.087753e+01,3.973540e+00,-1.814792e+00,1.980876e+00,4.451119e+00,4.894056e+00,2.335108e+00,-5.945396e-01,-9.959710e-02,-6.136802e-01,4.997451e-01,6.184754e-01,7.054587e-01,9.213664e-01,1.206701e+00,1.610799e+00,2.184042e+00,2.670084e+00,3.786415e+02,7.991169e-01,-1.526119e-01,-1.188390e+00,2.264359e+00,1.305420e-01,-3.924377e+00,5.044382e-01,1.926423e-01,-3.537933e+00,5.429415e+00,3.630674e+00,-1.392753e+00,-3.853429e+00,-1.750429e+00,-1.717861e-01,-2.931880e+00,-7.723670e+00,-1.794595e-01,9.543661e-02,-5.433764e-02,-2.111351e-01,4.680655e-02,-4.481257e-01,-5.429004e-01,-2.695464e-01,-1.614028e-02,-1.697034e-02,-2.949470e-03,-7.622016e-03,-3.699104e-02,-3.136753e-02,-1.818311e-02,-7.959557e-03,-1.299543e+01,-3.489386e-02,3.444980e+02,1.536620e-02,1.045907e-02,6.069641e-02,-2.233226e+01,6.237734e-03,4.414909e-03,2.484990e-02
374,3.740000,1.230000e+00,-6.526451e+00,7.635578e-02,-3.346838e+01,-5.567776e+01,-2.865398e+00,9.668640e+00,7.980967e+00,-1.234095e+01,1.117589e+01,-1.372884e+01,-2.008471e+01,4.443143e+00,-9.330323e+00,9.174885e+00,-4.801953e+00,-1.998826e+00,2.088506e+00,4.318775e+00,4.656444e+00,2.753881e+00,-1.002793e+00,-7.397225e-01,-9.368361e-01,5.007263e-01,6.033030e-01,7.383249e-01,9.416903e-01,1.208678e+00,1.649124e+00,2.192680e+00,2.674409e+00,3.636188e+02,7.598116e-01,-8.432560e-02,-8.288237e-01,2.018984e+00,-2.907593e-01,-3.599869e+00,3.796734e+00,9.018901e-01,-5.078791e+00,3.305440e+00,3.852739e+00,5.650480e-01,-1.518296e+00,-2.291660e+00,7.528761e-01,-1.887878e+00,-6.910419e+00,-2.042339e-01,-1.936745e-01,-1.623102e-01,-1.600408e-01,3.458259e-01,-3.165814e-01,-5.716455e-01,-2.504284e-01,-8.259177e-04,-4.661447e-03,2.849943e-02,5.122429e-03,-1.301141e-02,1.661775e-02,2.832294e-03,2.373910e-03,-1.576682e+01,-2.859615e-02,3.185506e+02,2.562524e-02,1.903675e-02,8.015104e-02,-2.408101e+01,6.552828e-03,6.791574e-03,2.916264e-02
375,3.750000,9.831140e-01,-6.985077e+00,2.280138e+00,-3.384472e+01,-5.938942e+01,5.067629e+00,1.091083e+01,-1.711408e-01,-9.490853e+00,1.649953e+01,-1.140406e+01,-2.027771e+01,5.307798e-01,-1.103437e+01,8.317912e+00,-1.217638e+01,-2.137533e+00,1.658033e+00,3.981274e+00,4.479516e+00,3.378612e+00,-1.164947e+00,-1.407541e+00,-1.139355e+00,4.969049e-01,6.072403e-01,7.918670e-01,9.498777e-01,1.185842e+00,1.664393e+00,2.196718e+00,2.678093e+00,3.462004e+02,7.334539e-01,-1.061632e-01,-2.101697e-01,1.031310e+00,-4.820293e-01,-1.650781e+00,5.248354e+00,1.838656e+00,-3.093533e+00,9.926861e-01,2.187735e+00,1.745017e+00,7.708032e-01,-1.310697e+00,9.906560e-01,-1.228613e+00,-3.894498e+00,-2.053777e-01,-4.312847e-01,-1.570349e-01,-3.531809e-02,3.838563e-01,-8.384387e-02,-3.569524e-01,-1.358459e-01,1.465837e-02,8.742684e-03,3.944340e-02,1.368265e-02,1.509347e-02,5.036218e-02,2.377536e-02,1.078658e-02,-1.635147e+01,-1.979923e-02,2.939452e+02,3.366829e-02,2.231286e-02,1.459656e-01,-3.867021e+01,1.307153e-03,4.013283e-03,1.638010e-02
376,3.760000,1.144994e+00,-7.377032e+00,2.929811e+00,-3.385094e+01,-6.025404e+01,1.173224e+01,1.550532e+01,-3.418313e+00,-1.112328e+01,1.593811e+01,-7.637995e+00,-1.494964e+01,1.293212e+00,-9.149896e+00,6.373621e+00,-1.277338e+01,-2.439435e+00,8.773286e-01,3.839934e+00,4.592315e+00,3.705669e+00,-1.273536e+00,-1.751946e+00,-1.235015e+00,5.352013e-01,6.347967e-01,8.476710e-01,9.807687e-01,1.282632e+00,1.810237e+00,2.268416e+00,2.708551e+00,3.274090e+02,7.331653e-01,-1.062713e-01,7.265597e-01,-7.448114e-01,-7.556858e-01,1.299134e+00,3.815653e+00,1.493143e+00,1.507673e+00,-1.256170e+00,1.449136e+00,2.738407e+00,1.418692e+00,5.279700e-01,1.943479e+00,-2.399687e-01,-9.233956e-01,-2.182909e-01,-4.311654e-01,-7.368715e-02,6.348982e-02,3.023859e-01,2.118215e-01,9.791896e-02,7.111977e-02,2.071357e-02,1.396058e-02,3.174510e-02,1.050437e-02,2.132795e-02,3.970419e-02,2.201879e-02,1.002183e-02,-1.415042e+01,-1.667689e-02,2.710349e+02,3.389187e-02,3.433910e-02,1.495314e-01,-5.895927e+01,-5.385344e-03,-3.196987e-04,-1.354311e-02
377,3.770000,7.534945e-01,-6.188753e+00,1.562363e+00,-3.477109e+01,-5.640840e+01,1.446293e+01,1.691888e+01,4.234038e+00,-1.258683e+01,1.497282e+01,-6.103423e+00,-1.569132e+01,3.219873e+00,-7.311533e+00,6.135096e+00,-1.151324e+01,-2.621376e+00,4.300412e-01,3.905366e+00,4.749530e+00,3.778496e+00,-8.783875e-01,-1.378247e+00,-1.143820e+00,5.557995e-01,6.464419e-01,8.480027e-01,9.702404e-01,1.245191e+00,1.782054e+00,2.265051e+00,2.706946e+00,3.149890e+02,7.134439e-01,8.199692e-03,1.258643e+00,-2.389971e+00,-3.936504e-01,4.030729e+00,2.177428e-01,5.237015e-01,5.071054e+00,-2.801662e+00,1.459710e+00,1.977357e+00,1.292461e+00,1.694897e+00,3.253334e+00,1.045243e+00,9.131911e-01,-1.776964e-01,-3.018101e-01,-5.990420e-02,1.003222e-02,9.965489e-02,3.857564e-01,5.501484e-01,2.696120e-01,1.816225e-02,8.763909e-03,1.525137e-02,3.445280e-03,3.003955e-03,-4.855120e-03,-1.148627e-02,-7.146836e-04,-9.439260e+00,-2.500026e-02,1.749047e+02,1.776865e-02,2.287431e-02,1.079067e-01,-7.756509e+01,-9.458012e-03,-6.180728e-03,-4.099976e-02
378,3.780000,8.134537e-01,-3.291815e+00,-3.288814e+00,-3.678363e+01,-5.067260e+01,1.151522e+01,1.413033e+01,1.331674e+01,-1.707381e+01,1.918492e+01,-2.687124e+00,-1.528445e+01,5.738447e+00,-1.474342e+00,9.066449e+00,-9.750504e+00,-2.848359e+00,5.466741e-01,3.988293e+00,4.838886e+00,4.065869e+00,-8.696512e-02,-2.647747e-01,-5.790045e-01,5.748468e-01,6.535050e-01,8.689826e-01,9.840308e-01,1.285643e+00,1.788814e+00,2.268607e+00,2.710092e+00,3.084724e+02,6.864322e-01,9.323464e-02,4.171181e-01,-3.043669e+00,8.546165e-01,5.561537e+00,-2.097883e+00,1.069606e-01,4.873725e+00,-2.573885e+00,2.458850e+00,1.626511e+00,1.046717e+00,1.827280e+00,3.574646e+00,2.058186e+00,1.265842e+00,-1.886487e-01,-3.085140e-01,-3.049466e-01,-2.760594e-01,-1.791376e-01,2.597426e-01,6.176821e-01,2.875191e-01,-1.089364e-02,1.036346e-04,-7.563072e-03,-2.325118e-03,-2.682333e-02,-6.429263e-02,-8.340349e-02,-4.782543e-02,-4.438980e+00,-2.825333e-02,8.327451e+01,6.648334e-03,1.715753e-02,3.146491e-02,-7.169746e+01,-8.555239e-03,-9.155250e-03,-4.069696e-02
379,3.790000,1.189883e+00,-2.734472e+00,-6.560406e+00,-3.434663e+01,-4.402649e+01,6.264855e+00,1.421684e+01,1.681660e+01,-2.052390e+01,2.217467e+01,-3.992711e+00,-1.364800e+01,6.782648e+00,1.394528e+00,1.219771e+01,-9.121866e+00,-2.821553e+00,3.143091e-01,3.607573e+00,4.406392e+00,3.696786e+00,1.705500e-01,5.996151e-01,-1.192999e-01,5.678933e-01,6.417057e-01,8.574681e-01,9.654731e-01,1.199356e+00,1.650828e+00,2.139191e+00,2.673749e+00,3.084724e+02,6.318192e-01,1.688043e-01,-1.138645e+00,-1.841385e+00,2.044785e+00,5.440120e+00,-2.214311e+00,7.875835e-01,1.922048e+00,-1.668295e+00,1.945011e+00,1.973020e+00,1.585384e+00,1.172080e+00,3.659544e+00,1.885949e+00,1.350731e+00,-1.692756e-01,-4.286619e-01,-5.378637e-01,-5.069863e-01,-3.923551e-01,-5.880093e-02,2.874650e-01,5.755634e-02,-2.642926e-02,-4.664421e-03,-1.662657e-02,-5.688906e-03,-3.637443e-02,-8.139230e-02,-1.149276e-01,-6.900962e-02,-1.303314e+00,-2.059922e-02,0,0,0,0,-4.330840e+01,-4.218564e-03,-6.290615e-03,-2.472783e-02
380,3.800000,1.392973e+00,-7.018582e+00,-8.227149e+00,-2.979008e+01,-3.863731e+01,5.341862e+00,1.739115e+01,1.465903e+01,-2.002417e+01,2.463144e+01,-5.607944e-01,-1.073772e+01,8.648223e+00,4.370306e+00,1.363324e+01,-7.639854e+00,-3.282590e+00,-6.073754e-01,2.464097e+00,3.383587e+00,2.850836e+00,-4.992920e-01,3.475332e-01,-3.096799e-01,4.746861e-01,6.376830e-01,8.051229e-01,9.715268e-01,1.171433e+00,1.554386e+00,1.914329e+00,2.486022e+00,3.084724e+02,6.327111e-01,-3.202151e-02,-2.707127e+00,7.798419e-02,2.637941e+00,4.157908e+00,-5.473964e-01,1.447137e+00,-7.434212e-01,5.003055e-01,-5.495186e-01,3.064614e+00,4.874867e-01,-3.922951e-01,2.584985e+00,8.058761e-01,1.525635e+00,-1.616675e-01,-5.350686e-01,-6.781586e-01,-6.270887e-01,-5.225132e-01,-3.774787e-01,-2.420039e-01,-2.807976e-01,-3.494517e-02,-7.287038e-03,-2.053233e-02,-9.557670e-03,-4.717501e-02,-7.488580e-02,-1.215865e-01,-7.343111e-02,0,-6.505799e-03,0,0,0,0,-1.665490e+01,-1.329667e-03,-3.431506e-03,-6.292982e-03
381,3.810000,1.307756e+00,-1.001859e+01,-5.175395e+00,-2.804394e+01,-3.522544e+01,6.478052e+00,1.922639e+01,1.317313e+01,-1.945312e+01,2.197462e+01,2.698512e+00,-1.003776e+01,7.625388e+00,8.063862e+00,1.328144e+01,-5.814909e+00,-3.250638e+00,-1.136244e+00,1.978145e+00,2.942248e+00,2.424237e+00,-9.662287e-01,-2.470762e-01,-9.907007e-01,4.737335e-01,6.310309e-01,7.967997e-01,9.480479e-01,1.120425e+00,1.492306e+00,1.867552e+00,2.473933e+00,3.084724e+02,6.373084e-01,-1.852808e-01,-3.303894e+00,1.011596e+00,2.372633e+00,2.152764e+00,-2.586929e-01,7.103300e-01,-1.980150e+00,1.732439e+00,-2.867932e+00,4.163617e+00,-1.328700e+00,-1.416004e+00,9.376200e-01,-5.088197e-01,8.365923e-01,-2.125518e-01,-4.452377e-01,-6.321880e-01,-6.133317e-01,-5.507202e-01,-4.991228e-01,-5.430356e-01,-4.364922e-01,-2.151296e-02,-4.578376e-03,-9.753048e-03,-7.670403e-03,-2.804274e-02,-2.960401e-02,-7.446941e-02,-1.869631e-02,0,-8.831263e-04,0,0,0,0,0,0,0,0
382,3.820000,5.944092e-01,-1.318539e+01,-3.591398e+00,-2.674527e+01,-3.428358e+01,8.671636e+00,1.886124e+01,1.142137e+01,-1.510767e+01,1.653736e+01,9.290333e+00,-1.465213e+01,3.355601e+00,8.115915e+00,1.255397e+01,-3.775805e+00,-3.442154e+00,-1.403393e+00,1.412215e+00,2.435514e+00,2.089577e+00,-1.405970e+00,-1.051448e+00,-1.547292e+00,4.472009e-01,6.224073e-01,7.966551e-01,9.449551e-01,1.089234e+00,1.493646e+00,1.796495e+00,2.442844e+00,3.084724e+02,6.511586e-01,-2.314284e-01,-3.781183e+00,7.787178e-01,3.070782e+00,5.884606e-01,-2.504817e+00,-3.141594e-03,-2.804142e+00,3.487492e+00,-3.911353e+00,4.292920e+00,-3.018157e+00,-1.901577e+00,-8.100287e-01,-1.336715e+00,-2.078971e-01,-3.184423e-01,-3.082572e-01,-6.071327e-01,-7.387222e-01,-7.511657e-01,-6.059960e-01,-6.359743e-01,-3.751493e-01,-1.512315e-02,-1.233223e-02,-1.212293e-02,-9.252387e-03,-3.152934e-02,-5.180252e-03,-5.385267e-02,1.586294e-02,0,-1.189819e-02,0,0,0,0,0,0,0,0
383,3.830000,6.627603e-01,-1.617054e+01,-3.820301e+00,-2.400587e+01,-3.543953e+01,3.306503e+00,1.703344e+01,8.534684e+00,-1.431995e+01,1.188205e+01,1.189981e+01,-1.833430e+01,2.348938e+00,4.209823e+00,1.019325e+01,-6.870929e+00,-3.804530e+00,-1.513871e+00,9.725742e-01,1.813770e+00,1.323814e+00,-1.871726e+00,-1.416072e+00,-1.682955e+00,4.740711e-01,6.264517e-01,8.129367e-01,9.404070e-01,1.100242e+00,1.533178e+00,1.825761e+00,2.601856e+00,3.084724e+02,6.181798e-01,-1.439426e-01,-4.666433e+00,-4.570685e-01,4.282840e+00,4.660690e-01,-4.799422e+00,-1.936504e-01,-3.067400e+00,5.158689e+00,-3.056049e+00,3.544997e+00,-1.888566e+00,-2.073810e-01,-1.905387e+00,-1.668131e+00,-1.704733e+00,-5.393405e-01,-3.799085e-01,-7.626898e-01,-1.013339e+00,-1.104244e+00,-7.471837e-01,-6.193078e-01,-2.538820e-01,-3.890262e-02,-1.617759e-02,-2.909846e-02,-2.298760e-03,-2.258718e-02,6.393659e-03,-5.652912e-02,5.404639e-03,0,-2.298849e-02,0,0,0,0,0,0,0,0
384,3.840000,5.583288e-01,-2.284853e+01,-5.011107e+00,-1.645520e+01,-3.558797e+01,-5.596447e+00,1.847191e+01,2.957541e+00,-5.153298e+00,1.012096e+01,1.630315e+01,-2.168023e+01,1.778564e+00,2.247182e+00,8.493759e+00,-8.151330e+00,-4.597856e+00,-1.959848e+00,-6.878054e-02,2.542154e-01,-3.547814e-01,-3.076524e+00,-2.247841e+00,-1.839299e+00,3.989016e-01,5.783114e-01,7.364397e-01,9.290853e-01,1.023878e+00,1.508049e+00,1.665961e+00,2.501375e+00,3.084724e+02,5.827844e-01,-5.648490e-02,-4.852669e+00,-1.054574e+00,4.646403e+00,1.426637e+00,-5.593387e+00,-1.029135e-01,-2.492376e+00,5.468946e+00,-1.356981e+00,2.407518e+00,1.176151e+00,9.715083e-01,-1.170974e+00,-8.603845e-01,-1.741428e+00,-6.009855e-01,-4.662917e-01,-8.324763e-01,-1.122425e+00,-1.254001e+00,-7.412087e-01,-5.223807e-01,-2.026809e-01,-5.587535e-02,-2.196521e-02,-3.472187e-02,3.390312e-04,-8.640563e-03,6.332827e-03,-4.843191e-02,-1.850276e-02,0,-2.249383e-02,0,0,0,0,0,0,0,0
385,3.850000,6.060836e-01,-2.851919e+01,-6.750884e+00,-1.177477e+01,-3.224291e+01,-1.038502e+01,1.845280e+01,2.068046e+00,1.363137e+00,9.902575e+00,1.691709e+01,-1.596654e+01,7.377001e+00,1.471295e+00,6.970892e+00,-1.215081e+01,-5.369490e+00,-2.757559e+00,-1.094806e+00,-1.033800e+00,-1.874804e+00,-3.866870e+00,-2.745419e+00,-2.114107e+00,3.033701e-01,5.721908e-01,6.814151e-01,9.444889e-01,1.040167e+00,1.517073e+00,1.650174e+00,2.471691e+00,3.084724e+02,5.565531e-01,-8.806894e-02,-4.241021e+00,-1.151253e+00,3.552896e+00,2.448565e+00,-3.125560e+00,-3.946877e-01,-1.070782e+00,4.738729e+00,-8.495516e-01,9.670431e-01,4.270777e+00,8.222486e-01,-1.227264e-01,6.992130e-01,-6.127385e-01,-5.325343e-01,-5.709180e-01,-8.021013e-01,-9.860913e-01,-1.077728e+00,-5.645944e-01,-4.495915e-01,-2.476789e-01,-6.363553e-02,-1.849734e-02,-2.614206e-02,3.253841e-03,4.886329e-03,2.936804e-03,-4.223434e-02,-8.403323e-02,0,-4.864066e-02,0,0,0,0,0,0,0,0
386,3.860000,3.403231e-01,-3.127441e+01,-7.398979e+00,-9.628806e+00,-2.874871e+01,-1.244954e+01,1.763699e+01,2.192811e+00,4.395517e+00,1.074220e+01,1.881928e+01,-9.955256e+00,5.699111e+00,3.630311e+00,9.863224e+00,-9.843005e+00,-5.664602e+00,-3.113007e+00,-1.716476e+00,-1.752824e+00,-2.581119e+00,-4.114440e+00,-2.998678e+00,-2.345120e+00,2.531746e-01,5.397117e-01,6.888066e-01,9.446092e-01,1.076068e+00,1.533363e+00,1.642129e+00,2.415413e+00,3.084724e+02,5.695028e-01,-8.643039e-02,-2.660976e+00,-1.229355e+00,1.693384e+00,2.904812e+00,-3.060119e-01,-9.095401e-01,8.851019e-01,2.206486e+00,-1.212493e+00,-6.814326e-01,5.168270e+00,-2.821713e-01,-6.838035e-01,2.034697e+00,-7.311438e-01,-3.316453e-01,-5.488582e-01,-5.978331e-01,-6.388531e-01,-6.678001e-01,-2.054376e-01,-2.236005e-01,-2.174504e-01,-3.181126e-02,-6.025344e-03,4.134715e-03,6.248534e-03,4.081764e-02,1.367415e-02,9.689594e-03,-6.780696e-02,0,-5.518591e-02,0,0,0,0,0,0,0,0
387,3.870000,3.314185e-01,-3.316270e+01,-8.382630e+00,-9.654593e+00,-2.661634e+01,-8.894753e+00,1.547747e+01,3.563140e+00,4.599285e+00,7.323676e+00,1.547696e+01,-2.842900e+00,4.499907e+00,2.904626e+00,1.300459e+01,-9.088784e+00,-5.933829e+00,-3.791881e+00,-2.214084e+00,-2.113167e+00,-2.951658e+00,-4.175739e+00,-3.288610e+00,-2.668439e+00,2.287570e-01,5.532649e-01,7.060430e-01,9.489142e-01,1.098578e+00,1.535205e+00,1.626505e+00,2.224671e+00,3.084724e+02,3.816173e-01,-8.230861e-02,-1.289249e+00,-1.304373e+00,6.164398e-01,2.470567e+00,1.624262e+00,-1.599119e+00,6.123676e-01,1.093935e+00,-1.818216e+00,-1.884673e+00,2.798952e+00,-8.891290e-01,-1.581339e+00,2.655832e+00,-7.733483e-01,-1.601468e-01,-4.421349e-01,-3.981223e-01,-3.731356e-01,-2.895547e-01,2.898452e-02,-8.125672e-02,-1.089179e-01,1.412622e-02,7.219464e-03,3.056300e-02,1.171462e-02,6.652971e-02,1.828406e-02,6.028653e-02,-3.342814e-02,0,-5.239303e-02,0,0,0,0,0,0,0,0
388,3.880000,2.635095e-01,-3.383165e+01,-1.034201e+01,-9.048371e+00,-2.387719e+01,-7.871639e+00,1.541188e+01,6.635504e+00,4.261056e+00,5.347943e+00,1.361605e+01,-2.400707e+00,1.806255e+00,-1.888501e+00,1.565040e+01,-1.333806e+01,-5.973913e+00,-4.186978e+00,-2.498307e+00,-2.400367e+00,-3.155355e+00,-3.949277e+00,-3.094248e+00,-2.649385e+00,2.771518e-01,5.576477e-01,7.447993e-01,9.581153e-01,1.198760e+00,1.567354e+00,1.726243e+00,2.285850e+00,3.084724e+02,3.943227e-01,-4.524749e-02,-5.893391e-01,-1.605573e+00,1.122952e-02,2.282049e+00,2.396977e+00,-2.774633e+00,-1.675435e+00,4.330567e-01,-2.006856e+00,-2.614989e+00,-4.373388e-02,2.344365e-01,-1.933827e+00,1.268868e+00,-2.029382e+00,-8.588543e-02,-3.429678e-01,-3.461441e-01,-2.549821e-01,-3.765998e-02,1.363395e-01,1.915765e-03,8.146191e-03,4.241152e-02,2.297108e-02,5.002412e-02,2.512602e-02,9.203211e-02,2.256956e-02,1.131509e-01,6.215560e-02,0,-6.397754e-04,0,0,0,0,0,0,0,0
389,3.890000,2.329473e-01,-3.368682e+01,-1.180124e+01,-8.982788e+00,-2.232583e+01,-4.552660e+00,1.156976e+01,2.908537e+00,6.900044e+00,3.508622e+00,1.009533e+01,-5.749058e+00,4.877784e+00,-3.675993e+00,1.735647e+01,-1.427002e+01,-6.015568e+00,-4.431248e+00,-2.694502e+00,-2.575706e+00,-3.035459e+00,-3.804529e+00,-3.103918e+00,-2.506564e+00,3.620126e-01,5.993201e-01,8.062337e-01,9.963090e-01,1.311470e+00,1.591498e+00,1.909549e+00,2.369332e+00,3.084724e+02,3.821779e-01,-4.265465e-02,-1.019054e-01,-1.487966e+00,-3.336803e-01,1.952970e+00,2.168560e+00,-4.391454e+00,-5.091271e+00,2.941620e-01,-8.555394e-01,-2.069384e+00,-1.964372e+00,2.077311e+00,-2.734608e-01,-9.182795e-01,-1.233574e+00,-5.571623e-02,-1.195488e-01,-3.294564e-01,-2.097741e-01,1.939251e-01,1.638857e-01,7.447934e-03,9.289541e-02,4.610882e-02,2.427751e-02,6.502096e-02,3.502616e-02,8.360970e-02,2.413435e-02,1.145942e-01,1.254937e-01,0,5.501332e-02,0,0,0,0,0,0,0,0
390,3.900000,1.633212e-01,-3.395905e+01,-1.371754e+01,-9.908561e+00,-1.948372e+01,-2.635703e+00,5.717681e+00,-5.857066e+00,5.410421e+00,2.615440e+00,8.435153e+00,-8.720847e+00,6.682355e+00,-2.748514e+00,1.403162e+01,-1.739930e+01,-6.053159e+00,-4.508162e+00,-3.206988e+00,-2.796465e+00,-2.727518e+00,-3.618348e+00,-3.081446e+00,-2.385326e+00,3.986044e-01,6.315394e-01,8.888319e-01,1.046542e+00,1.429783e+00,1.618064e+00,2.066362e+00,2.653861e+00,3.084724e+02,5.660236e-01,-2.672747e-02,1.612625e-02,-1.074117e+00,-8.456727e-01,1.623428e+00,1.683794e+00,-5.060348e+00,-6.091668e+00,6.441389e-01,3.262116e-01,-1.267291e+00,-1.138537e+00,3.468578e+00,1.810012e+00,-2.720582e+00,1.671576e-01,-8.421512e-02,1.899791e-02,-2.927806e-01,-1.672642e-01,2.920399e-01,1.492679e-01,-4.047317e-02,6.648163e-02,1.199515e-02,1.685802e-02,5.418507e-02,3.420388e-02,3.892015e-02,9.539318e-03,4.081918e-02,9.557188e-02,0,5.160584e-02,0,0,0,0,0,0,0,0
391,3.910000,1.682394e-01,-3.360853e+01,-1.413469e+01,-1.089290e+01,-1.904822e+01,-6.699238e-01,-1.632702e+00,-1.564693e+01,5.495413e+00,4.412230e+00,7.720490e+00,-9.504691e+00,1.244841e+01,1.967328e+00,9.222576e+00,-1.322604e+01,-6.172787e+00,-4.229033e+00,-3.507025e+00,-2.963989e+00,-2.195951e+00,-3.521775e+00,-3.257772e+00,-2.335991e+00,3.985747e-01,6.377066e-01,9.591315e-01,1.079832e+00,1.401115e+00,1.630522e+00,2.029417e+00,2.668134e+00,3.084724e+02,5.708335e-01,-5.723843e-03,5.070000e-02,-5.092349e-01,-9.289959e-01,1.182973e+00,4.452972e-01,-3.631794e+00,-3.102830e+00,1.379535e+00,1.264434e+00,-7.676735e-01,5.789610e-01,3.701586e+00,2.331972e+00,-2.590365e+00,1.250351e+00,-8.787861e-02,8.059950e-02,-1.389117e-01,-1.112427e-01,2.132799e-01,1.384912e-01,-2.060177e-02,5.145097e-03,-2.261781e-02,-1.605213e-04,1.905799e-02,2.268713e-02,-1.223850e-02,-8.115148e-03,-5.892793e-02,3.421335e-02,0,3.459427e-02,0,0,0,0,0,0,0,0
392,3.920000,1.622261e-01,-3.379016e+01,-1.454586e+01,-1.232168e+01,-1.739886e+01,-1.394036e+00,-3.288625e+00,-1.454510e+01,8.184066e+00,6.527197e+00,8.467019e+00,-6.215578e+00,1.536383e+01,4.339897e+00,6.114430e+00,-1.302427e+01,-6.316379e+00,-4.193096e+00,-3.555948e+00,-3.042547e+00,-2.114909e+00,-3.344314e+00,-3.219687e+00,-2.402264e+00,3.188465e-01,6.227446e-01,9.392757e-01,1.087373e+00,1.348539e+00,1.595538e+00,1.870405e+00,2.614308e+00,3.084724e+02,5.580242e-01,4.063986e-03,9.541474e-02,7.580881e-02,-4.823286e-01,5.884460e-01,-8.000823e-01,-1.520735e+00,7.066339e-01,2.267114e+00,1.641254e+00,-7.689772e-01,1.514901e+00,2.823086e+00,1.910529e+00,-2.509910e-01,2.265656e+00,-4.425197e-02,6.167874e-02,5.519049e-02,-6.355655e-02,3.125565e-02,8.332489e-02,2.375302e-02,-3.398340e-02,-4.081715e-02,-9.084195e-03,-1.671996e-02,9.452224e-03,-3.601464e-02,-2.066973e-02,-9.714128e-02,-2.937000e-02,0,-3.168869e-03,0,0,0,0,0,0,0,0
393,3.930000,2.048757e-01,-3.351776e+01,-1.393325e+01,-1.242121e+01,-1.745340e+01,-2.947007e+00,-2.086060e+00,-8.261596e+00,1.241090e+01,7.874912e+00,6.241034e+00,-4.106887e+00,1.904498e+01,4.439660e+00,8.363239e+00,-1.020578e+01,-6.323351e+00,-4.185784e+00,-3.214581e+00,-3.008879e+00,-2.275363e+00,-3.249090e+00,-3.137807e+00,-2.472370e+00,2.888025e-01,6.029149e-01,8.763017e-01,1.089329e+00,1.290899e+00,1.562185e+00,1.712888e+00,2.560175e+00,3.084724e+02,5.591490e-01,3.367040e-03,-3.626900e-02,7.065687e-02,5.536036e-01,4.834402e-01,-1.423240e+00,-1.097107e-01,2.596411e+00,2.375980e+00,1.305138e+00,-1.135874e+00,1.239953e+00,1.008128e+00,5.307146e-01,1.798931e+00,1.337368e+00,-4.400730e-04,-4.264402e-03,9.750225e-02,-1.007330e-01,-1.546951e-01,1.702840e-02,7.631352e-02,-1.002886e-02,-3.772417e-02,-1.214609e-02,-2.770372e-02,5.629086e-03,-1.955531e-02,-1.672150e-02,-5.264528e-02,-1.893923e-02,0,-1.052779e-03,0,0,0,0,0,0,0,0
394,3.940000,1.653230e-01,-3.352736e+01,-1.343922e+01,-1.155605e+01,-1.733890e+01,-5.497572e+00,-1.659315e+00,-6.016565e+00,1.328825e+01,9.090368e+00,5.329995e+00,-3.845243e+00,1.749950e+01,5.567966e+00,1.320633e+01,-7.581144e+00,-6.199137e+00,-4.221393e+00,-3.077258e+00,-3.091803e+00,-2.531533e+00,-3.338066e+00,-3.022663e+00,-2.487054e+00,2.494048e-01,6.035143e-01,8.466470e-01,1.089054e+00,1.304818e+00,1.548884e+00,1.738920e+00,2.560991e+00,3.084724e+02,5.560215e-01,-2.357076e-03,-1.230816e-01,-1.820351e-01,1.324567e+00,5.371286e-01,-8.286565e-01,-9.236173e-02,8.500105e-01,1.457399e+00,1.202282e+00,-8.416908e-01,-8.980332e-02,-4.438103e-01,6.996850e-01,2.751687e+00,6.896349e-01,2.434068e-02,-4.503121e-02,2.682447e-04,-1.663690e-01,-1.345435e-01,-5.251906e-02,6.991778e-02,4.833622e-02,-2.222414e-02,-3.003031e-03,-1.180399e-03,6.903529e-03,7.388747e-03,2.565586e-03,3.907470e-02,1.325364e-02,0,7.566357e-03,0,0,0,0,0,0,0,0
395,3.950000,1.835261e-01,-3.392128e+01,-1.433473e+01,-8.507696e+00,-1.666100e+01,-5.734356e+00,-2.995910e+00,-6.929147e+00,1.482322e+01,9.656335e+00,3.609631e+00,-4.490096e+00,1.642122e+01,4.006867e+00,1.467128e+01,-9.260757e+00,-6.233608e+00,-4.236206e+00,-3.258859e+00,-3.443025e+00,-2.761114e+00,-3.439758e+00,-2.974716e+00,-2.343740e+00,2.446747e-01,5.865913e-01,8.669273e-01,1.107137e+00,1.325199e+00,1.570242e+00,1.831933e+00,2.600097e+00,3.084724e+02,5.665709e-01,-5.269525e-03,-1.137772e-01,-3.545491e-01,1.250352e+00,4.826501e-01,-4.682522e-02,-1.205285e+00,-9.581054e-01,1.157515e+00,4.911284e-01,3.452248e-01,-1.477801e+00,-1.120723e+00,7.444748e-01,1.601681e+00,-9.598950e-01,1.171575e-02,-1.073456e-02,-7.521892e-02,-1.784941e-01,-1.059167e-02,-3.405912e-02,5.340362e-03,8.519213e-02,-6.967335e-03,-1.702327e-03,2.225019e-02,7.216477e-03,1.704483e-02,1.067401e-02,6.898121e-02,2.486858e-02,0,1.394351e-02,0,0,0,0,0,0,0,0
396,3.960000,1.611155e-01,-3.420381e+01,-1.525530e+01,-7.655602e+00,-1.510941e+01,-4.143644e+00,-3.295508e+00,-1.096127e+01,1.426490e+01,1.164789e+01,5.574266e+00,-6.472990e+00,1.445666e+01,8.054718e+00,1.671884e+01,-1.004861e+01,-6.239547e+00,-4.393041e+00,-3.532468e+00,-3.657318e+00,-2.544751e+00,-3.511576e+00,-2.951643e+00,-2.224898e+00,2.297897e-01,6.158912e-01,9.380609e-01,1.112987e+00,1.368333e+00,1.604338e+00,2.006256e+00,2.660616e+00,3.084724e+02,5.921450e-01,1.347071e-02,3.918839e-03,-1.492668e-01,3.505151e-01,1.162601e-01,6.972368e-01,-1.349257e+00,-1.377890e+00,4.335009e-01,-5.246253e-01,7.713081e-01,-2.597990e+00,-7.142985e-01,6.958231e-01,1.310399e-01,-1.526770e+00,1.460271e-02,-4.488039e-03,-4.778896e-02,-8.464567e-02,1.356385e-01,7.704401e-03,-5.536713e-02,4.999330e-02,9.360868e-03,3.353953e-04,2.420614e-02,1.363444e-03,5.662680e-04,1.132405e-02,2.840036e-02,8.930373e-03,0,1.864434e-02,0,0,0,0,0,0,0,0
397,3.970000,1.806318e-01,-3.374842e+01,-1.479796e+01,-8.119674e+00,-1.615489e+01,-3.858098e+00,-7.294389e+00,-1.057977e+01,1.771015e+01,9.051790e+00,7.845022e+00,-1.018202e+01,1.496279e+01,6.918657e+00,1.461539e+01,-1.377153e+01,-6.244567e+00,-4.153633e+00,-3.363070e+00,-3.618591e+00,-2.321713e+00,-3.332631e+00,-3.146615e+00,-2.177488e+00,2.637734e-01,5.882148e-01,9.418457e-01,1.113445e+00,1.344366e+00,1.587828e+00,1.924126e+00,2.634705e+00,3.084724e+02,6.108048e-01,2.329262e-02,1.125950e-01,3.010553e-01,-4.805877e-01,-8.519021e-01,-1.431094e-01,-8.270489e-01,-4.448021e-01,-7.554102e-02,-1.421855e+00,6.361583e-01,-2.469357e+00,-8.181125e-01,-5.038431e-01,-1.204930e+00,-6.719522e-01,1.625581e-02,4.897981e-02,7.778762e-02,3.145502e-02,1.100160e-01,7.069707e-03,-7.543306e-02,-3.453851e-03,2.075715e-02,-5.924529e-03,-3.206599e-03,-6.493449e-03,-2.512748e-02,-1.020336e-03,-4.908394e-02,-2.237778e-02,0,1.653712e-02,0,0,0,0,0,0,0,0
398,3.980000,2.341237e-01,-3.359420e+01,-1.395394e+01,-9.997485e+00,-1.701065e+01,-2.949517e+00,-6.256361e+00,-1.108070e+01,1.401229e+01,6.769514e+00,7.068841e+00,-1.398923e+01,1.465722e+01,7.591186e+00,1.388948e+01,-1.295961e+01,-6.120644e+00,-4.285120e+00,-3.264097e+00,-3.427248e+00,-2.073041e+00,-3.353107e+00,-3.213549e+00,-2.320214e+00,2.866598e-01,6.043795e-01,9.302185e-01,1.092718e+00,1.298065e+00,1.596711e+00,1.834825e+00,2.588338e+00,3.084724e+02,6.271263e-01,3.418390e-02,-1.508453e-01,3.674870e-01,-1.276960e-01,-1.100573e+00,-1.410608e+00,-1.036131e-01,2.986909e-01,-5.013314e-01,-6.988007e-01,-1.528570e-01,-1.826596e+00,-1.678071e+00,-2.147065e+00,-1.370310e+00,-2.112331e-02,-1.382837e-02,6.737547e-02,1.055286e-01,-5.878210e-03,-6.765368e-02,-6.294417e-02,-3.572619e-02,-4.929798e-02,2.300018e-02,-1.724758e-02,-3.112714e-02,-1.082981e-02,-4.244212e-02,-4.580629e-03,-9.491213e-02,-4.562316e-02,0,1.222016e-02,0,0,0,0,0,0,0,0
399,3.990000,2.634851e-01,-3.366311e+01,-1.348013e+01,-9.739693e+00,-1.996989e+01,-7.046966e+00,-5.650728e+00,-9.093442e+00,1.457182e+01,4.986249e+00,6.043135e+00,-1.307876e+01,1.223037e+01,1.719418e+00,1.006131e+01,-1.116502e+01,-6.211781e+00,-4.045268e+00,-3.004107e+00,-3.400785e+00,-2.446889e+00,-3.483643e+00,-3.220928e+00,-2.313352e+00,3.200254e-01,5.627245e-01,8.548155e-01,1.084804e+00,1.234695e+00,1.568954e+00,1.672229e+00,2.524347e+00,3.084724e+02,6.317659e-01,2.032231e-02,-5.164596e-01,3.314896e-01,8.191830e-01,-6.280558e-01,-2.522566e+00,4.580382e-01,5.026790e-01,-1.015843e+00,8.806272e-01,-2.612492e-01,-1.334790e+00,-2.385244e+00,-2.342106e+00,-8.241068e-01,1.567988e-01,-2.491164e-02,6.911793e-02,4.993935e-02,-1.136664e-01,-2.474616e-01,-1.543401e-01,1.699247e-02,-7.624876e-02,1.352766e-02,-2.265328e-02,-4.298040e-02,-1.134759e-02,-4.073529e-02,-7.169378e-03,-7.532421e-02,-9.501843e-02,0,6.004644e-03,0,0,0,0,0,0,0,0
400,4.000000,2.906083e-01,-3.500069e+01,-1.407677e+01,-7.484072e+00,-1.870478e+01,-9.602250e+00,-4.635405e+00,-1.021098e+01,1.332740e+01,1.018666e+01,5.710925e+00,-1.415760e+01,7.432512e+00,-8.098606e-02,1.214433e+01,-1.145748e+01,-6.325082e+00,-4.110346e+00,-3.184307e+00,-3.795612e+00,-2.820431e+00,-3.750791e+00,-3.093117e+00,-2.403455e+00,3.166645e-01,5.423985e-01,8.259403e-01,1.073159e+00,1.210957e+00,1.590872e+00,1.657644e+00,2.487679e+00,3.084724e+02,6.427652e-01,9.755492e-04,-7.066666e-01,2.609914e-01,1.357493e+00,1.659756e-02,-2.774559e+00,5.038595e-02,6.826391e-01,-1.583109e+00,1.559406e+00,2.785044e-01,-1.663095e+00,-2.163510e+00,-1.648638e+00,4.042734e-01,-7.093199e-01,-5.361462e-03,6.394418e-02,-1.427917e-02,-1.749463e-01,-3.135417e-01,-1.549019e-01,3.486707e-02,-9.622266e-02,9.263781e-03,-2.572370e-02,-3.193991e-02,-1.299269e-02,-1.847827e-02,-5.451202e-03,-4.088044e-02,-9.705510e-02,0,1.652324e-03,0,0,0,0,0,0,0,0
401,4.010000,2.540011e-01,-3.562747e+01,-1.307909e+01,-5.280466e+00,-1.844811e+01,-1.314456e+01,-5.814676e+00,-8.501235e+00,1.297337e+01,1.174635e+01,7.217734e+00,-1.677178e+01,6.648924e+00,-9.557865e-01,1.136743e+01,-1.373860e+01,-6.266906e+00,-3.895430e+00,-3.153269e+00,-4.002741e+00,-3.185326e+00,-3.905490e+00,-3.121868e+00,-2.517111e+00,3.164093e-01,5.059389e-01,7.790828e-01,1.066486e+00,1.184244e+00,1.554901e+00,1.636096e+00,2.209943e+00,3.084724e+02,6.330085e-01,-1.793087e-02,-6.360359e-01,3.814229e-01,5.624512e-01,1.250324e-01,-1.676455e+00,1.771224e-01,7.113938e-01,-2.731086e+00,1.149569e-01,-2.960756e-01,-1.460939e+00,-1.058884e+00,3.574404e-01,1.678225e+00,-5.522106e-01,4.073167e-02,-4.731636e-02,-3.088760e-02,-7.687831e-02,-2.336691e-01,-1.086173e-01,-5.750465e-03,-1.414166e-01,1.168125e-02,-1.054413e-02,-6.658858e-03,-1.007106e-02,1.260419e-02,-2.042401e-03,7.886589e-03,-6.255269e-02,0,-9.732187e-04,0,0,0,0,0,0,0,0
402,4.020000,2.437435e-01,-3.614535e+01,-1.284951e+01,-5.439636e+00,-1.768855e+01,-1.377351e+01,-5.922457e+00,-7.963612e+00,6.895970e+00,1.118649e+01,7.874063e+00,-2.045820e+01,6.630398e+00,6.855981e-01,1.525779e+01,-1.521942e+01,-6.119888e+00,-4.040318e+00,-3.260912e+00,-4.001001e+00,-3.271531e+00,-3.916694e+00,-3.088744e+00,-2.699448e+00,3.347867e-01,5.041538e-01,8.083854e-01,1.036913e+00,1.230900e+00,1.576481e+00,1.648489e+00,2.260265e+00,3.084724e+02,6.347666e-01,-3.752233e-02,-4.021873e-01,3.339246e-01,-3.058766e-01,-8.675413e-01,-1.345091e+00,6.184243e-01,1.235567e+00,-3.048241e+00,-2.448156e+00,-8.632892e-01,-2.276482e-01,-7.656992e-01,5.109732e-01,1.423713e+00,3.736187e-01,3.479619e-02,-1.042501e-01,4.163139e-02,6.079457e-02,-2.143716e-01,-5.172307e-02,-4.929912e-02,-1.132356e-01,2.451205e-02,-3.272295e-04,1.152928e-02,-4.164123e-03,4.897032e-02,4.580903e-03,2.521846e-02,4.566135e-02,0,-1.032472e-03,0,0,0,0,0,0,0,0
403,4.030000,1.972632e-01,-3.627096e+01,-1.218665e+01,-7.949655e+00,-1.985284e+01,-1.334361e+01,-4.121590e+00,-6.660158e+00,4.132113e+00,5.061118e+00,3.481188e+00,-1.723316e+01,7.337006e+00,3.123327e+00,1.689571e+01,-1.204510e+01,-6.110720e+00,-4.316864e+00,-3.120242e+00,-3.682482e+00,-3.389685e+00,-3.943778e+00,-3.251867e+00,-2.872438e+00,3.693706e-01,5.291262e-01,8.302987e-01,1.052572e+00,1.287745e+00,1.565937e+00,1.716239e+00,2.325290e+00,3.084724e+02,6.308991e-01,-4.057203e-02,-4.736454e-01,1.440356e-01,-1.740619e-01,-1.005806e+00,-7.391566e-01,1.067943e+00,1.366947e+00,-2.528233e+00,-3.784088e+00,-1.931709e+00,6.952264e-01,-1.730438e+00,-8.470031e-01,6.605069e-01,1.760130e+00,1.442451e-02,-1.887209e-01,3.357666e-02,5.073583e-02,-2.568473e-01,-7.199478e-02,-8.724537e-02,-8.813693e-02,2.909959e-02,9.163928e-03,2.126237e-02,7.241189e-03,6.911518e-02,1.429980e-02,5.799534e-02,1.324372e-01,0,1.078165e-03,0,0,0,0,0,0,0,0
404,4.040000,1.313656e-01,-3.668988e+01,-1.285337e+01,-7.678860e+00,-2.234012e+01,-1.622818e+01,-2.389826e+00,-4.953684e+00,2.506827e+00,1.288499e+00,3.262752e+00,-1.506515e+01,3.259975e+00,4.343228e-01,1.649875e+01,-1.043613e+01,-6.229195e+00,-4.420880e+00,-2.992663e+00,-3.651769e+00,-3.790110e+00,-3.990262e+00,-3.274614e+00,-2.791970e+00,4.127441e-01,5.291687e-01,8.579788e-01,1.059295e+00,1.404058e+00,1.608259e+00,1.743664e+00,2.658312e+00,3.084724e+02,6.386576e-01,-3.599360e-02,-5.846573e-01,-1.179776e-01,1.032278e+00,-4.364260e-01,-6.917521e-01,1.470863e+00,1.479800e+00,-1.311155e+00,-4.260740e+00,-1.686341e+00,2.987139e-01,-2.788482e+00,-2.768899e+00,-8.525651e-01,2.645335e+00,2.582860e-02,-1.867061e-01,-3.854947e-02,-6.146691e-02,-3.523435e-01,-1.149470e-01,-8.910932e-02,-5.596495e-03,1.837172e-02,7.753575e-03,1.366696e-02,1.338679e-02,6.492325e-02,1.304218e-02,5.807567e-02,1.167020e-01,0,1.428312e-03,0,0,0,0,0,0,0,0
405,4.050000,1.073299e-01,-3.772343e+01,-1.235698e+01,-5.031163e+00,-2.115136e+01,-1.561301e+01,-2.241277e+00,-3.171466e+00,2.526779e+00,-2.225091e+00,-1.351555e-01,-1.599217e+01,-3.180548e-01,-5.065165e+00,1.404948e+01,-7.329592e+00,-6.140131e+00,-4.648754e+00,-3.119510e+00,-3.923678e+00,-4.210273e+00,-4.228680e+00,-3.465160e+00,-2.911534e+00,4.229286e-01,5.392511e-01,8.605979e-01,1.091501e+00,1.443240e+00,1.610511e+00,1.878485e+00,2.673105e+00,3.084724e+02,6.364539e-01,-5.869313e-03,-7.021893e-01,-4.149320e-01,2.032455e+00,5.831993e-01,-2.191381e-01,1.059144e+00,6.364415e-01,-7.895616e-01,-4.037249e+00,-1.843261e+00,-9.559026e-01,-2.906213e+00,-3.604776e+00,-1.080427e+00,2.605121e+00,8.262739e-02,-1.836457e-01,-1.662974e-01,-1.898904e-01,-3.534054e-01,-1.454621e-01,-6.905303e-02,4.467578e-02,4.395899e-03,5.153161e-03,5.036467e-03,9.453475e-03,4.354534e-02,8.239532e-03,5.066376e-02,6.817470e-02,0,3.891700e-03,0,0,0,0,0,0,0,0
406,4.060000,1.087421e-01,-3.834240e+01,-1.335423e+01,-1.737492e+00,-1.922143e+01,-1.609757e+01,4.917000e-01,-2.308960e+00,1.142862e+00,-6.474103e+00,1.250531e+00,-1.958512e+01,-3.484481e+00,-9.064652e+00,1.241808e+01,-4.350498e+00,-5.976040e+00,-4.807903e+00,-3.454026e+00,-4.187738e+00,-4.622955e+00,-4.348978e+00,-3.427644e+00,-2.707882e+00,3.998663e-01,5.378592e-01,8.615706e-01,1.084382e+00,1.477768e+00,1.619405e+00,1.857745e+00,2.669867e+00,3.084724e+02,6.391308e-01,1.122365e-02,-5.823013e-01,-4.874452e-01,2.010177e+00,6.273333e-01,2.235654e-01,3.696291e-01,1.540456e-01,-1.460557e-01,-4.081699e+00,-1.819773e+00,-4.297541e-01,-2.321434e-01,-1.652715e+00,-5.377118e-01,1.315669e+00,8.896599e-02,-1.384047e-01,-2.046368e-01,-1.763121e-01,-2.815042e-01,-1.257599e-01,-7.315004e-02,6.646045e-02,-8.504632e-03,3.345507e-03,-1.081756e-02,5.200398e-03,1.453029e-02,-6.251502e-03,1.690054e-02,-4.013729e-03,0,-3.928829e-02,0,0,0,0,0,0,0,0
407,4.070000,1.792283e-01,-3.895565e+01,-1.401088e+01,-7.580659e-01,-1.849619e+01,-1.450460e+01,-2.666326e-01,-4.800312e+00,8.662869e-01,-1.124382e+01,-4.729009e+00,-1.975269e+01,-3.821833e+00,-1.015107e+01,1.353392e+01,-2.062313e+00,-5.824160e+00,-5.041580e+00,-3.721048e+00,-4.363950e+00,-4.740290e+00,-4.491730e+00,-3.520617e+00,-2.691103e+00,3.977890e-01,5.505468e-01,8.536851e-01,1.087296e+00,1.468617e+00,1.601561e+00,1.912518e+00,2.660386e+00,3.084724e+02,6.501210e-01,2.342170e-02,-3.277794e-01,-4.894737e-01,1.174648e+00,-8.638287e-02,-2.377403e-01,1.685264e-01,7.643546e-01,4.058578e-01,-2.632223e+00,-8.499581e-01,1.750638e+00,1.782176e+00,2.201144e-01,8.529611e-01,-5.869904e-01,-1.319375e-02,-7.663627e-02,-1.012105e-01,-7.941208e-02,-1.965270e-01,-5.453029e-02,-1.864352e-02,6.031654e-02,-4.241458e-03,1.050448e-03,-2.476081e-02,-3.421152e-03,-4.725146e-03,-1.119659e-02,-2.723196e-02,-2.948649e-02,0,-6.095114e-02,0,0,0,0,0,0,0,0
408,4.080000,1.515346e-01,-3.898528e+01,-1.446364e+01,2.354773e-01,-2.053103e+01,-1.566456e+01,-1.529003e+00,-3.369033e+00,2.606795e+00,-1.461063e+01,-3.539188e+00,-1.533367e+01,3.851147e+00,-5.286304e+00,1.406798e+01,-6.491428e+00,-5.942350e+00,-4.916490e+00,-3.715079e+00,-4.313194e+00,-4.932622e+00,-4.487536e+00,-3.612635e+00,-2.569883e+00,3.827908e-01,5.402484e-01,8.073474e-01,1.087400e+00,1.464022e+00,1.581476e+00,1.811151e+00,2.644603e+00,3.084724e+02,4.353825e-01,1.355540e-02,-7.463226e-02,-2.177109e-01,2.609378e-01,-4.632578e-01,-1.166804e+00,-4.038719e-02,2.271076e+00,1.135955e+00,-3.533923e-01,9.066595e-01,4.144376e+00,3.408763e+00,1.567280e+00,1.693711e+00,-2.034697e+00,-1.438803e-01,1.141210e-02,4.131589e-02,2.362823e-02,-1.386797e-01,3.529863e-02,4.949834e-02,9.189725e-03,-5.768865e-04,-2.213269e-03,-3.392767e-02,-6.180561e-03,-1.998899e-02,-9.266758e-03,-4.849106e-02,-4.625947e-02,0,-6.171500e-02,0,0,0,0,0,0,0,0
409,4.090000,2.030421e-01,-3.904089e+01,-1.424964e+01,-1.444060e-01,-2.092847e+01,-1.701822e+01,-3.882934e-01,1.180344e+00,3.824102e+00,-1.131794e+01,-1.990087e+00,-9.364709e+00,4.925010e+00,-5.853767e+00,1.748934e+01,-9.194078e+00,-6.222944e+00,-4.977642e+00,-3.495036e+00,-4.258011e+00,-5.038074e+00,-4.432052e+00,-3.465882e+00,-2.678951e+00,4.102591e-01,5.433088e-01,7.639055e-01,1.072886e+00,1.426488e+00,1.573493e+00,1.765622e+00,2.538305e+00,3.084724e+02,4.335723e-01,9.952992e-03,9.201012e-02,4.672432e-02,-2.916769e-01,-2.088186e-01,-1.699277e+00,9.094830e-01,3.232096e+00,9.239783e-01,1.276508e+00,2.853996e+00,4.288562e+00,2.093717e+00,1.140072e+00,1.270103e+00,-1.518092e+00,-1.960464e-01,4.286523e-02,1.088068e-01,8.530374e-02,-1.032250e-01,9.595990e-02,1.154652e-01,-1.648033e-02,3.519803e-03,-1.542735e-03,-2.356548e-02,-5.758333e-03,-1.599731e-02,3.213155e-03,-2.987804e-02,-4.304831e-02,5.751221e-01,4.962909e-03,0,0,0,0,2.286531e+01,2.680907e-02,0,1.807111e-03
410,4.100000,1.646122e-01,-3.867294e+01,-1.432341e+01,-7.396326e-01,-2.032158e+01,-2.067478e+01,3.505945e-01,6.056092e+00,5.343729e+00,-8.204005e+00,4.414367e+00,-4.057232e+00,9.185912e+00,-3.376902e+00,1.890892e+01,-1.095810e+01,-6.496049e+00,-4.782812e+00,-3.360452e+00,-4.122566e+00,-5.167461e+00,-4.202324e+00,-3.207520e+00,-2.668010e+00,3.907469e-01,5.304118e-01,7.368221e-01,1.060684e+00,1.398888e+00,1.587106e+00,1.688737e+00,2.499611e+00,3.084724e+02,4.388302e-01,1.188539e-02,2.091076e-01,8.551376e-01,-7.620578e-02,-1.811142e-01,-1.582997e+00,6.655760e-01,1.890045e+00,-7.045974e-01,1.063320e+00,2.822039e+00,1.841238e+00,-6.284546e-01,-2.105179e-01,-2.473831e-03,1.612844e-01,-6.410885e-03,1.308415e-01,1.251703e-01,1.043135e-01,-5.562477e-02,5.021210e-02,5.584300e-02,-6.856985e-02,3.333870e-03,-1.041245e-03,-8.005798e-03,-1.136175e-02,1.577675e-03,1.407087e-02,2.062547e-02,-6.897998e-03,2.388904e+00,7.557766e-02,0,0,0,0,5.924231e+01,5.980176e-02,1.639597e-02,1.242739e-02
411,4.110000,2.224545e-01,-3.865176e+01,-1.384738e+01,-1.728896e+00,-1.964501e+01,-2.049588e+01,3.340983e+00,6.647604e+00,4.117711e+00,-8.064597e+00,5.564194e+00,-3.948095e+00,3.979368e+00,-5.405406e+00,1.746396e+01,-7.419437e+00,-6.527542e+00,-4.894093e+00,-3.354327e+00,-4.032745e+00,-5.138996e+00,-4.154537e+00,-3.145849e+00,-2.724442e+00,4.114100e-01,5.477514e-01,7.711204e-01,1.071862e+00,1.421197e+00,1.614812e+00,1.824334e+00,2.517641e+00,3.113480e+02,6.732118e-01,3.279503e-03,8.809536e-01,2.339620e+00,5.067861e-01,-1.258883e+00,-1.143781e+00,1.764239e-01,-8.014463e-01,-2.668322e+00,-1.340194e+00,1.409073e+00,-3.629727e-01,-2.011039e+00,-1.451431e+00,-1.013644e+00,2.346795e+00,4.594666e-01,4.012887e-01,2.577426e-01,2.707213e-01,7.304573e-02,-3.226523e-02,-6.043839e-02,-5.761588e-02,-6.952244e-03,-7.537240e-03,-1.251745e-03,-2.539753e-02,2.009921e-02,1.405855e-02,5.956804e-02,3.308251e-02,5.753217e+00,8.788518e-02,1.143265e+02,1.340454e-01,0,9.035553e-03,9.810545e+01,7.405330e-02,2.739120e-02,4.170982e-02
412,4.120000,2.012554e-01,-3.813430e+01,-1.038909e+01,6.466932e-01,-2.207833e+01,-2.184072e+01,-6.576141e-02,3.347563e+00,-1.062997e+00,-1.092070e+01,6.793868e+00,-8.835786e+00,1.181696e+00,-6.563074e+00,1.406830e+01,-6.572327e+00,-5.822105e+00,-4.304057e+00,-3.159581e+00,-3.904259e+00,-5.160285e+00,-4.375233e+00,-3.493437e+00,-2.889987e+00,3.988847e-01,5.328209e-01,7.637109e-01,1.031103e+00,1.474555e+00,1.631170e+00,1.884922e+00,2.620445e+00,3.189791e+02,6.934511e-01,1.620461e-02,2.434680e+00,4.129583e+00,-2.186052e-01,-3.400333e+00,-6.036041e-01,-1.367142e+00,-3.085553e+00,-4.085778e+00,-2.517339e+00,-5.421170e-01,-1.097912e+00,-2.002344e+00,-1.839319e+00,-5.409948e-01,3.933804e+00,1.002297e+00,8.393811e-01,6.432561e-01,6.474671e-01,4.134009e-01,2.195520e-02,-1.003530e-01,-3.391872e-02,-1.560333e-02,-1.545256e-02,-9.314239e-03,-4.145442e-02,2.050874e-02,1.399431e-02,7.226074e-02,4.149585e-02,9.699631e+00,8.020848e-02,2.390483e+02,2.319861e-01,8.197983e-02,5.761920e-02,1.037982e+02,3.868068e-02,2.880367e-02,6.298430e-02
413,4.130000,2.011181e-01,-3.490544e+01,-4.518700e+00,1.696362e+00,-2.634451e+01,-2.215416e+01,7.020040e-01,-1.472623e+00,-6.314145e+00,-1.666056e+01,3.865530e+00,-8.790296e+00,-1.128077e+00,-1.151784e+01,1.484143e+01,3.470105e-01,-4.262583e+00,-3.210576e+00,-2.306758e+00,-3.013558e+00,-4.676433e+00,-4.506924e+00,-3.625116e+00,-2.856042e+00,3.714290e-01,5.044181e-01,7.442023e-01,9.606890e-01,1.489150e+00,1.621753e+00,1.965370e+00,2.643300e+00,3.319851e+02,7.456877e-01,3.833735e-02,4.777787e+00,5.043075e+00,-3.182931e+00,-5.841056e+00,5.354601e-01,-2.046549e+00,-3.061751e+00,-4.606277e+00,-4.526486e-01,-3.092031e-01,1.744106e-01,8.646970e-01,1.576974e-01,1.156854e+00,5.873408e+00,1.354671e+00,1.343712e+00,1.200392e+00,1.267613e+00,1.047080e+00,3.050768e-01,8.334132e-02,5.743308e-02,-2.180619e-02,-1.976123e-02,-2.012981e-02,-4.950427e-02,-6.369627e-03,2.122353e-02,6.842758e-02,3.091743e-02,1.254768e+01,4.914944e-02,3.710031e+02,2.542734e-01,9.596611e-02,1.797395e-01,7.250389e+01,-2.739604e-02,5.813791e-03,6.401330e-02
414,4.140000,2.563035e-01,-2.837270e+01,1.660168e+00,-3.545287e+00,-3.397350e+01,-2.286366e+01,-5.165628e+00,-5.311559e+00,-9.869233e+00,-1.649272e+01,2.553114e+00,-7.125693e+00,1.727915e+00,-9.517282e+00,1.751521e+01,4.827695e+00,-2.617044e+00,-1.427665e+00,-6.679558e-01,-1.394824e+00,-3.331738e+00,-3.916354e+00,-3.469651e+00,-2.771803e+00,3.327207e-01,4.748157e-01,7.037099e-01,9.089983e-01,1.467455e+00,1.653607e+00,1.979523e+00,2.644260e+00,3.466520e+02,8.036346e-01,1.226435e-01,6.636271e+00,4.164685e+00,-7.848761e+00,-6.294753e+00,3.881185e+00,-1.295028e+00,-6.215779e-01,-4.228018e+00,3.957527e+00,7.298446e-01,6.909545e-01,2.248526e+00,3.572171e+00,3.626415e+00,7.944219e+00,1.265202e+00,1.478151e+00,1.580053e+00,1.781938e+00,1.788425e+00,7.645813e-01,4.059896e-01,1.296686e-01,-3.972381e-03,-1.747271e-03,-2.821827e-03,-2.911979e-02,-3.629830e-02,4.285631e-02,8.790676e-02,1.796133e-02,1.327419e+01,5.075185e-02,3.906527e+02,1.332894e-01,9.603530e-02,2.295695e-01,3.601858e+01,-6.138255e-02,-2.092941e-02,2.379737e-02
415,4.150000,3.866172e-01,-1.964363e+01,5.343367e+00,-1.554756e+01,-4.290271e+01,-1.730710e+01,-4.341826e+00,-4.331591e+00,-1.451055e+01,-7.541832e+00,6.138556e+00,-3.931089e+00,8.029743e+00,-3.139814e+00,2.152477e+01,1.624759e+01,-1.356719e+00,3.862696e-01,1.401818e+00,1.050604e+00,-8.178709e-01,-2.858592e+00,-2.741035e+00,-2.496368e+00,3.354610e-01,4.779478e-01,7.004718e-01,8.853933e-01,1.392899e+00,1.709712e+00,2.119171e+00,2.660320e+00,3.602500e+02,8.638672e-01,1.701827e-01,6.942564e+00,2.040195e+00,-1.060414e+01,-4.112767e+00,7.105145e+00,-8.338649e-01,2.867628e+00,-3.401511e+00,8.176695e+00,1.472234e+00,-7.933459e-01,2.309805e+00,6.241983e+00,4.686379e+00,8.653516e+00,8.467283e-01,1.254905e+00,1.540718e+00,1.798137e+00,2.123121e+00,1.136837e+00,7.075723e-01,1.469783e-01,2.090276e-02,1.652233e-02,2.507732e-02,-5.862010e-03,-5.713971e-02,3.707562e-02,5.779792e-02,9.507274e-03,1.196100e+01,3.546768e-02,4.010438e+02,4.641352e-02,2.204122e-02,2.431269e-01,8.021444e+00,-5.792970e-02,-2.438230e-02,-2.457992e-02
416,4.160000,7.217233e-01,-1.258385e+01,5.503307e+00,-2.997515e+01,-4.527300e+01,-4.858321e+00,-4.018988e+00,1.669157e+00,-1.810488e+01,4.307569e+00,9.306578e+00,-7.810617e+00,7.845417e+00,7.108769e+00,2.885870e+01,2.519848e+01,-9.490259e-01,1.288275e+00,2.886398e+00,2.973348e+00,1.852557e+00,-1.376492e+00,-1.905529e+00,-2.421481e+00,3.970068e-01,5.373197e-01,7.714670e-01,9.231524e-01,1.341189e+00,1.801473e+00,2.247555e+00,2.701741e+00,3.712177e+02,8.881206e-01,1.318218e-01,5.584243e+00,-1.770304e-01,-9.482527e+00,5.268516e-02,8.512831e+00,-1.092666e+00,4.992959e+00,-1.500090e+00,8.503366e+00,-1.475155e+00,-2.431027e+00,8.241665e-01,5.571322e+00,3.699127e+00,7.960481e+00,4.036352e-01,7.532927e-01,1.087350e+00,1.256554e+00,1.790540e+00,1.254196e+00,8.176247e-01,1.309106e-01,3.669398e-02,2.652769e-02,5.521325e-02,2.422254e-02,-4.615501e-02,1.820624e-02,3.097122e-02,4.498816e-03,9.417422e+00,1.521564e-03,4.041208e+02,2.900329e-02,1.429520e-02,1.449123e-01,-2.394460e+01,-2.848182e-02,-1.853093e-02,-5.290427e-02
417,4.170000,8.193218e-01,-8.087045e+00,3.760707e+00,-3.810941e+01,-4.125859e+01,4.368897e+00,-4.040640e+00,9.375157e+00,-1.920388e+01,1.382277e+01,7.849967e+00,-1.241456e+01,7.362198e+00,1.137905e+01,3.260158e+01,3.342920e+01,-8.629506e-01,1.705977e+00,3.619653e+00,3.793041e+00,3.347023e+00,-9.267080e-02,-8.693153e-01,-2.296311e+00,4.437998e-01,5.557777e-01,8.357103e-01,9.243019e-01,1.266584e+00,1.733198e+00,2.120343e+00,2.662096e+00,3.795073e+02,8.807831e-01,2.500389e-02,3.133060e+00,-1.186966e+00,-4.747850e+00,3.233366e+00,6.097318e+00,-3.471872e+00,3.966618e+00,1.540288e+00,6.588700e+00,-5.602786e+00,-2.844862e+00,-1.963024e-01,2.943611e+00,3.802231e-01,5.069195e+00,1.056837e-01,2.877935e-01,4.898155e-01,3.435199e-01,8.897637e-01,1.015115e+00,6.179320e-01,7.395761e-02,2.992402e-02,1.491578e-02,5.713391e-02,4.406460e-02,-2.316571e-02,-1.508604e-02,-1.340981e-02,-3.967977e-03,5.751459e+00,-3.214590e-02,4.043763e+02,1.676798e-02,1.492468e-02,9.916847e-02,-4.384333e+01,-1.144753e-02,-5.004137e-03,-2.863103e-02
418,4.180000,6.990600e-01,-6.229778e+00,1.566346e+00,-3.967700e+01,-3.453213e+01,8.862493e+00,-1.077955e+01,1.279986e+01,-1.502302e+01,1.534181e+01,-5.678368e+00,-1.503909e+01,6.182520e+00,1.107989e+01,3.047244e+01,3.603930e+01,-8.457524e-01,1.678945e+00,3.659876e+00,3.516726e+00,3.538518e+00,9.716673e-01,-3.173882e-01,-2.217278e+00,4.620212e-01,5.685392e-01,9.121569e-01,1.010657e+00,1.299837e+00,1.732895e+00,2.133793e+00,2.665866e+00,3.841104e+02,8.027844e-01,-8.056345e-02,3.097447e-01,-7.818528e-01,1.814289e+00,3.897417e+00,1.208530e+00,-4.116216e+00,-3.036279e-01,3.587769e+00,3.641854e+00,-7.031220e+00,-1.867542e+00,1.530754e-01,-2.172035e-01,-3.017348e+00,1.861779e+00,3.861149e-02,-2.050569e-02,-8.225293e-02,-5.151623e-01,-1.480248e-01,3.369163e-01,1.815470e-01,4.096110e-02,-3.698310e-03,-8.509219e-03,2.163683e-02,4.458687e-02,-1.105816e-02,-3.762760e-02,-2.459846e-02,-5.192685e-03,1.138351e+00,-4.786529e-02,2.692635e+02,5.703072e-03,6.938926e-03,3.702740e-02,-5.129787e+01,-5.911256e-03,-3.626154e-03,2.337801e-02
419,4.190000,5.229683e-01,-7.155365e+00,1.377018e+00,-3.443589e+01,-3.210631e+01,6.319078e+00,-1.832091e+01,9.936148e+00,-8.350042e+00,1.988454e+01,-1.438290e+01,-1.454116e+01,7.879679e+00,9.592680e+00,2.261902e+01,3.617315e+01,-8.799368e-01,1.629902e+00,3.464156e+00,2.496514e+00,2.787967e+00,1.042901e+00,-4.454452e-01,-2.228681e+00,4.525739e-01,5.369169e-01,9.157965e-01,1.061964e+00,1.297747e+00,1.668570e+00,2.109003e+00,2.658418e+00,3.825609e+02,7.458058e-01,-4.307244e-02,-2.379925e+00,3.136073e-01,7.184858e+00,3.111109e+00,-3.086957e+00,-2.881872e+00,-5.173621e+00,3.468309e+00,9.868251e-01,-3.298974e+00,-1.708062e+00,-7.453995e-01,-1.747983e+00,-3.467871e+00,-2.230789e+00,3.707032e-02,-2.601251e-01,-5.564893e-01,-1.083249e+00,-8.937715e-01,-4.965679e-01,-3.462954e-01,-3.458850e-02,-3.651976e-02,-2.505321e-02,-2.150842e-02,3.331252e-02,-1.890540e-03,-2.450759e-02,1.004958e-03,4.935789e-03,-3.856842e+00,-3.359194e-02,2.492558e+02,8.259927e-04,6.986730e-04,1.539143e-01,-1.884242e+01,1.819654e-03,1.179359e-03,6.229408e-02
420,4.200000,4.670828e-01,-1.150097e+01,2.785888e+00,-2.274046e+01,-3.036205e+01,2.092403e-01,-1.745993e+01,-1.294781e-01,-5.592958e+00,1.948595e+01,-1.473309e+01,-1.608503e+01,8.352053e+00,6.915937e+00,1.876324e+01,3.313540e+01,-7.474754e-01,1.223784e+00,2.552881e+00,1.045800e+00,1.391961e+00,-2.596969e-01,-1.209729e+00,-2.250490e+00,3.741281e-01,5.042040e-01,8.396081e-01,1.077256e+00,1.270317e+00,1.645649e+00,2.130233e+00,2.677617e+00,3.753827e+02,7.162828e-01,9.568602e-03,-4.196883e+00,1.107515e+00,9.770889e+00,2.399177e+00,-5.358922e+00,5.529863e-01,-7.961857e+00,1.124016e+00,-1.450974e+00,3.102820e+00,-2.928562e+00,-2.823209e+00,-3.040612e+00,-2.005983e+00,-5.790896e+00,1.436085e-02,-4.472941e-01,-8.959541e-01,-1.247792e+00,-1.219079e+00,-1.160059e+00,-6.595730e-01,-9.150028e-02,-5.451664e-02,-3.395611e-02,-5.496188e-02,-1.601195e-03,-2.107751e-02,-2.669024e-02,-3.243075e-02,-2.084136e-03,-7.808130e+00,-4.994976e-03,2.251917e+02,7.417999e-03,3.277428e-03,2.344295e-01,1.893493e+01,9.797581e-03,9.212973e-03,5.812760e-02
421,4.210000,7.199482e-01,-1.735108e+01,4.718973e+00,-1.065339e+01,-2.778809e+01,-6.739265e+00,-1.510981e+01,-1.002828e+01,-6.577366e+00,1.668483e+01,-4.117540e+00,-2.043190e+01,2.550434e+00,4.721113e+00,2.111683e+01,2.372720e+01,-7.267375e-01,6.329316e-01,1.390704e+00,-3.877396e-01,-4.855637e-02,-1.959828e+00,-2.154622e+00,-2.452648e+00,3.051475e-01,4.626793e-01,7.644426e-01,1.057565e+00,1.271891e+00,1.654283e+00,2.127148e+00,2.680900e+00,3.645870e+02,7.560742e-01,1.328081e-02,-4.624688e+00,9.153695e-01,8.738760e+00,2.168272e+00,-4.923617e+00,2.249866e+00,-7.388750e+00,-6.170425e-01,-3.342180e+00,6.361609e+00,-4.171458e+00,-5.290704e+00,-3.694932e+00,-6.722221e-01,-7.952124e+00,-7.681781e-02,-5.477361e-01,-1.000399e+00,-1.089219e+00,-1.136537e+00,-1.266193e+00,-7.000417e-01,-1.263289e-01,-4.438455e-02,-3.042229e-02,-4.743521e-02,-2.258451e-02,-2.418052e-02,-9.455490e-03,-5.857088e-02,-1.271756e-02,-9.589447e+00,1.339262e-02,3.322000e+02,2.500879e-02,2.265222e-02,3.119378e-01,2.366351e+01,1.441881e-02,1.711878e-02,2.655339e-02
422,4.220000,6.484130e-01,-2.211633e+01,5.432943e+00,-2.713803e+00,-2.469536e+01,-1.140295e+01,-9.620168e+00,-1.702721e+01,-1.028928e+01,9.686805e+00,4.703053e+00,-2.673653e+01,-5.268902e+00,-1.687383e+00,2.119362e+01,1.330779e+01,-8.505478e-01,-5.904030e-02,2.168313e-01,-1.280109e+00,-1.138615e+00,-3.327262e+00,-2.760665e+00,-2.562797e+00,2.631512e-01,4.358775e-01,7.130244e-01,1.004850e+00,1.207377e+00,1.606587e+00,1.962567e+00,2.644205e+00,3.540567e+02,7.726753e-01,-7.528235e-02,-3.563501e+00,1.544233e-01,5.131708e+00,1.508833e+00,-2.656424e+00,1.405726e+00,-4.201422e+00,-6.364658e-01,-3.497800e+00,5.603096e+00,-2.963799e+00,-4.507463e+00,-3.923487e+00,-1.915799e+00,-7.756020e+00,-2.341584e-01,-4.956323e-01,-8.267115e-01,-7.178699e-01,-7.994025e-01,-8.660992e-01,-5.192606e-01,-1.199784e-01,-2.164558e-02,-2.230833e-02,-2.570263e-02,-2.715251e-02,-2.763345e-02,-2.257347e-02,-9.810852e-02,-2.697594e-02,-9.405685e+00,1.681803e-02,3.224661e+02,4.259958e-02,4.202702e-02,2.486536e-01,1.687687e+01,9.733614e-03,1.450955e-02,-2.713799e-04
423,4.230000,4.987072e-01,-2.497112e+01,4.630338e+00,-7.554111e-01,-2.409830e+01,-1.249291e+01,-1.099146e+01,-1.855873e+01,-9.087093e+00,8.073219e+00,7.707077e+00,-3.007270e+01,-1.176336e+01,-4.580320e+00,1.804272e+01,6.326338e+00,-1.212490e+00,-4.673663e-01,-3.698119e-01,-1.786626e+00,-1.629430e+00,-3.754283e+00,-3.170186e+00,-2.704173e+00,2.861396e-01,4.189687e-01,7.419123e-01,9.852443e-01,1.208314e+00,1.640824e+00,1.899982e+00,2.611536e+00,3.452766e+02,7.845726e-01,-1.415419e-01,-1.505791e+00,-4.760627e-01,1.269007e+00,-1.878757e-01,3.790920e-01,-6.052939e-01,-1.227005e+00,1.211145e+00,-7.348858e-01,2.661417e+00,-3.273930e-01,-1.183727e+00,-2.737202e+00,-4.729899e+00,-5.555223e+00,-3.201428e-01,-1.978788e-01,-3.845509e-01,-2.700159e-01,-2.731196e-01,-2.764378e-01,-2.850394e-01,-3.344178e-02,-5.442178e-03,-1.225274e-02,-6.298947e-03,-1.281411e-02,-1.453284e-02,-2.534034e-02,-7.707183e-02,-2.650452e-02,-8.342303e+00,8.121366e-03,3.189362e+02,5.532925e-02,6.691775e-02,2.795691e-01,-5.152204e+00,1.028056e-03,5.705540e-03,-7.925579e-03
424,4.240000,2.012915e-01,-2.550845e+01,3.602322e+00,-2.030912e+00,-2.466279e+01,-1.019606e+01,-1.249048e+01,-1.687136e+01,-7.520423e+00,6.302753e+00,7.370080e+00,-2.608362e+01,-7.028361e+00,-8.050784e+00,1.072130e+01,3.055729e+00,-1.675391e+00,-7.042286e-01,-7.004175e-01,-1.844106e+00,-1.814615e+00,-3.692966e+00,-3.298250e+00,-2.724620e+00,2.754042e-01,4.145176e-01,7.223601e-01,9.776534e-01,1.163939e+00,1.539511e+00,1.753273e+00,2.577419e+00,3.380094e+02,7.861238e-01,-8.148550e-02,9.147733e-01,-4.900136e-01,-2.143122e+00,-2.748120e+00,3.300013e+00,-2.449260e+00,1.341020e+00,3.740189e+00,3.748611e+00,7.483054e-01,2.437869e+00,2.157732e+00,-4.898949e-01,-6.771308e+00,-3.448963e+00,-3.291256e-01,2.496166e-01,1.949716e-01,2.314928e-01,3.655984e-01,2.879737e-01,-8.486833e-02,5.388052e-02,3.858724e-03,-3.482393e-03,4.647410e-03,8.896065e-03,8.708477e-04,-2.089491e-02,-5.691266e-03,-1.073554e-02,-7.702951e+00,6.105882e-03,3.162079e+02,4.092583e-02,5.369243e-02,2.492569e-01,-5.784925e+00,-6.878737e-03,-6.045542e-03,-7.696948e-03
425,4.250000,2.357997e-01,-2.318398e+01,3.253970e+00,-4.649796e+00,-2.874375e+01,-5.447250e+00,-1.670113e+01,-1.624123e+01,-1.906068e+00,1.470242e+01,7.856033e+00,-2.239532e+01,-2.488469e+00,-5.783197e+00,2.703492e+00,1.077118e+00,-1.915030e+00,-3.386843e-02,-7.342593e-02,-1.455820e+00,-1.076155e+00,-3.159165e+00,-3.311026e+00,-2.538945e+00,2.718101e-01,4.120955e-01,7.282800e-01,1.007093e+00,1.220946e+00,1.561120e+00,1.846436e+00,2.581770e+00,3.308991e+02,7.899569e-01,5.782190e-02,3.018486e+00,-3.911704e-01,-4.430490e+00,-4.434680e+00,4.967110e+00,-2.262918e+00,2.702775e+00,6.006106e+00,6.309721e+00,-1.670388e+00,3.184529e+00,2.906322e+00,1.802788e+00,-7.350307e+00,-1.640604e+00,-2.522784e-01,5.352995e-01,6.894829e-01,6.656615e-01,9.100528e-01,7.483088e-01,1.107220e-01,2.069186e-01,1.703886e-02,9.835064e-03,2.076374e-02,2.516982e-02,9.426296e-03,-8.677840e-04,6.193753e-02,7.744646e-03,-7.867355e+00,7.055849e-03,3.095681e+02,3.098594e-02,4.534721e-02,2.720083e-01,-8.360562e+00,-7.164269e-03,-1.078114e-02,-2.283481e-02
426,4.260000,3.724392e-01,-1.843604e+01,3.671059e+00,-1.148222e+01,-3.611323e+01,1.574287e+00,-1.901163e+01,-1.148086e+01,4.821153e+00,2.511526e+01,8.370102e+00,-1.838588e+01,8.823092e-01,-3.535419e+00,-4.993307e+00,-1.312416e+00,-2.144906e+00,9.722938e-01,1.043496e+00,-2.880476e-01,4.127387e-01,-2.184952e+00,-3.114587e+00,-2.376008e+00,2.896096e-01,4.219021e-01,7.430776e-01,1.038406e+00,1.205415e+00,1.541965e+00,1.960883e+00,2.605410e+00,3.227307e+02,8.005126e-01,1.215547e-01,3.881814e+00,-8.048436e-01,-5.599507e+00,-4.990804e+00,5.135989e+00,-1.656603e+00,3.317841e+00,7.380736e+00,5.206477e+00,-4.835593e+00,2.143514e+00,1.472757e+00,4.175484e+00,-6.018116e+00,-3.087032e-01,-2.272733e-01,4.799448e-01,9.030131e-01,8.443046e-01,1.137025e+00,1.039524e+00,2.232918e-01,3.520234e-01,3.888405e-02,2.224990e-02,4.285496e-02,3.415222e-02,1.140097e-02,1.800919e-02,1.041868e-01,2.151885e-02,-8.449817e+00,8.051610e-03,2.982255e+02,2.037755e-02,2.258458e-02,2.139493e-01,-1.019720e+01,-3.019309e-03,-8.643212e-03,-3.446695e-02
427,4.270000,7.022429e-01,-1.341490e+01,2.640117e+00,-1.818221e+01,-4.054647e+01,6.457467e+00,-1.904547e+01,-7.740108e+00,1.477265e+01,3.021558e+01,-1.144871e+00,-1.799893e+01,-1.187087e+00,2.175940e+00,-1.085152e+01,3.073901e-01,-2.239124e+00,1.370870e+00,2.205646e+00,7.636516e-01,1.807158e+00,-7.667462e-01,-2.708408e+00,-1.843886e+00,3.642312e-01,4.644518e-01,8.353723e-01,1.080717e+00,1.234707e+00,1.635258e+00,2.105865e+00,2.636264e+00,3.135792e+02,8.126574e-01,8.712654e-02,3.236995e+00,-1.431563e+00,-4.729825e+00,-3.381605e+00,3.273192e+00,-5.338650e-01,2.387671e+00,6.151494e+00,8.800018e-01,-7.348950e+00,1.007230e+00,6.305335e-01,4.521635e+00,-3.749108e+00,6.333671e-01,-2.366920e-01,1.135478e-01,7.030424e-01,6.569412e-01,8.775829e-01,9.980116e-01,2.756968e-01,4.351311e-01,5.010704e-02,2.864600e-02,4.854670e-02,3.059529e-02,2.381313e-03,-2.950430e-04,6.400754e-02,1.494968e-02,-8.342947e+00,-6.703836e-03,2.861246e+02,2.978205e-02,2.856596e-02,1.830489e-01,-2.771206e+01,-2.213429e-03,-6.748905e-03,-5.267471e-02
428,4.280000,5.758434e-01,-1.098391e+01,-1.149699e-01,-2.326225e+01,-4.371544e+01,9.531528e+00,-1.960132e+01,-4.532717e+00,2.104389e+01,2.457856e+01,-1.230744e+01,-1.756425e+01,-3.152663e-01,8.847068e+00,-1.259177e+01,1.897077e+00,-2.649710e+00,9.931259e-01,2.675112e+00,1.267681e+00,2.428855e+00,3.084463e-01,-2.483101e+00,-1.312032e+00,4.236139e-01,4.995890e-01,8.830888e-01,1.111603e+00,1.214063e+00,1.592488e+00,2.144493e+00,2.657766e+00,3.044203e+02,8.150315e-01,-1.256418e-02,1.175571e+00,-1.348426e+00,-1.429962e+00,-1.488168e+00,-1.828457e-01,2.654198e-01,-3.490466e-01,2.735913e+00,-1.605106e+00,-6.200033e+00,7.643032e-02,7.798957e-01,3.426434e+00,-1.371768e+00,7.030020e-01,-2.276190e-01,-1.692671e-01,2.832390e-01,1.522301e-01,2.398086e-01,4.405251e-01,1.622045e-01,3.341560e-01,3.788590e-02,1.803229e-02,1.694644e-02,9.390366e-03,-1.266453e-02,-4.502488e-02,-8.104896e-03,-3.077745e-04,-7.000803e+00,-7.135220e-02,2.769437e+02,2.643123e-02,1.886701e-02,1.214019e-01,-5.219879e+01,-4.504504e-03,-5.761241e-03,-4.788136e-02
429,4.290000,5.697303e-01,-1.072507e+01,-2.010832e+00,-2.240891e+01,-4.185067e+01,6.940090e+00,-1.907561e+01,-7.776949e+00,2.074003e+01,1.937078e+01,-1.854995e+01,-1.776998e+01,1.262986e+00,1.063373e+01,-1.224281e+01,2.639207e+00,-2.846087e+00,5.234546e-01,2.625978e+00,1.051022e+00,2.303702e+00,5.841934e-01,-2.248286e+00,-8.952772e-01,4.553432e-01,5.164821e-01,9.010079e-01,1.123471e+00,1.228529e+00,1.534383e+00,2.074669e+00,2.630340e+00,2.983396e+02,7.491782e-01,-5.456076e-02,-1.520564e+00,-3.699157e-01,2.873859e+00,9.084846e-01,-3.216249e+00,1.224229e+00,-2.067238e+00,-1.127296e+00,-1.796304e+00,-1.828233e+00,3.411282e-01,1.601221e+00,1.250330e+00,9.157398e-01,-3.561167e-01,-1.835804e-01,-3.401471e-01,-2.850823e-01,-4.446021e-01,-5.241205e-01,-3.930057e-01,-5.657601e-02,1.429530e-02,2.279517e-03,3.146500e-04,-2.714548e-02,-1.068958e-02,-1.952493e-02,-6.030270e-02,-5.472541e-02,-9.018064e-03,-4.553922e+00,-1.540720e-01,1.816487e+02,1.689195e-02,1.346147e-02,5.490845e-02,-7.597234e+01,-8.169526e-03,-7.466831e-03,-4.488869e-02
430,4.300000,3.758746e-01,-1.390310e+01,-7.455965e-01,-1.651868e+01,-4.290197e+01,4.187473e-01,-1.766947e+01,-1.320768e+01,1.551703e+01,2.251212e+01,-1.392752e+01,-1.811820e+01,3.556751e+00,9.367856e+00,-1.115650e+01,1.036685e+00,-2.979519e+00,5.496660e-01,2.249525e+00,3.294180e-01,1.363509e+00,-6.577966e-01,-2.533625e+00,-1.179532e+00,4.334831e-01,4.860484e-01,7.949920e-01,1.063981e+00,1.145182e+00,1.367278e+00,1.935957e+00,2.606833e+00,2.953465e+02,4.754912e-01,-2.859050e-02,-3.890154e+00,2.313016e-01,6.394759e+00,3.669075e+00,-4.780701e+00,2.548400e+00,-1.452867e+00,-2.648808e+00,-6.695274e-01,2.261877e+00,8.040830e-01,1.308391e+00,-7.998523e-01,2.492473e+00,-1.609337e+00,-1.694958e-01,-5.324431e-01,-8.021555e-01,-9.595693e-01,-1.160681e+00,-1.050856e+00,-2.359836e-01,-2.953356e-01,-3.307269e-02,-1.091920e-02,-5.324759e-02,-1.914774e-02,-1.210701e-03,-2.013271e-02,-4.427975e-02,2.208209e-03,-2.114075e+00,-1.732240e-01,8.946951e+01,4.300078e-03,1.330616e-03,3.861275e-02,-7.355360e+01,-6.975442e-03,-5.119549e-03,-2.977122e-02
431,4.310000,5.294235e-01,-1.955812e+01,1.105852e+00,-7.184692e+00,-3.641079e+01,-5.067389e+00,-1.389025e+01,-1.373882e+01,1.189961e+01,2.226727e+01,-9.475989e+00,-1.601631e+01,4.883008e+00,8.167195e+00,-6.990454e+00,-1.042997e+00,-2.992121e+00,-1.081357e-01,9.930275e-01,-9.902277e-01,-2.807719e-01,-2.248653e+00,-2.966026e+00,-1.838660e+00,3.706942e-01,4.727953e-01,7.436933e-01,1.051080e+00,1.171523e+00,1.446350e+00,1.936506e+00,2.616640e+00,2.953465e+02,2.120675e-01,-4.222255e-02,-4.981786e+00,-5.018630e-01,7.132927e+00,5.891972e+00,-4.146762e+00,2.725775e+00,1.015631e+00,-2.310873e+00,-1.733779e+00,2.544524e+00,1.263795e+00,5.185292e-02,-1.078535e+00,3.929125e+00,-1.754334e+00,-2.226013e-01,-7.973762e-01,-1.151799e+00,-1.193794e+00,-1.411835e+00,-1.149899e+00,-2.619925e-01,-4.071340e-01,-4.459132e-02,-8.391258e-03,-3.400480e-02,-5.180669e-03,3.182178e-02,4.082666e-02,0,1.956573e-02,-5.986206e-01,-1.321447e-01,0,0,0,0,-4.527668e+01,-3.808398e-03,-2.825357e-03,-1.484297e-02
432,4.320000,4.530443e-01,-2.601816e+01,-5.168037e-01,1.099440e+00,-2.809001e+01,-8.368238e+00,-9.451992e+00,-8.816119e+00,1.222007e+01,1.978268e+01,-5.535030e+00,-1.442067e+01,4.416680e+00,6.081076e+00,-2.755587e+00,-4.308505e+00,-3.424172e+00,-1.353294e+00,-5.191902e-01,-2.509541e+00,-2.082314e+00,-3.529409e+00,-3.304148e+00,-2.317019e+00,3.005750e-01,4.668363e-01,6.955082e-01,1.052060e+00,1.236513e+00,1.535841e+00,1.992176e+00,2.675658e+00,2.953465e+02,2.174668e-01,-6.991829e-02,-4.542444e+00,-2.041567e+00,5.629794e+00,6.584057e+00,-2.836062e+00,1.855026e+00,3.253372e+00,-1.474954e+00,-4.325997e+00,1.481799e+00,1.530775e+00,-9.994087e-01,-1.586367e+00,4.130296e+00,-7.625135e-01,-3.170378e-01,-9.519962e-01,-1.191961e+00,-1.097056e+00,-1.298465e+00,-7.788078e-01,-1.432367e-01,-2.746759e-01,-3.433991e-02,-6.015897e-05,-3.061247e-03,1.291456e-02,6.239207e-02,6.958167e-02,4.303086e-03,1.393659e-02,0,-1.128650e-02,0,0,0,0,-1.789390e+01,-8.600157e-04,-2.661231e-04,-7.722550e-03
433,4.330000,3.200327e-01,-2.957647e+01,-4.634543e+00,4.446666e+00,-1.979680e+01,-9.400229e+00,-9.555470e+00,-4.894571e+00,1.083415e+01,1.206661e+01,-1.002358e+01,-1.329977e+01,1.092286e+00,6.884451e+00,3.202357e+00,-3.459869e+00,-3.736767e+00,-2.511946e+00,-1.748660e+00,-3.498470e+00,-3.032562e+00,-3.729494e+00,-3.172986e+00,-2.362203e+00,2.988406e-01,4.841318e-01,7.807258e-01,1.103529e+00,1.341972e+00,1.654235e+00,2.046559e+00,2.693757e+00,2.953465e+02,2.174668e-01,-1.199531e-01,-3.155357e+00,-2.973500e+00,2.712529e+00,4.877150e+00,-1.859853e+00,7.467604e-01,3.436504e+00,-1.094842e+00,-5.487188e+00,1.138398e+00,1.559175e+00,-1.031978e+00,-1.819536e+00,3.195670e+00,1.644383e-01,-4.057122e-01,-8.170853e-01,-9.174310e-01,-7.322412e-01,-8.848320e-01,-3.087063e-01,-5.081129e-03,-8.291471e-02,-1.800342e-02,4.576913e-03,9.509897e-03,1.681697e-02,4.568558e-02,4.136624e-02,-4.092437e-02,-2.416320e-02,0,5.295781e-02,0,0,0,0,0,0,0,0
434,4.340000,1.309786e-01,-3.160615e+01,-8.083233e+00,5.814608e+00,-1.828868e+01,-1.159515e+01,-1.056173e+01,-1.362941e+00,8.674985e+00,5.982470e+00,-6.244737e+00,-1.182259e+01,4.550690e-01,2.077392e+00,4.398579e+00,-1.567446e+00,-4.192385e+00,-3.008410e+00,-2.339437e+00,-3.901742e+00,-3.752923e+00,-3.811415e+00,-3.146328e+00,-2.291140e+00,2.977103e-01,4.800793e-01,7.611695e-01,1.102329e+00,1.371918e+00,1.611244e+00,1.902446e+00,2.637958e+00,2.953465e+02,4.163590e-01,-8.537401e-02,-1.130995e+00,-3.349101e+00,2.293793e-01,1.917300e+00,3.145259e-01,-4.990991e-01,2.911572e+00,-6.141815e-02,-4.683099e+00,3.488159e+00,2.017570e+00,1.662127e-01,-2.385443e+00,8.356526e-01,7.518032e-01,-4.513330e-01,-4.834066e-01,-5.400016e-01,-2.512369e-01,-3.289871e-01,1.055119e-01,8.154428e-02,1.821369e-01,-1.429348e-02,1.141896e-02,1.105958e-02,1.189570e-02,1.367228e-02,1.594293e-03,-9.137663e-02,-5.361066e-02,0,8.841123e-02,0,0,0,0,0,0,0,0
435,4.350000,9.069109e-02,-3.254091e+01,-9.978433e+00,4.020370e+00,-1.692570e+01,-1.275320e+01,-9.601583e+00,-2.828895e-01,8.197936e+00,1.731437e+00,-3.429146e+00,-9.519477e+00,1.703923e+00,1.071357e+00,5.410815e+00,-1.591335e+00,-4.636576e+00,-3.366004e+00,-2.684004e+00,-3.955333e+00,-3.869628e+00,-3.651182e+00,-3.070341e+00,-2.266173e+00,2.821094e-01,4.890584e-01,7.584121e-01,1.110030e+00,1.332249e+00,1.615479e+00,1.776749e+00,2.514674e+00,2.953465e+02,3.774104e-01,-2.241929e-02,1.027587e+00,-4.191674e+00,6.407513e-02,-5.499164e-01,2.902078e+00,-3.746710e-01,1.707804e+00,2.441599e+00,-1.582100e+00,6.467802e+00,2.960405e+00,2.762861e+00,-1.266793e+00,-5.261862e-01,1.417465e+00,-3.518310e-01,-1.984179e-01,-2.439819e-01,8.363958e-02,1.606255e-01,3.505553e-01,2.364997e-01,6.404172e-01,-2.928076e-02,1.574055e-02,6.825763e-03,7.637548e-03,-1.378661e-02,-2.594683e-02,-9.195668e-02,-4.606550e-02,-4.415100e-01,9.758294e-02,0,0,0,0,1.792372e+01,0,0,2.729607e-02
436,4.360000,1.408450e-01,-3.019091e+01,-1.459036e+01,2.459484e+00,-1.993906e+01,-5.119123e+00,-1.192443e+01,3.435898e+00,1.323108e+01,1.534765e+00,8.608548e+00,-6.222965e+00,4.941925e+00,-2.939591e+00,3.184471e-01,-1.483756e+00,-5.230933e+00,-3.343299e+00,-2.751527e+00,-3.537294e+00,-3.308717e+00,-3.041005e+00,-2.947749e+00,-1.454350e+00,2.374732e-01,5.214679e-01,7.619629e-01,1.108287e+00,1.309736e+00,1.563190e+00,1.670198e+00,2.497146e+00,2.953465e+02,5.795512e-01,6.272449e-02,3.468155e+00,-4.949419e+00,1.604331e+00,-1.902951e+00,5.132556e+00,-4.232498e-01,-7.615903e-01,4.515482e+00,1.073460e+00,6.211872e+00,3.422637e+00,4.081218e+00,1.431433e+00,-1.095419e+00,2.277253e+00,-2.284436e-02,1.084874e-01,1.841157e-02,3.076017e-01,6.132779e-01,5.529295e-01,4.858880e-01,1.189967e+00,-3.892516e-02,2.189822e-02,2.855287e-02,1.285391e-02,-1.785325e-02,-2.146068e-02,-4.749150e-02,-2.294567e-02,-1.426816e+00,8.667074e-02,0,0,0,0,4.484169e+01,1.043910e-02,1.447559e-02,5.765836e-02
437,4.370000,2.030030e-01,-2.514615e+01,-2.233935e+01,6.444603e+00,-2.172119e+01,1.872152e+00,-1.074747e+01,1.245031e+00,2.076410e+01,6.379957e+00,1.488879e+01,-1.297561e+00,1.266317e+01,3.058975e+00,2.611491e+00,3.585612e+00,-4.976648e+00,-3.336592e+00,-2.762525e+00,-3.262496e+00,-2.451537e+00,-2.361923e+00,-2.089777e+00,4.214880e-01,1.825554e-01,5.421403e-01,8.144579e-01,1.138737e+00,1.304130e+00,1.548527e+00,1.702900e+00,2.533835e+00,2.931389e+02,6.237854e-01,9.505602e-02,5.259171e+00,-3.205651e+00,2.257046e+00,-2.636399e+00,3.730073e+00,-1.726484e-02,-4.447059e+00,3.477254e+00,3.386060e+00,3.752672e+00,2.279257e+00,4.107294e+00,3.886427e+00,-1.387830e+00,1.539071e+00,4.758058e-01,6.034020e-01,4.207859e-01,5.505570e-01,9.280143e-01,5.798377e-01,6.634871e-01,1.316892e+00,-2.968589e-02,6.584388e-03,2.947128e-02,8.106875e-03,-2.216090e-02,-2.175662e-02,3.534889e-03,-1.027038e-02,-2.793545e+00,1.030573e-01,8.961860e+01,0,0,1.364803e-01,7.186534e+01,2.011701e-02,2.356086e-02,9.338379e-02
438,4.380000,3.884450e-01,-1.796275e+01,-2.664987e+01,1.262415e+01,-2.540569e+01,6.754958e+00,-1.210503e+01,-5.934853e+00,2.496931e+01,9.025510e+00,1.565565e+01,1.179633e+00,1.538154e+01,8.240749e+00,3.211452e-01,7.230343e+00,-4.136571e+00,-2.480680e+00,-2.208119e+00,-2.710152e+00,-1.395579e+00,-1.691397e+00,-1.207170e+00,2.314864e+00,1.528615e-01,5.630295e-01,8.759109e-01,1.152245e+00,1.296711e+00,1.537416e+00,1.701913e+00,2.513649e+00,2.893162e+02,7.265252e-01,1.232123e-01,5.694695e+00,1.509455e+00,-6.694425e-01,-3.065263e+00,-1.121924e-01,-3.568119e-01,-7.117841e+00,-1.482885e+00,4.127931e+00,-8.065791e-01,-8.848974e-01,1.319628e+00,4.806289e+00,-2.190437e+00,-1.921057e+00,8.632369e-01,1.163721e+00,9.395409e-01,8.978771e-01,1.167253e+00,5.000082e-01,6.131727e-01,7.003893e-01,3.024274e-03,-1.042083e-02,2.319226e-02,-5.852854e-03,-3.341604e-02,-2.390587e-03,5.748272e-02,-1.318402e-02,-3.773019e+00,7.799955e-02,1.793992e+02,5.219550e-02,7.237794e-02,2.200516e-01,7.204762e+01,2.336146e-02,2.575900e-02,7.102887e-02
439,4.390000,4.421712e-01,-1.235914e+01,-1.997693e+01,1.022327e+01,-2.737438e+01,-3.987598e-02,-9.597607e+00,-1.783281e+01,1.971509e+01,1.491637e+01,1.181066e+01,-1.824489e+00,1.702058e+01,1.491332e+01,-1.529683e+00,1.746969e+00,-2.804728e+00,-7.803038e-01,-8.517782e-01,-1.616119e+00,-1.861254e-01,-1.426798e+00,-6.231956e-01,2.433682e+00,1.759858e-01,5.011995e-01,8.487945e-01,1.128585e+00,1.227957e+00,1.519583e+00,1.778566e+00,2.455070e+00,2.843939e+02,8.192100e-01,8.291992e-02,4.817948e+00,6.688830e+00,-6.064368e+00,-4.457574e+00,-3.096306e+00,-1.462407e+00,-6.205338e+00,-7.554414e+00,3.447905e+00,-2.956148e+00,-3.736318e+00,-2.820580e+00,2.912642e+00,-2.681468e+00,-5.416241e+00,9.143149e-01,1.547864e+00,1.397319e+00,1.303753e+00,1.260140e+00,3.643135e-01,2.753519e-01,-3.031488e-01,4.443150e-02,-2.426364e-02,2.299237e-03,-3.158166e-02,-4.394473e-02,-5.783153e-03,9.270541e-02,1.016412e-02,-3.820264e+00,6.730038e-02,2.696271e+02,7.448732e-02,8.161534e-02,3.568932e-01,4.526241e+01,8.472854e-03,4.955599e-03,1.239285e-02
440,4.400000,6.373222e-01,-8.110944e+00,-8.224294e+00,-2.777061e+00,-3.243878e+01,-4.724071e+00,-1.428342e+01,-2.261438e+01,6.341163e+00,1.790621e+01,6.114716e+00,-1.038399e+01,9.361353e+00,1.516468e+01,-8.563148e+00,-1.016972e+01,-2.000708e+00,1.197163e+00,9.908040e-01,1.289037e-01,1.394841e+00,-1.008527e+00,-6.151767e-01,1.041499e+00,2.558794e-01,4.898341e-01,8.607559e-01,1.084099e+00,1.180742e+00,1.565709e+00,1.919778e+00,2.470608e+00,2.808539e+02,8.718367e-01,2.163508e-02,2.987682e+00,8.449039e+00,-9.256496e+00,-5.478747e+00,-3.696990e+00,-1.371807e+00,-2.121750e+00,-1.027794e+01,1.799751e+00,-2.442101e+00,-4.089830e+00,-5.677111e+00,8.402727e-01,-5.892839e-01,-5.677583e+00,6.495556e-01,1.358835e+00,1.437617e+00,1.390234e+00,1.070236e+00,1.784727e-01,-6.764828e-02,-9.572191e-01,6.226765e-02,-2.230218e-02,-2.197158e-02,-4.985096e-02,-5.311270e-02,-2.105925e-02,7.102481e-02,-1.221428e-02,-3.238553e+00,3.850349e-02,2.702338e+02,7.956363e-02,8.798731e-02,2.449380e-01,1.819634e+01,-1.358907e-02,-1.927020e-02,-5.085237e-02
441,4.410000,4.931640e-01,-5.982312e+00,1.892014e+00,-1.617663e+01,-4.049252e+01,-7.869863e+00,-1.697032e+01,-2.144190e+01,-7.693901e+00,1.917913e+01,4.878519e+00,-1.419734e+01,1.570356e+00,1.416022e+01,-6.353702e+00,-1.479556e+01,-1.473005e+00,2.563806e+00,2.624611e+00,1.836740e+00,2.453955e+00,-8.817903e-01,-1.009014e+00,-4.575734e-01,3.532040e-01,4.574198e-01,8.335316e-01,1.014902e+00,1.142391e+00,1.505465e+00,2.057494e+00,2.606176e+00,2.782688e+02,8.876316e-01,3.556889e-02,1.269404e+00,6.481813e+00,-7.803762e+00,-5.661386e+00,-2.185504e+00,-6.151799e-01,2.626352e+00,-8.872066e+00,-2.102934e-01,-3.173376e-01,-2.076844e+00,-6.861858e+00,-1.113060e+00,2.080947e+00,-2.606436e+00,2.776405e-01,8.080853e-01,1.092485e+00,1.091949e+00,6.310512e-01,1.159598e-02,-2.559771e-01,-9.458206e-01,5.581738e-02,-6.450671e-03,-3.032561e-02,-5.393497e-02,-4.333635e-02,-2.527974e-02,2.795940e-02,-2.388363e-02,-2.486218e+00,9.335393e-03,2.705133e+02,2.868021e-02,1.697331e-02,1.860014e-01,-2.292084e-01,-2.169815e-02,-2.380978e-02,-8.400410e-02
442,4.420000,4.711241e-01,-6.212753e+00,4.660848e+00,-2.045838e+01,-4.624036e+01,-7.814995e+00,-1.527771e+01,-1.473906e+01,-1.271588e+01,1.589288e+01,6.911223e+00,-1.308309e+01,-5.278901e+00,1.281867e+01,-2.132649e-01,-1.288630e+01,-1.554654e+00,2.641438e+00,3.241770e+00,2.514590e+00,2.635563e+00,-1.071537e+00,-1.352503e+00,-1.025604e+00,3.755907e-01,4.734085e-01,7.736845e-01,9.598320e-01,1.073930e+00,1.439179e+00,1.917573e+00,2.377024e+00,2.761860e+02,8.848319e-01,7.348154e-02,-6.180811e-03,3.362106e+00,-3.498105e+00,-4.321026e+00,-1.174409e+00,1.364848e+00,4.718158e+00,-5.725764e+00,-3.844325e-01,1.759122e+00,6.372467e-01,-5.080201e+00,-1.689832e+00,4.260855e+00,6.556362e-01,3.970854e-02,2.500997e-01,5.737036e-01,5.832365e-01,1.636297e-01,-1.728959e-01,-2.470802e-01,-5.765508e-01,3.172376e-02,-8.813739e-04,-4.187686e-02,-4.472149e-02,-4.003646e-02,-2.969639e-02,-4.272155e-02,-7.843993e-02,-1.954413e+00,-6.472427e-02,2.699378e+02,7.153731e-03,8.347972e-03,5.123565e-02,-1.852139e+01,-1.838270e-02,-1.885175e-02,-6.239753e-02
443,4.430000,7.031147e-01,-6.961216e+00,5.989560e+00,-1.995488e+01,-4.878052e+01,-9.421936e+00,-1.217636e+01,-8.638710e+00,-1.511672e+01,1.487156e+01,9.825721e+00,-1.085916e+01,-9.968581e+00,1.052103e+01,4.700111e+00,-9.926922e+00,-1.639552e+00,2.537984e+00,3.485163e+00,2.650781e+00,2.348770e+00,-1.337313e+00,-1.534418e+00,-1.261869e+00,3.952170e-01,4.771590e-01,7.407022e-01,9.210441e-01,1.064681e+00,1.456449e+00,1.919466e+00,2.382444e+00,2.742968e+02,8.593894e-01,1.513692e-01,-9.014547e-01,1.181098e+00,6.136055e-01,-2.458749e+00,3.771918e-01,1.719363e+00,3.961309e+00,-3.430420e+00,5.297794e-01,1.808314e+00,2.411762e+00,-2.757173e+00,-2.335313e+00,4.237066e+00,1.505199e+00,-4.704037e-02,-1.028524e-01,5.825546e-02,9.999995e-02,-1.520274e-01,-3.132547e-01,-2.313734e-01,-2.954958e-01,7.158139e-03,2.503029e-03,-3.174846e-02,-2.707192e-02,-3.087430e-02,-3.052235e-03,-6.117050e-02,-6.267414e-02,-1.478363e+00,-1.557138e-01,2.686291e+02,2.201521e-03,2.386105e-03,3.372381e-02,-4.545621e+01,-6.337649e-03,-4.045222e-03,-4.001227e-02
444,4.440000,8.997545e-01,-7.652396e+00,6.537462e+00,-1.837846e+01,-4.989991e+01,-9.820077e+00,-9.856159e+00,-5.425186e+00,-1.857625e+01,1.813783e+01,1.243673e+01,-8.866846e+00,-1.027018e+01,8.535115e+00,7.214220e+00,-9.325858e+00,-1.718892e+00,2.460572e+00,3.429045e+00,2.638066e+00,2.265582e+00,-1.645245e+00,-1.587876e+00,-1.439107e+00,3.934917e-01,4.755576e-01,6.977863e-01,9.074207e-01,1.019415e+00,1.441735e+00,1.775185e+00,2.190274e+00,2.730678e+02,5.623365e-01,4.997767e-02,-2.244011e+00,1.230607e-01,3.053288e+00,4.542263e-01,1.642957e+00,1.289882e+00,2.073356e+00,-1.193090e+00,1.519678e+00,1.576500e+00,3.389388e+00,6.814766e-02,-2.515568e+00,4.004937e+00,1.513642e+00,-1.264464e-01,-4.009506e-01,-4.620555e-01,-3.819316e-01,-4.841421e-01,-4.372343e-01,-3.275706e-01,-2.711906e-01,-1.459851e-02,-4.752773e-03,-1.722085e-02,-1.135288e-02,-1.192856e-02,1.332998e-04,-5.839100e-02,2.488613e-04,-9.360687e-01,-1.935807e-01,1.785690e+02,8.894492e-04,1.022159e-03,9.089098e-03,-7.195880e+01,-1.638488e-03,-1.867194e-03,-1.291818e-02
445,4.450000,1.035695e+00,-9.769764e+00,6.859195e+00,-1.414857e+01,-5.095649e+01,-4.981363e+00,-1.108428e+01,-6.292286e+00,-2.191582e+01,2.070555e+01,1.115734e+01,-4.246653e+00,-9.719869e+00,4.625428e+00,1.111789e+01,-9.049789e+00,-1.626088e+00,2.139977e+00,2.822250e+00,2.275002e+00,1.878808e+00,-2.161210e+00,-2.048194e+00,-1.728301e+00,3.800442e-01,4.688604e-01,7.127385e-01,9.057481e-01,1.015277e+00,1.488926e+00,1.822836e+00,2.386181e+00,2.724360e+02,2.703106e-01,-8.743955e-02,-4.181067e+00,-1.234148e+00,4.183750e+00,3.985379e+00,2.441767e+00,1.053490e+00,5.979360e-01,2.073894e+00,5.305275e-01,1.396883e+00,3.502217e+00,2.170099e+00,-1.799396e+00,4.454839e+00,1.099548e+00,-3.767698e-01,-8.320650e-01,-1.026864e+00,-8.909886e-01,-8.722399e-01,-5.298700e-01,-4.622033e-01,-3.250309e-01,-3.288159e-02,-6.357610e-03,-1.520562e-03,6.538332e-04,9.356642e-03,-1.522064e-03,-6.224531e-02,-4.660487e-03,-4.353302e-01,-1.276296e-01,8.891665e+01,1.241043e-04,4.101071e-04,7.013321e-03,-7.158272e+01,-5.292491e-04,-5.794369e-04,-7.653672e-03
446,4.460000,5.547224e-01,-1.602854e+01,4.841334e+00,-8.095098e+00,-4.288124e+01,-1.820495e+00,-9.374345e+00,-5.545494e+00,-1.528178e+01,2.057428e+01,1.412791e+01,5.575952e-01,-5.062519e+00,3.188627e+00,1.660253e+01,-5.756657e+00,-2.193618e+00,8.356889e-01,1.262949e+00,7.928214e-01,4.498334e-01,-2.845760e+00,-2.733467e+00,-2.148341e+00,3.101845e-01,4.537939e-01,7.015621e-01,9.107156e-01,1.038989e+00,1.423607e+00,1.673933e+00,2.376400e+00,2.724360e+02,2.114680e-01,-1.695509e-01,-5.885457e+00,-2.772770e+00,4.443287e+00,7.958287e+00,1.634211e+00,2.122803e+00,4.076816e-01,5.917680e+00,-1.306708e+00,2.280229e+00,1.838849e+00,2.794268e+00,-2.610379e-01,4.224918e+00,8.830591e-02,-7.069388e-01,-1.263992e+00,-1.462453e+00,-1.324249e+00,-1.237898e+00,-5.327632e-01,-4.791941e-01,-3.236294e-01,-4.212797e-02,-3.027380e-03,2.059515e-02,8.922803e-03,5.041919e-02,1.344343e-02,-3.757120e-02,2.287636e-02,-1.263611e-01,1.808896e-02,0,0,0,0,-4.460547e+01,-1.903003e-04,-2.454426e-04,-2.519152e-03
447,4.470000,4.384331e-01,-2.367848e+01,6.668817e-01,-4.177811e+00,-3.236296e+01,-1.212890e+00,-7.149819e+00,-5.588876e+00,-6.394485e+00,1.630598e+01,1.596454e+01,1.939708e+00,-1.721920e+00,4.197294e+00,2.228015e+01,-6.213785e+00,-3.286038e+00,-8.098993e-01,-5.661109e-01,-8.815402e-01,-1.104555e+00,-3.386405e+00,-3.272639e+00,-2.532407e+00,2.724626e-01,4.562528e-01,7.312114e-01,9.226658e-01,1.101677e+00,1.457903e+00,1.658865e+00,2.266079e+00,2.724360e+02,3.966757e-01,-1.460796e-01,-5.950236e+00,-3.668616e+00,3.384847e+00,9.088472e+00,-8.632305e-01,4.194401e+00,7.779126e-01,7.160127e+00,-2.335473e+00,2.621932e+00,-7.656363e-01,2.092047e+00,2.014695e+00,3.802808e+00,-1.401105e+00,-8.939880e-01,-1.376845e+00,-1.423740e+00,-1.327955e+00,-1.217901e+00,-4.276708e-01,-2.820848e-01,-2.048027e-01,-4.013712e-02,6.679255e-03,2.892170e-02,1.356590e-02,7.473340e-02,2.361988e-02,-2.211527e-02,-3.140092e-03,0,9.451645e-02,0,0,0,0,-1.778333e+01,-2.482086e-05,-8.202142e-05,-1.402664e-03
448,4.480000,3.506307e-01,-3.012532e+01,-4.230231e+00,-1.147404e+00,-1.940524e+01,-3.533262e+00,-1.209372e+00,-3.738483e+00,3.251487e+00,1.380408e+01,2.143427e+01,-2.765783e+00,-2.978180e-01,7.443993e+00,2.275768e+01,-1.030233e+01,-4.423611e+00,-2.384451e+00,-2.189036e+00,-2.404909e+00,-2.432228e+00,-3.696463e+00,-3.371624e+00,-2.655201e+00,2.366426e-01,4.667245e-01,7.915255e-01,9.435759e-01,1.228311e+00,1.524464e+00,1.669314e+00,2.364707e+00,2.724360e+02,5.895987e-01,-3.625856e-02,-4.266211e+00,-3.100291e+00,2.205056e+00,6.817420e+00,-2.326337e+00,4.598218e+00,1.094218e+00,5.159671e+00,-1.848487e+00,1.932207e+00,-2.745576e+00,5.076571e-01,2.677780e+00,2.564996e+00,-2.933717e+00,-7.097336e-01,-1.059692e+00,-9.855234e-01,-9.465410e-01,-8.600668e-01,-2.653482e-01,-5.469966e-02,-6.699340e-02,-3.252617e-02,1.413355e-02,3.498518e-02,1.623369e-02,9.329621e-02,4.870222e-02,4.152485e-02,7.475056e-02,0,8.081315e-02,0,0,0,0,0,0,0,0
449,4.490000,4.073428e-01,-3.247255e+01,-6.948100e+00,-6.981772e-01,-1.725212e+01,-8.441133e+00,5.805239e+00,-3.306228e+00,4.618186e+00,1.241329e+01,2.061382e+01,-6.413145e+00,-1.641985e+00,1.257122e+01,2.705435e+01,-1.378248e+01,-4.981032e+00,-3.134180e+00,-2.570459e+00,-2.765909e+00,-2.769666e+00,-3.874212e+00,-3.139540e+00,-2.498884e+00,2.161295e-01,4.957913e-01,8.123652e-01,9.571474e-01,1.294283e+00,1.556597e+00,1.714569e+00,2.376327e+00,2.724360e+02,5.538275e-01,-1.577032e-02,-2.266668e+00,-1.788724e+00,1.115272e+00,3.191685e+00,-2.611057e+00,3.781065e+00,2.052394e+00,2.538296e+00,-6.569396e-01,1.385632e+00,-2.955441e+00,-1.566046e-01,1.910452e+00,1.743203e+00,-1.963059e+00,-3.947059e-01,-6.361842e-01,-4.390593e-01,-5.031395e-01,-4.806231e-01,-1.361546e-01,5.681159e-02,-9.851146e-03,-3.185322e-02,1.687985e-02,2.268119e-02,1.524010e-02,8.992161e-02,4.412930e-02,8.004586e-02,1.208849e-01,0,2.023285e-02,0,0,0,0,0,0,0,0
450,4.500000,3.889747e-01,-3.296255e+01,-6.852631e+00,1.190364e+00,-1.634956e+01,-9.838059e+00,7.139219e+00,-1.215726e+00,5.010237e+00,1.327819e+01,2.146431e+01,-8.993859e+00,-2.564201e+00,1.239056e+01,2.704041e+01,-1.664090e+01,-4.894789e+00,-3.300630e+00,-2.662494e+00,-2.997699e+00,-3.017945e+00,-3.928598e+00,-3.073515e+00,-2.500069e+00,1.757202e-01,5.046924e-01,8.359111e-01,9.746432e-01,1.409167e+00,1.617771e+00,1.853705e+00,2.695029e+00,2.724360e+02,5.369580e-01,1.176259e-02,-9.982342e-01,-6.112150e-01,4.570030e-01,4.701292e-01,-1.484053e+00,1.510017e+00,2.562756e+00,9.190016e-01,-8.678341e-02,-3.723392e-01,-1.397773e+00,2.357634e-01,-4.536777e-01,7.750500e-01,-5.068650e-01,-1.453273e-01,-3.015826e-01,-1.009386e-01,-2.294622e-01,-2.826537e-01,-8.065812e-02,2.203233e-02,-5.677695e-02,-2.645758e-02,1.278930e-02,-1.289272e-03,1.476702e-02,6.326360e-02,2.889940e-02,8.187654e-02,9.815109e-02,0,-5.119374e-02,0,0,0,0,0,0,0,0
451,4.510000,3.404094e-01,-3.359320e+01,-6.965537e+00,2.296658e-01,-1.793237e+01,-1.111578e+01,7.581208e+00,3.411716e+00,5.417619e+00,1.328422e+01,2.287768e+01,-9.723460e+00,-1.371752e+00,1.127627e+01,2.885480e+01,-1.285979e+01,-5.023979e+00,-3.532730e+00,-2.524678e+00,-3.100843e+00,-3.214812e+00,-3.951111e+00,-3.137635e+00,-2.659229e+00,1.436577e-01,5.216681e-01,8.224246e-01,9.833326e-01,1.460857e+00,1.631896e+00,1.966899e+00,2.705342e+00,2.724360e+02,5.241603e-01,8.257752e-03,-8.473316e-01,-4.241700e-01,3.909019e-01,1.895918e-01,-5.127384e-01,-4.084044e-02,2.549161e+00,1.311866e+00,-8.362795e-01,-8.092312e-01,-2.243280e-01,1.051747e+00,-2.492455e+00,-4.301121e-01,6.395938e-01,-1.132970e-01,-2.307756e-01,-8.455431e-02,-2.329656e-01,-3.333454e-01,-6.629755e-02,-5.653839e-02,-8.980117e-02,-1.855856e-02,6.101346e-03,-2.274089e-02,1.140833e-02,2.158004e-02,1.440485e-02,3.409495e-02,2.415407e-02,0,-5.368983e-02,0,0,0,0,0,0,0,0
452,4.520000,4.429103e-01,-3.455616e+01,-7.277588e+00,6.736895e-01,-1.671447e+01,-9.616204e+00,5.452728e+00,5.716322e+00,7.446778e+00,1.293469e+01,1.844064e+01,-8.099490e+00,7.458827e-01,5.823081e+00,2.573271e+01,-1.329800e+01,-5.128774e+00,-3.693089e+00,-2.716619e+00,-3.384753e+00,-3.622924e+00,-4.061305e+00,-3.262415e+00,-2.858914e+00,1.405906e-01,5.177326e-01,7.800495e-01,1.004318e+00,1.461342e+00,1.631311e+00,1.952532e+00,2.690955e+00,2.724360e+02,3.484636e-01,6.438187e-03,-1.018859e+00,-7.338326e-01,4.320592e-01,1.844816e-01,-8.146480e-01,-7.973250e-01,1.533908e+00,1.449312e+00,-2.674386e+00,-1.795362e+00,7.524733e-02,2.056729e+00,-2.841011e+00,-4.070763e-01,1.094194e+00,-1.846785e-01,-2.458701e-01,-1.287612e-01,-2.801301e-01,-4.200529e-01,-7.649086e-02,-7.939623e-02,-5.147760e-02,-4.462770e-03,1.758736e-03,-4.149389e-02,9.771472e-03,-2.920986e-02,-8.721590e-04,-4.150550e-02,-8.025696e-02,0,-3.971998e-02,0,0,0,0,0,0,0,0
453,4.530000,4.216638e-01,-3.591240e+01,-8.856471e+00,1.514670e+00,-1.612171e+01,-1.111575e+01,6.444283e+00,5.973552e+00,9.959247e+00,8.403639e+00,1.807950e+01,-7.981969e+00,1.961707e+00,3.392684e+00,2.555764e+01,-1.225596e+01,-5.430524e+00,-4.091829e+00,-2.966167e+00,-3.737210e+00,-4.133904e+00,-4.139347e+00,-3.327782e+00,-2.768468e+00,1.409016e-01,5.197780e-01,7.265916e-01,9.993515e-01,1.376096e+00,1.621851e+00,1.835630e+00,2.499134e+00,2.724360e+02,3.796256e-01,-3.158327e-02,-1.034439e+00,-8.925145e-01,9.111419e-01,9.400482e-02,-1.413109e+00,-1.658305e+00,-6.663175e-02,9.340885e-01,-4.517421e+00,-1.608783e+00,-4.324310e-01,1.817582e+00,-2.733021e+00,-1.458612e+00,4.328249e-01,-1.963950e-01,-1.933146e-01,-1.954252e-01,-3.096419e-01,-4.529482e-01,-7.057343e-02,-1.055202e-01,2.118969e-02,1.482561e-02,-3.547680e-03,-3.635298e-02,1.600794e-02,-3.656230e-02,-3.934622e-04,-5.389948e-02,-8.946028e-02,0,2.753257e-02,0,0,0,0,0,0,0,0
454,4.540000,3.805385e-01,-3.689725e+01,-9.576326e+00,2.708159e+00,-1.633249e+01,-1.391131e+01,3.721057e+00,5.172894e+00,9.985986e+00,2.346553e+00,1.488659e+01,-9.488368e+00,6.052716e+00,2.127301e+00,2.665361e+01,-1.147185e+01,-5.614909e+00,-4.250432e+00,-3.085555e+00,-4.080166e+00,-4.658664e+00,-4.216934e+00,-3.375423e+00,-2.702838e+00,1.547845e-01,5.144311e-01,6.763582e-01,1.015491e+00,1.305498e+00,1.618433e+00,1.711812e+00,2.396848e+00,2.724360e+02,4.106255e-01,-9.186021e-02,-8.278255e-01,-1.047238e+00,5.929033e-01,-6.267940e-01,-2.243467e+00,-2.111346e+00,-4.985757e-01,-2.546358e-02,-5.112921e+00,-1.410651e+00,-1.387943e+00,1.583646e+00,-1.901784e+00,-2.243632e+00,5.407125e-01,-2.180675e-01,-1.425559e-01,-1.472096e-01,-2.441725e-01,-3.668728e-01,-3.375492e-02,-8.352599e-02,6.471698e-02,3.984220e-02,-2.606756e-03,-1.116631e-02,2.336470e-02,-3.360856e-03,2.373731e-03,-2.052345e-02,-3.697412e-02,0,8.313604e-02,0,0,0,0,0,0,0,0
455,4.550000,2.136790e-01,-3.759486e+01,-1.027874e+01,3.768141e+00,-1.765334e+01,-1.603377e+01,1.555195e-01,3.350271e+00,8.818458e+00,-4.008811e+00,1.661079e+01,-1.119118e+01,5.062739e+00,-5.409501e-01,2.110129e+01,-1.160875e+01,-5.762887e+00,-4.220632e+00,-3.317336e+00,-4.301346e+00,-4.961683e+00,-4.226163e+00,-3.608732e+00,-2.631318e+00,2.106888e-01,5.055804e-01,6.925054e-01,1.057786e+00,1.355967e+00,1.636368e+00,1.817761e+00,2.405094e+00,2.724360e+02,6.307423e-01,-1.047174e-01,-4.528469e-01,-1.108936e+00,3.611891e-02,-1.125913e+00,-2.093310e+00,-2.045627e+00,-6.549019e-01,-1.207090e+00,-4.038072e+00,-2.261190e+00,-7.925767e-01,8.136985e-01,-1.459696e+00,-2.994666e+00,1.714862e-01,-1.973800e-01,-7.164583e-02,-9.027853e-02,-1.113355e-01,-2.152400e-01,-5.074739e-03,-1.125469e-02,6.056943e-02,6.399657e-02,-3.370941e-04,1.653391e-02,2.943016e-02,4.976224e-02,5.515111e-03,2.859026e-02,4.326155e-02,0,7.454112e-02,0,0,0,0,0,0,0,0
456,4.560000,8.760162e-02,-3.785406e+01,-1.180265e+01,2.511471e+00,-1.908263e+01,-1.837453e+01,-1.959621e+00,4.535084e+00,7.889854e+00,-6.423688e+00,1.212174e+01,-1.343460e+01,7.113597e+00,-1.719020e+00,1.674273e+01,-1.091804e+01,-6.052930e+00,-4.341466e+00,-3.277083e+00,-4.323548e+00,-5.043398e+00,-4.186671e+00,-3.539570e+00,-2.603904e+00,3.049079e-01,5.117976e-01,7.412611e-01,1.091925e+00,1.454602e+00,1.635922e+00,1.858849e+00,2.553104e+00,2.724360e+02,6.385854e-01,-8.087798e-02,3.363621e-01,-1.139952e+00,-1.088784e+00,-1.811808e+00,-6.784031e-01,-1.221500e+00,-8.580452e-01,-1.305138e+00,-1.701312e+00,-2.277868e+00,7.535087e-01,4.857230e-01,-7.001090e-01,-2.627092e+00,8.581435e-01,-1.439737e-01,7.851506e-03,3.147640e-02,1.232353e-01,6.865320e-02,7.219134e-02,7.628457e-02,1.002686e-01,6.351621e-02,6.305915e-03,2.899525e-02,1.900029e-02,5.592488e-02,-1.131821e-03,2.620907e-02,6.201413e-02,-9.058899e-01,5.221181e-02,0,0,0,0,1.453882e+01,0,0,6.666667e-02
457,4.570000,4.454534e-02,-3.769823e+01,-1.328799e+01,1.793609e+00,-2.037621e+01,-1.935069e+01,-9.435146e-01,3.017948e+00,4.971861e+00,-7.401602e+00,8.155978e+00,-9.971736e+00,5.499758e+00,-1.982634e+00,1.553975e+01,-1.167543e+01,-6.198413e+00,-4.404541e+00,-3.321796e+00,-4.172196e+00,-5.017737e+00,-4.179852e+00,-3.301982e+00,-2.515088e+00,3.858226e-01,5.194092e-01,7.768097e-01,1.108286e+00,1.550355e+00,1.640682e+00,1.905063e+00,2.637314e+00,2.724360e+02,6.383512e-01,-3.234089e-02,1.947017e+00,-4.343837e-01,-2.300707e+00,-3.053193e+00,1.900107e+00,-1.638023e+00,-1.688142e+00,-1.646727e+00,3.404980e-01,-1.371813e+00,2.618170e+00,1.441779e-01,2.590159e-01,-1.411023e+00,2.100148e+00,9.406133e-02,2.796975e-01,2.886849e-01,4.963414e-01,4.912312e-01,2.352012e-01,1.527322e-01,2.029152e-01,4.380814e-02,1.473666e-02,2.868699e-02,7.480002e-03,2.437187e-02,-8.990491e-03,4.014254e-03,4.373043e-02,-3.007596e+00,2.296750e-02,0,0,0,0,3.609328e+01,0,0,1.666667e-01
458,4.580000,6.071536e-02,-3.516375e+01,-1.377146e+01,-1.748493e+00,-2.403010e+01,-1.564487e+01,-1.836926e+00,1.048830e+00,5.383595e+00,-4.463611e+00,7.724663e+00,-6.330545e+00,8.262821e+00,-6.524015e-01,1.629891e+01,-7.147787e+00,-6.117014e+00,-4.119220e+00,-2.925943e+00,-3.528564e+00,-4.287371e+00,-3.879133e+00,-3.147375e+00,-2.259610e+00,3.847986e-01,5.390463e-01,7.791823e-01,1.085243e+00,1.487929e+00,1.610616e+00,1.799206e+00,2.590809e+00,2.679066e+02,6.678801e-01,6.526926e-03,4.358144e+00,1.897228e+00,-3.113945e+00,-5.552320e+00,4.636106e+00,-2.499197e+00,-3.217015e+00,-1.866642e+00,2.089677e+00,1.853025e+00,2.692753e+00,-5.784888e-01,2.889346e-01,-2.150955e+00,3.236991e+00,5.990659e-01,8.783360e-01,7.629865e-01,1.035711e+00,1.080652e+00,4.024492e-01,1.087007e-01,3.306448e-01,1.463861e-02,1.105469e-02,2.317360e-02,-1.154420e-02,-3.210760e-02,-9.701669e-03,2.560108e-02,1.000304e-02,-6.133017e+00,4.035770e-02,7.269412e+01,0,0,3.333333e-01,5.714034e+01,6.583362e-03,9.412103e-03,2.396649e-01
459,4.590000,6.541764e-02,-2.920493e+01,-1.146625e+01,-5.605412e+00,-3.044557e+01,-7.898067e+00,-8.095944e+00,-3.347314e+00,1.837950e+00,-3.286359e+00,1.195026e+01,-1.652356e+00,5.209016e+00,2.208202e-01,1.426808e+01,-2.993132e+00,-5.260538e+00,-2.933268e+00,-2.049482e+00,-2.217131e+00,-2.883540e+00,-3.203926e+00,-3.041169e+00,-1.788889e+00,3.897842e-01,5.656394e-01,8.169797e-01,1.098527e+00,1.461163e+00,1.604068e+00,1.867654e+00,2.604894e+00,2.596628e+02,7.309324e-01,3.124042e-02,6.469359e+00,4.469615e+00,-3.257444e+00,-7.710998e+00,4.747403e+00,-2.639922e+00,-3.312813e+00,-2.755993e+00,2.719264e+00,4.861835e+00,4.326032e-01,-1.002251e+00,-4.892482e-01,-3.287558e+00,3.499189e+00,1.113523e+00,1.471132e+00,1.296510e+00,1.497041e+00,1.511334e+00,5.025966e-01,1.288766e-01,4.406983e-01,3.163499e-03,-4.109681e-04,2.084183e-02,-3.335320e-02,-5.893415e-02,1.104119e-02,7.103137e-02,1.097259e-02,-8.816188e+00,4.551044e-02,1.441194e+02,0,0,6.666667e-01,5.578392e+01,1.083421e-02,1.954598e-02,1.620680e-01
460,4.600000,1.098001e-01,-2.031000e+01,-3.227374e+00,-9.358746e+00,-4.180954e+01,-9.203183e-01,-1.087939e+01,-8.367360e+00,1.235995e-01,1.967076e+00,1.948972e+01,-4.130526e+00,4.366524e+00,-1.376074e+00,6.623787e+00,9.257656e-01,-3.526539e+00,-6.854231e-01,-9.830761e-02,-1.225241e-01,-7.072361e-01,-2.662388e+00,-3.126473e+00,-1.313779e+00,3.761202e-01,5.439560e-01,8.370441e-01,1.039083e+00,1.338660e+00,1.605721e+00,2.005559e+00,2.619330e+00,2.481576e+02,7.940833e-01,1.353197e-01,6.687123e+00,6.102441e+00,-1.929363e+00,-8.065989e+00,1.738317e+00,-8.127672e-01,-1.803350e+00,-3.470143e+00,1.883026e+00,5.423355e+00,-1.460291e+00,-7.613422e-01,-1.720355e+00,-3.641896e+00,2.466192e+00,1.363690e+00,1.691397e+00,1.532076e+00,1.564939e+00,1.392321e+00,3.752185e-01,1.623362e-01,4.149348e-01,-1.185435e-03,-1.896265e-02,1.328564e-03,-5.698935e-02,-6.455366e-02,1.900642e-02,8.694819e-02,1.805830e-03,-9.321446e+00,2.587289e-02,2.136420e+02,3.291681e-02,4.706052e-02,8.649914e-01,1.929789e+01,1.131380e-02,2.225989e-02,-3.664671e-02
461,4.610000,1.762051e-01,-1.277832e+01,3.788039e+00,-1.068848e+01,-5.004147e+01,-2.975949e+00,-9.621894e+00,-8.838023e+00,-6.178108e+00,2.979375e+00,2.658263e+01,-8.908730e+00,2.436653e+00,-4.067039e+00,3.939526e+00,1.783738e+00,-1.926034e+00,1.234222e+00,1.746938e+00,1.609991e+00,7.488632e-01,-2.275242e+00,-2.668050e+00,-7.845116e-01,4.059793e-01,5.148996e-01,8.520879e-01,9.645994e-01,1.330319e+00,1.698336e+00,2.157043e+00,2.677917e+00,2.382296e+02,8.028018e-01,2.589154e-01,4.223996e+00,5.286323e+00,3.988429e-01,-5.395607e+00,-2.752555e+00,1.629432e+00,1.365484e+00,-2.541446e+00,-5.873030e-01,3.188169e+00,-1.166951e+00,1.459838e+00,-1.411642e+00,-2.055824e+00,1.304282e+00,1.084156e+00,1.227903e+00,1.173950e+00,1.045374e+00,5.956872e-01,6.758952e-02,1.381710e-01,2.393688e-01,-9.690714e-03,-2.474537e-02,-3.039098e-02,-6.928316e-02,-4.408400e-02,2.479511e-02,5.632644e-02,-1.233699e-02,-7.733984e+00,-1.136031e-02,2.084457e+02,3.771266e-02,7.419962e-02,5.445110e-01,-2.298648e+01,1.438754e-03,8.141734e-03,-1.961441e-01
462,4.620000,6.819200e-01,-9.941445e+00,9.113602e+00,-8.853771e+00,-5.456209e+01,-9.414338e+00,-5.137787e+00,-5.222564e+00,-7.959089e+00,1.818653e+00,2.752526e+01,-1.000381e+01,5.842291e+00,-7.110246e+00,3.253710e+00,2.794735e+00,-9.658141e-01,2.254019e+00,2.836227e+00,2.382571e+00,8.580334e-01,-2.467383e+00,-2.522254e+00,-6.871249e-01,3.707739e-01,4.696029e-01,7.682710e-01,8.672597e-01,1.230582e+00,1.658514e+00,2.089252e+00,2.563327e+00,2.320159e+02,7.613098e-01,2.959473e-01,9.934292e-02,2.469022e+00,3.176806e+00,2.173477e-01,-5.011902e+00,3.053661e+00,3.558847e+00,-1.191940e+00,-3.063819e+00,-4.000582e-01,1.374328e+00,3.001206e+00,-1.665170e-01,7.407287e-01,-5.045513e-01,4.342567e-01,2.740683e-01,2.400096e-01,8.835436e-02,-4.828102e-01,-2.538283e-01,4.336166e-02,-5.349252e-02,-2.849330e-02,-1.578852e-02,-5.243864e-02,-4.209134e-02,-4.453540e-03,1.001619e-02,1.331556e-02,-2.104075e-02,-4.735373e+00,-4.338794e-02,1.370204e+02,3.771266e-02,7.419962e-02,2.111776e-01,-5.682320e+01,-9.875042e-03,-1.411815e-02,-2.261641e-01
463,4.630000,1.073935e+00,-1.326922e+01,8.794878e+00,-3.863685e+00,-5.104733e+01,-1.741383e+01,-2.819585e+00,1.907705e+00,-6.827934e+00,-6.148663e+00,2.387334e+01,-4.550470e+00,1.177032e+01,-3.970302e+00,5.673999e+00,2.593793e+00,-1.120120e+00,1.736526e+00,2.353000e+00,1.757190e+00,-6.877389e-01,-2.963481e+00,-2.652423e+00,-9.053726e-01,3.440038e-01,4.790890e-01,6.994113e-01,8.380227e-01,1.294782e+00,1.701647e+00,2.107439e+00,2.571210e+00,2.290637e+02,6.905176e-01,1.830450e-01,-3.656143e+00,-3.510633e-01,4.925657e+00,5.505647e+00,-3.981661e+00,3.771583e+00,3.573451e+00,1.193218e+00,-3.050742e+00,-2.480795e+00,3.356297e+00,2.683336e+00,1.474049e+00,2.223178e+00,-2.328175e+00,-2.408439e-01,-6.277958e-01,-7.055116e-01,-7.881505e-01,-1.195775e+00,-4.864672e-01,-1.571804e-01,-3.394656e-01,-5.302454e-02,-4.084787e-03,-5.341081e-02,-9.620202e-03,1.259344e-02,-1.087975e-03,-1.980920e-02,-1.134186e-02,-2.128412e+00,-9.248637e-02,6.749773e+01,4.795847e-03,2.713911e-02,1.285295e-02,-5.539117e+01,-1.131380e-02,-2.225989e-02,-1.300199e-01
464,4.640000,1.140672e+00,-1.956783e+01,6.614319e+00,3.112885e+00,-4.021987e+01,-1.876089e+01,9.877604e-01,4.054011e+00,-5.511187e+00,-8.787999e+00,1.884407e+01,5.619870e-01,1.470572e+01,-2.257028e+00,9.460195e+00,-2.002018e+00,-1.758211e+00,4.337666e-01,7.987096e-01,2.456482e-01,-2.402986e+00,-3.587410e+00,-2.917478e+00,-1.520811e+00,2.646415e-01,4.829186e-01,6.511891e-01,8.919147e-01,1.334161e+00,1.654146e+00,2.096939e+00,2.567479e+00,2.290637e+02,6.332857e-01,-4.344197e-02,-5.521836e+00,-2.632199e+00,4.743663e+00,8.884699e+00,-1.349948e+00,3.503042e+00,2.183913e+00,2.437461e+00,-1.201534e+00,-1.981836e+00,2.755000e+00,4.775219e-02,1.361905e+00,2.418874e+00,-4.044630e+00,-7.356418e-01,-1.185197e+00,-1.300409e+00,-1.300790e+00,-1.310296e+00,-4.708649e-01,-2.195352e-01,-4.590819e-01,-5.948982e-02,5.656368e-03,-2.421764e-02,2.609355e-02,3.132115e-02,-4.635096e-03,-3.965361e-02,1.423790e-02,-5.904541e-01,-1.406491e-01,0,0,0,0,-3.415386e+01,-8.022116e-03,-1.755384e-02,-4.352083e-02
465,4.650000,8.620542e-01,-2.624584e+01,3.282364e+00,7.956474e+00,-2.968435e+01,-1.821098e+01,6.173246e+00,4.390944e+00,-1.435971e+00,-6.971007e+00,1.851924e+01,2.589856e+00,1.142162e+01,8.765981e-01,1.195217e+01,-7.458759e+00,-2.734055e+00,-9.946311e-01,-7.618613e-01,-1.262300e+00,-3.599503e+00,-4.147564e+00,-3.256340e+00,-2.064996e+00,1.939228e-01,4.878178e-01,6.435748e-01,9.041709e-01,1.341497e+00,1.695080e+00,2.054154e+00,2.619131e+00,2.290637e+02,4.043820e-01,-1.567196e-01,-5.246101e+00,-3.614617e+00,2.709259e+00,7.855931e+00,4.760457e-01,2.087605e+00,4.212399e-01,3.162390e+00,1.337357e+00,-3.361517e-01,4.133263e-01,-2.747266e+00,3.539589e-01,1.671946e+00,-4.103892e+00,-9.360889e-01,-1.220071e+00,-1.269665e+00,-1.294551e+00,-9.448540e-01,-3.047189e-01,-2.136629e-01,-3.994894e-01,-3.685279e-02,2.281982e-03,2.761608e-03,2.904261e-02,7.331931e-03,-2.210674e-02,-9.781112e-02,8.247614e-04,0,-1.422454e-01,0,0,0,0,-1.349955e+01,-9.591694e-04,-5.427823e-03,-2.570590e-03
466,4.660000,5.706503e-01,-3.106232e+01,-1.291135e+00,8.954465e+00,-2.082009e+01,-1.576551e+01,7.881006e+00,4.455383e+00,1.532234e+00,-3.777844e+00,2.029312e+01,2.010237e-01,6.255405e+00,-2.724169e+00,1.220899e+01,-1.240214e+01,-3.837056e+00,-2.306386e+00,-2.108386e+00,-2.611633e+00,-4.237563e+00,-4.229666e+00,-3.317971e+00,-2.402723e+00,1.483653e-01,4.935204e-01,6.751010e-01,9.646533e-01,1.363831e+00,1.638622e+00,1.917627e+00,2.610556e+00,2.290637e+02,2.011323e-01,-1.802425e-01,-3.858521e+00,-3.841498e+00,-1.607023e-01,4.309593e+00,7.557333e-01,3.160681e-01,4.445452e-01,3.284011e+00,1.670668e+00,8.340815e-01,-7.317182e-01,-2.855815e+00,-1.337894e-01,8.363270e-01,-2.309718e+00,-9.490091e-01,-1.000659e+00,-8.982741e-01,-9.390006e-01,-5.459927e-01,-9.041681e-02,-1.562531e-01,-2.439464e-01,9.706318e-05,6.096229e-03,1.882903e-02,2.455376e-02,7.549954e-03,-1.941817e-02,-1.095429e-01,-1.915171e-02,0,-7.150809e-02,0,0,0,0,0,0,0,0
467,4.670000,5.753472e-01,-3.375248e+01,-5.325482e+00,6.761818e+00,-2.146757e+01,-1.653130e+01,4.171819e+00,3.813218e+00,5.462304e+00,-1.966956e+00,2.146805e+01,-2.303357e+00,2.259151e+00,-1.966937e+00,1.265933e+01,-1.272561e+01,-4.761142e+00,-2.993756e+00,-2.541776e+00,-3.286924e+00,-4.494720e+00,-4.165947e+00,-3.520491e+00,-2.461864e+00,2.178779e-01,4.851981e-01,7.012634e-01,9.468665e-01,1.316607e+00,1.598875e+00,1.708040e+00,2.553796e+00,2.290637e+02,1.953674e-01,-1.470601e-01,-2.040441e+00,-3.287504e+00,-2.288640e+00,6.985844e-01,2.002769e-01,-8.590279e-02,1.086921e+00,2.415168e+00,-2.538216e-02,-9.671486e-01,-9.244907e-01,-1.859055e+00,1.176741e+00,1.415344e+00,4.416853e-01,-7.409313e-01,-7.125196e-01,-3.694277e-01,-4.245757e-01,-2.246410e-01,7.898159e-02,-4.754629e-02,-7.474880e-02,2.304018e-02,1.244636e-02,1.716483e-02,2.476595e-02,1.605741e-02,-1.893414e-02,-9.238539e-02,-3.897350e-02,0,5.360167e-02,0,0,0,0,0,0,0,0
468,4.680000,3.828128e-01,-3.510711e+01,-8.289249e+00,2.906701e+00,-2.278030e+01,-1.582206e+01,3.568814e+00,6.565599e+00,7.459730e+00,-2.936686e+00,2.154007e+01,-6.499975e-01,5.007880e+00,-1.504207e+00,1.328825e+01,-1.091718e+01,-5.489713e+00,-3.569967e+00,-2.802703e+00,-3.437043e+00,-4.685340e+00,-4.030303e+00,-3.566668e+00,-2.542109e+00,2.531492e-01,5.147097e-01,7.164900e-01,9.933357e-01,1.384356e+00,1.605158e+00,1.722282e+00,2.504388e+00,2.290637e+02,3.802525e-01,-1.315630e-01,-3.563362e-01,-2.109442e+00,-3.197191e+00,-2.179659e+00,-7.647572e-01,1.546839e+00,1.770926e+00,2.098143e+00,-1.078583e+00,-3.919554e+00,2.382014e-01,8.368433e-02,3.514745e+00,2.559995e+00,3.346323e+00,-4.246524e-01,-3.998164e-01,1.721743e-01,1.302271e-01,7.684326e-03,8.544748e-02,7.757203e-02,7.826903e-02,2.006188e-02,1.892083e-02,-2.911770e-03,9.762913e-03,4.895735e-03,-5.011416e-03,-4.586098e-02,-3.788020e-02,0,1.168760e-01,0,0,0,0,0,0,0,0
469,4.690000,2.206726e-01,-3.442565e+01,-9.656097e+00,-4.628464e-01,-2.521132e+01,-1.718132e+01,7.899828e+00,8.770439e+00,7.676118e+00,-7.518497e+00,1.306002e+01,-1.607087e+00,2.750106e+00,6.150324e+00,1.848927e+01,-5.992809e+00,-5.612383e+00,-3.925439e+00,-2.261841e+00,-2.972474e+00,-4.498819e+00,-3.852338e+00,-3.369723e+00,-2.369047e+00,2.567317e-01,5.394549e-01,7.087045e-01,1.013659e+00,1.411522e+00,1.617142e+00,1.689900e+00,2.477348e+00,2.290637e+02,5.828303e-01,-1.200207e-01,8.004543e-01,-8.044538e-01,-2.445699e+00,-2.648490e+00,-1.313539e+00,2.452732e+00,6.730865e-01,1.349548e+00,-2.150144e+00,-6.809455e+00,1.342092e+00,1.117070e+00,3.530709e+00,1.990255e+00,4.117081e+00,-6.455889e-02,-1.115616e-01,4.289688e-01,4.187405e-01,1.367263e-01,3.809469e-02,1.869641e-01,1.818068e-01,-2.057523e-04,2.050356e-02,-1.703035e-02,8.207565e-03,-1.078630e-03,-6.364071e-03,5.162084e-03,3.699541e-04,0,1.064475e-01,0,0,0,0,0,0,0,0
470,4.700000,9.017274e-02,-3.250742e+01,-9.673038e+00,-3.419159e+00,-2.984651e+01,-1.926428e+01,1.375120e+01,1.083140e+01,1.091604e+01,-6.394987e+00,4.899367e+00,1.043896e+00,6.428350e+00,1.079093e+01,2.209400e+01,9.630814e-01,-5.534698e+00,-3.839626e+00,-1.387482e+00,-2.117722e+00,-4.197092e+00,-3.959233e+00,-3.005495e+00,-2.057786e+00,2.292478e-01,5.609961e-01,6.568217e-01,9.800714e-01,1.340852e+00,1.604432e+00,1.697392e+00,2.459379e+00,2.290637e+02,5.917808e-01,-4.832298e-02,1.410555e+00,1.316793e-01,-9.219481e-01,-2.629972e+00,-1.450378e+00,1.519870e+00,-9.694538e-01,1.021110e+00,-2.394087e+00,-6.604396e+00,2.050218e+00,1.017635e+00,1.389868e+00,-5.876280e-01,2.901051e+00,1.796494e-01,1.720577e-01,4.719042e-01,4.828497e-01,1.830406e-01,-1.373503e-02,1.859815e-01,2.647033e-01,3.169201e-03,1.157369e-02,-2.487568e-02,-1.000718e-02,-2.715379e-02,-1.695379e-02,1.501114e-02,2.311423e-02,-2.477783e-01,6.199627e-02,0,0,0,0,1.427980e+01,0,0,0
471,4.710000,1.215637e-01,-3.105006e+01,-8.655857e+00,-2.303748e+00,-3.117692e+01,-2.137788e+01,1.134429e+01,5.045748e+00,1.048189e+01,-1.098853e+01,-4.258869e+00,3.560158e+00,7.134264e+00,9.539040e+00,1.820773e+01,1.919662e+00,-5.061444e+00,-3.416734e+00,-1.104543e+00,-1.852882e+00,-4.055213e+00,-4.011009e+00,-2.866257e+00,-1.794991e+00,2.287999e-01,5.645726e-01,6.459458e-01,9.945365e-01,1.332965e+00,1.567418e+00,1.746295e+00,2.578150e+00,2.290637e+02,6.218410e-01,5.317816e-03,1.169986e+00,6.872827e-01,5.734928e-01,-1.714644e+00,-6.627153e-01,-5.948774e-01,-1.799228e+00,-2.964640e-01,-3.284996e+00,-3.523216e+00,1.571383e+00,7.514619e-01,-2.960247e+00,-4.428833e+00,-8.328012e-01,2.586304e-01,3.134457e-01,2.193145e-01,3.290121e-01,8.823173e-02,-3.584397e-02,6.159484e-02,2.107038e-01,1.562842e-02,6.547851e-03,-1.420414e-02,-1.475043e-02,-9.262824e-03,-1.777633e-02,3.933809e-02,4.224055e-02,-8.541443e-01,4.007174e-02,0,0,0,0,3.550404e+01,0,0,0
472,4.720000,1.907523e-01,-2.974213e+01,-8.130973e+00,-7.825890e-01,-3.294736e+01,-2.097567e+01,9.445933e+00,3.580676e+00,1.116239e+01,-1.317211e+01,-2.822460e+00,7.017470e+00,7.903975e+00,3.750778e+00,1.049088e+01,-3.681626e-01,-4.866936e+00,-2.964031e+00,-1.021831e+00,-1.582591e+00,-3.991940e+00,-4.019642e+00,-2.888494e+00,-1.505620e+00,2.829612e-01,5.600193e-01,6.234909e-01,9.528613e-01,1.287865e+00,1.545251e+00,1.769140e+00,2.569558e+00,2.278248e+02,6.707285e-01,4.981911e-02,1.059238e+00,1.341349e+00,1.893361e+00,-8.912922e-01,-9.595505e-01,-2.493481e+00,-1.262720e+00,-1.933386e+00,-3.612556e+00,-4.892413e-01,-6.636076e-01,-5.046863e-02,-4.892258e+00,-5.505323e+00,-3.923843e+00,3.860955e-01,4.484194e-01,1.188776e-01,2.106693e-01,-2.689900e-02,4.252434e-03,-1.675301e-02,1.216636e-01,2.938048e-02,-4.341751e-03,-3.159344e-03,-2.535720e-02,2.115815e-02,-5.286503e-03,4.178583e-02,3.515346e-02,-1.775504e+00,5.653325e-02,7.139899e+01,0,0,0,5.654407e+01,0,0,6.085579e-03
473,4.730000,1.969718e-01,-2.995836e+01,-6.990716e+00,1.086333e+00,-3.223412e+01,-1.963920e+01,7.078073e+00,3.399663e+00,6.070623e+00,-2.055492e+01,-6.951424e-01,3.263042e+00,5.769602e+00,-5.130835e+00,2.146661e+00,-9.491193e+00,-4.653112e+00,-2.796008e+00,-1.348094e+00,-1.594979e+00,-4.160236e+00,-4.001353e+00,-3.120250e+00,-1.591611e+00,3.080172e-01,5.726826e-01,6.543491e-01,9.535124e-01,1.391701e+00,1.557850e+00,1.850716e+00,2.633461e+00,2.254124e+02,7.437151e-01,3.868210e-02,1.342706e+00,2.617493e+00,2.196614e+00,-1.446718e+00,-2.289948e+00,-4.103819e+00,-8.074088e-02,-3.006073e+00,-1.276323e+00,1.173281e+00,-2.393166e+00,4.846358e-01,-4.222573e+00,-3.413829e+00,-4.826331e+00,5.939714e-01,6.948145e-01,2.936390e-01,2.823101e-01,-4.195125e-02,2.343989e-03,-3.613763e-02,-3.772409e-02,2.590947e-02,-1.699736e-02,-2.493185e-03,-3.870218e-02,3.719383e-02,1.717108e-02,6.067044e-02,1.798010e-02,-2.590283e+00,6.011129e-02,1.418207e+02,0,0,0,5.604904e+01,3.805942e-03,5.265892e-04,3.576968e-02
474,4.740000,3.015642e-01,-2.775707e+01,-3.798861e+00,4.352607e+00,-3.377437e+01,-2.493137e+01,3.416899e+00,5.340847e+00,3.454743e+00,-1.967457e+01,6.712976e-01,-2.125584e+00,6.858338e+00,-6.335423e+00,2.597924e+00,-1.295071e+01,-3.808387e+00,-1.907892e+00,-6.713188e-01,-1.193327e+00,-4.279075e+00,-3.942799e+00,-2.962264e+00,-1.551158e+00,3.365416e-01,5.352324e-01,6.368233e-01,8.737974e-01,1.417275e+00,1.582783e+00,1.854110e+00,2.607491e+00,2.220118e+02,8.135099e-01,7.281400e-02,2.177646e+00,4.183849e+00,2.125272e+00,-2.725790e+00,-3.706132e+00,-6.203502e+00,1.285605e-01,-3.166378e+00,9.259843e-01,8.290259e-01,-2.980523e+00,1.782339e+00,-8.944721e-01,-8.863765e-01,-3.508260e+00,9.140585e-01,1.047842e+00,6.459436e-01,4.979445e-01,7.060037e-02,3.074737e-02,-3.471060e-02,-1.253004e-01,1.274517e-02,-2.557882e-02,-1.598072e-03,-2.372992e-02,4.539409e-02,4.530901e-02,9.161834e-02,2.098722e-02,-2.905124e+00,4.953793e-02,2.118100e+02,0,0,3.042789e-02,3.432764e+01,5.802031e-03,4.142901e-03,6.672977e-02
475,4.750000,2.595682e-01,-2.532906e+01,2.265555e+00,6.111723e+00,-3.799701e+01,-3.084977e+01,-6.160295e+00,3.761958e+00,-6.946502e-01,-1.411891e+01,-1.393453e-01,-3.834146e+00,1.008026e+01,-6.530724e+00,5.085063e+00,-1.592072e+01,-2.620862e+00,-4.707305e-01,1.883961e-01,-6.359631e-01,-4.121402e+00,-4.037711e+00,-3.010060e+00,-1.960843e+00,3.315571e-01,4.919793e-01,6.268137e-01,8.405575e-01,1.454229e+00,1.634507e+00,2.007162e+00,2.649084e+00,2.190188e+02,8.510067e-01,6.540799e-02,3.049097e+00,4.741550e+00,1.043198e+00,-4.665698e+00,-3.608094e+00,-6.579883e+00,2.522697e-01,-2.260214e+00,2.778596e+00,9.478229e-01,-2.624905e+00,4.090266e+00,1.990902e+00,8.680375e-02,-1.037977e+00,1.023602e+00,1.254435e+00,9.633304e-01,7.887192e-01,2.927672e-01,6.897225e-02,-9.868431e-03,-6.537876e-02,7.158789e-03,-2.311346e-02,-3.278381e-03,-4.100847e-03,2.726997e-02,6.954928e-02,1.209076e-01,2.263653e-02,-2.765067e+00,3.051651e-02,2.100397e+02,1.902971e-02,2.632946e-03,1.636345e-01,1.292600e+01,6.522720e-03,6.401365e-03,7.383646e-02
476,4.760000,5.235241e-01,-2.116855e+01,8.160137e+00,7.331075e+00,-4.369487e+01,-3.390104e+01,-1.495239e+01,4.042331e+00,-1.286859e+00,-1.176019e+01,1.044770e+00,-4.336552e+00,1.466034e+01,-2.163871e-02,4.589792e+00,-1.469470e+01,-1.312769e+00,1.112541e+00,1.439642e+00,4.276230e-01,-3.658355e+00,-3.847727e+00,-3.117141e+00,-1.947506e+00,3.349171e-01,4.724768e-01,6.292682e-01,8.906891e-01,1.483571e+00,1.733468e+00,2.149009e+00,2.666682e+00,2.164960e+02,8.647724e-01,1.296773e-01,3.178396e+00,3.689415e+00,-5.326112e-01,-5.019902e+00,-1.952190e+00,-4.762569e+00,1.972986e-01,-1.379514e+00,1.893201e+00,1.572308e+00,-2.694441e+00,5.660760e+00,2.510528e+00,-1.845151e+00,2.881460e-01,8.136717e-01,1.092014e+00,9.376569e-01,8.922940e-01,4.540033e-01,1.615463e-01,3.940120e-02,8.067365e-02,4.692960e-03,-6.515622e-03,3.297687e-03,1.797133e-02,1.453900e-02,7.514300e-02,1.225480e-01,2.935345e-02,-2.379613e+00,1.333178e-02,2.089277e+02,1.949530e-02,1.939803e-02,2.518316e-01,-1.223277e+00,1.452996e-03,6.179668e-03,2.997351e-02
477,4.770000,4.130318e-01,-1.800714e+01,1.073754e+01,4.813088e+00,-5.060236e+01,-3.319484e+01,-1.663669e+01,5.310270e+00,-2.859645e+00,-1.061913e+01,3.857236e+00,-8.756001e+00,2.231993e+01,1.666784e+00,1.584746e+00,-1.380908e+01,-7.829125e-01,1.965948e+00,2.413078e+00,1.538142e+00,-3.006760e+00,-3.704028e+00,-3.092153e+00,-1.720331e+00,3.446234e-01,4.884931e-01,6.417348e-01,9.245623e-01,1.494903e+00,1.830255e+00,2.307805e+00,2.717048e+00,2.143450e+02,8.706664e-01,1.344966e-01,2.839987e+00,1.670446e+00,-1.600214e+00,-3.800625e+00,-6.533188e-01,-1.211598e+00,5.649885e-01,-5.037929e-01,2.320995e-01,2.180292e+00,-3.008636e+00,6.026476e+00,1.467906e+00,-3.608789e+00,1.550115e+00,4.559456e-01,6.988788e-01,7.253500e-01,7.827097e-01,4.718665e-01,2.654009e-01,1.854966e-01,2.680450e-01,6.696627e-03,6.048754e-03,2.673674e-03,8.075411e-03,-6.540835e-03,5.495425e-02,7.715321e-02,1.889200e-02,-2.067153e+00,3.743422e-03,2.078918e+02,2.286595e-02,2.230780e-02,2.584804e-01,-1.129803e+00,-3.938508e-03,7.313961e-04,-3.502375e-02
478,4.780000,8.732190e-01,-1.552605e+01,1.041222e+01,2.338869e+00,-5.257120e+01,-3.351979e+01,-1.515775e+01,5.553185e+00,-2.360329e+00,-1.195846e+01,6.534548e+00,-1.313686e+01,2.904230e+01,2.118465e+00,-4.877673e+00,-1.256580e+01,-6.590030e-01,2.333837e+00,2.904625e+00,2.181091e+00,-2.566380e+00,-3.301908e+00,-2.724211e+00,-1.268046e+00,3.534732e-01,5.043973e-01,6.458512e-01,9.216517e-01,1.469633e+00,1.860624e+00,2.316529e+00,2.720277e+00,2.124506e+02,8.703390e-01,9.272267e-02,1.962502e+00,2.063410e-01,-2.024479e+00,-1.977966e+00,2.760227e-01,1.566851e+00,5.709996e-01,-8.778691e-02,-8.262741e-01,2.163407e+00,-2.284243e+00,3.985240e+00,-2.057749e-01,-3.595913e+00,2.213464e+00,1.302606e-01,2.817481e-01,3.980007e-01,4.842191e-01,3.836928e-01,2.645749e-01,2.393020e-01,2.867807e-01,5.548361e-03,5.540845e-03,-3.797734e-03,-2.613246e-02,-3.554725e-02,2.110112e-03,4.204678e-03,-7.074356e-04,-1.852913e+00,-3.873766e-04,2.067675e+02,5.346859e-03,2.106091e-02,1.328724e-01,-1.210181e+00,-4.744723e-03,-4.925274e-03,-6.631122e-02
479,4.790000,7.572040e-01,-1.395037e+01,9.491744e+00,6.067547e-01,-5.256196e+01,-3.430699e+01,-1.211561e+01,5.831474e+00,-2.676880e+00,-1.285928e+01,8.017227e+00,-1.447717e+01,3.302166e+01,-2.612427e-01,-8.225148e+00,-9.234596e+00,-6.680166e-01,2.413016e+00,3.082655e+00,2.400851e+00,-2.308058e+00,-2.983615e+00,-2.279042e+00,-9.603480e-01,3.557621e-01,5.062628e-01,6.318906e-01,8.654533e-01,1.428494e+00,1.845700e+00,2.309168e+00,2.716747e+00,2.107057e+02,8.669405e-01,3.175721e-02,1.154199e+00,-2.699403e-01,-1.334270e+00,-6.848961e-01,1.024570e+00,2.327960e+00,7.620780e-01,7.103075e-02,-1.425131e+00,1.656217e+00,-2.412235e-01,6.522309e-01,-1.013626e+00,-1.706548e+00,2.485817e+00,-5.097419e-03,2.534657e-02,1.378613e-01,1.821343e-01,2.407874e-01,1.851484e-01,1.553742e-01,2.059671e-01,3.755033e-03,-2.204028e-03,-8.790409e-03,-4.787529e-02,-5.480098e-02,-4.743939e-02,-6.474306e-02,-1.958179e-02,-1.705617e+00,-1.269221e-03,2.054708e+02,6.411390e-03,5.458488e-03,4.799530e-02,-1.263712e+00,-3.788523e-03,-5.563255e-03,-5.674377e-02
480,4.800000,8.150514e-01,-1.338443e+01,9.814738e+00,-6.881521e-01,-5.260489e+01,-3.196485e+01,-9.378679e+00,6.636727e+00,-1.817176e+00,-1.477149e+01,9.781811e+00,-1.289718e+01,2.923568e+01,-8.649997e-02,-8.484825e+00,-5.914619e+00,-7.189136e-01,2.297748e+00,3.094857e+00,2.417364e+00,-2.089243e+00,-2.885058e+00,-2.327187e+00,-8.935940e-01,3.570895e-01,4.912962e-01,6.152017e-01,7.895813e-01,1.339039e+00,1.736295e+00,2.169351e+00,2.663296e+00,2.090511e+02,8.646985e-01,-6.558408e-02,4.047173e-01,-1.504848e-01,-6.055344e-01,-9.534408e-01,1.933444e+00,2.049729e+00,1.439805e+00,-3.081939e-01,-1.545694e+00,1.818921e+00,1.961400e+00,-2.273380e+00,-1.098854e+00,1.680987e+00,2.245012e+00,-5.176694e-02,-1.106464e-01,-3.555369e-03,8.665681e-03,1.304638e-01,3.184474e-02,-4.467070e-02,6.827220e-02,2.090675e-03,-9.506163e-03,-9.325433e-03,-5.701568e-02,-7.278426e-02,-8.102338e-02,-1.134326e-01,-3.628812e-02,-1.582893e+00,4.993618e-04,2.040873e+02,3.998961e-03,3.196322e-03,2.551809e-02,-1.214711e+00,-1.582252e-05,-3.570989e-03,-2.080547e-02
481,4.810000,6.009017e-01,-1.330696e+01,9.686578e+00,-3.447521e-01,-5.400999e+01,-2.884946e+01,-7.886427e+00,8.578889e+00,-2.776067e+00,-1.633827e+01,1.051469e+01,-1.008196e+01,2.548440e+01,-2.298863e+00,-5.144420e+00,-4.705585e+00,-7.784443e-01,2.110726e+00,3.007268e+00,2.330677e+00,-2.041392e+00,-2.986711e+00,-2.513794e+00,-8.777210e-01,3.615904e-01,4.840235e-01,6.131075e-01,7.512210e-01,1.286195e+00,1.655222e+00,2.057679e+00,2.647629e+00,2.075167e+02,8.671406e-01,-4.443125e-02,-4.574452e-02,-3.765090e-01,-1.616706e-01,-1.976318e+00,1.833485e+00,1.103702e+00,2.106449e+00,-1.269021e+00,-1.715022e+00,1.708642e+00,2.945134e+00,-3.723723e+00,-8.156288e-01,3.672141e+00,1.328075e+00,-7.222287e-02,-1.551068e-01,-4.160399e-02,-2.843618e-02,3.583024e-02,-5.254743e-02,-1.546627e-01,-5.276477e-03,4.627493e-03,-8.639592e-03,-2.796817e-03,-4.209227e-02,-6.181146e-02,-7.432397e-02,-1.118935e-01,-3.113899e-02,-1.450543e+00,2.519673e-03,2.029134e+02,4.597284e-03,3.423820e-03,2.843877e-02,-1.053484e+00,2.725564e-04,2.828627e-04,-3.040283e-03
482,4.820000,6.234497e-01,-1.382417e+01,9.562383e+00,-2.130501e-01,-5.661439e+01,-2.658134e+01,-7.023693e+00,1.137850e+01,-3.851704e+00,-1.794743e+01,1.438042e+01,-5.527473e+00,2.144404e+01,-2.356996e+00,1.986899e+00,-3.605243e+00,-8.626239e-01,1.931749e+00,2.924541e+00,2.259506e+00,-2.047394e+00,-3.141137e+00,-2.830189e+00,-9.679987e-01,3.610125e-01,4.679861e-01,6.086156e-01,6.936894e-01,1.176861e+00,1.550746e+00,1.875110e+00,2.573395e+00,2.061307e+02,8.727357e-01,-4.230013e-02,-2.747775e-01,-7.872581e-01,-1.101004e-01,-2.998622e+00,6.031588e-01,2.597643e-01,1.917567e+00,-2.228700e+00,-1.447535e+00,5.709698e-01,2.273934e+00,-2.971307e+00,-6.650634e-01,3.421000e+00,7.135836e-01,-7.580425e-02,-1.358306e-01,-7.791257e-03,1.203070e-02,-4.406862e-02,-9.486167e-02,-1.347006e-01,-2.179689e-02,8.413899e-03,-2.959573e-03,3.188872e-03,-2.179977e-02,-4.109470e-02,-3.463719e-02,-5.498463e-02,-1.430252e-02,-1.303630e+00,3.145450e-03,2.019727e+02,6.174799e-03,4.223301e-03,3.862335e-02,-8.628815e-01,6.732905e-04,6.597625e-04,-2.138085e-03
483,4.830000,6.308486e-01,-1.395922e+01,7.735377e+00,-4.391495e-01,-6.043880e+01,-2.783132e+01,-7.774591e+00,1.399283e+01,-8.004723e+00,-1.984641e+01,1.426113e+01,-3.436359e+00,1.829887e+01,-3.204139e+00,4.899698e+00,-3.748912e+00,-9.572759e-01,1.820481e+00,2.959793e+00,2.337599e+00,-2.149831e+00,-3.118313e+00,-2.800854e+00,-9.495280e-01,3.769381e-01,4.747199e-01,6.211995e-01,7.029379e-01,1.200526e+00,1.566855e+00,1.896821e+00,2.606003e+00,2.049132e+02,8.755202e-01,-6.138629e-03,-3.059524e-01,-7.864785e-01,-2.239153e-01,-2.890091e+00,-6.359771e-01,-2.578980e-01,1.428972e+00,-2.575680e+00,-1.134478e+00,-1.610284e+00,4.261038e-01,-2.081482e+00,-8.661464e-01,1.176375e+00,5.151930e-02,-6.140360e-02,-9.160177e-02,4.907084e-02,6.658003e-02,-1.051461e-01,-8.921480e-02,-5.972200e-02,-3.466428e-02,1.139490e-02,2.201951e-03,5.446368e-03,-7.888377e-03,-1.394317e-02,3.256321e-03,1.732699e-02,8.673000e-03,-1.157809e+00,1.756626e-03,2.012607e+02,6.686253e-03,6.359312e-03,2.624126e-02,-7.203476e-01,8.653873e-05,6.501931e-05,-7.432195e-03
484,4.840000,5.885773e-01,-1.443218e+01,6.854048e+00,-1.191456e+00,-6.438360e+01,-2.945812e+01,-8.135776e+00,1.351759e+01,-1.034635e+01,-2.025509e+01,1.076344e+01,-4.850315e+00,1.797191e+01,-2.959179e+00,3.598116e+00,-2.825038e+00,-1.008519e+00,1.763717e+00,3.079639e+00,2.474056e+00,-2.255366e+00,-3.293566e+00,-2.857159e+00,-9.666750e-01,3.914851e-01,4.811502e-01,6.271000e-01,7.047240e-01,1.176401e+00,1.607293e+00,1.974857e+00,2.612596e+00,2.038347e+02,8.762359e-01,9.229863e-03,-2.704515e-01,-3.869094e-01,-2.514418e-01,-1.401462e+00,-1.589978e+00,1.667417e-01,8.634003e-01,-1.892925e+00,-2.881752e-01,-3.683547e+00,-7.312125e-01,-9.012352e-01,-1.426147e+00,-6.980891e-01,-3.416819e-01,-3.988903e-02,-5.572243e-02,7.254000e-02,7.345732e-02,-1.524352e-01,-7.823022e-02,3.729842e-02,-6.287817e-02,1.176694e-02,5.437917e-03,5.267930e-03,2.564454e-03,1.282519e-02,2.569637e-02,6.735450e-02,2.618380e-02,-1.024663e+00,3.162503e-04,2.005993e+02,6.320930e-03,5.027389e-03,1.592642e-02,-6.252197e-01,-4.737461e-04,-9.368205e-04,-8.927314e-03
485,4.850000,5.876448e-01,-1.453271e+01,7.108353e+00,-9.751258e-01,-6.457584e+01,-3.059095e+01,-8.619876e+00,1.465420e+01,-1.240715e+01,-2.085683e+01,4.271762e+00,-8.290019e+00,1.681305e+01,-6.328504e+00,-6.815410e-02,-4.838091e+00,-1.012515e+00,1.736733e+00,3.175074e+00,2.556302e+00,-2.463136e+00,-3.356570e+00,-2.798919e+00,-1.051704e+00,4.033285e-01,4.884513e-01,6.310971e-01,7.062618e-01,1.216710e+00,1.643230e+00,2.094440e+00,2.671394e+00,2.028756e+02,8.741736e-01,1.252949e-02,-2.287690e-01,1.762635e-01,9.760366e-02,5.164707e-01,-1.772162e+00,1.110801e+00,9.219978e-01,-6.863158e-01,-1.746101e-02,-3.339461e+00,-1.012648e+00,-5.057484e-01,-1.504798e+00,-9.957037e-01,-4.066102e-01,-2.567846e-02,-4.306413e-02,4.900270e-02,3.113019e-02,-1.716730e-01,-5.591137e-02,8.423259e-02,-6.514467e-02,7.654005e-03,2.954173e-03,1.561606e-03,-5.666554e-04,1.094571e-02,9.054065e-03,3.882599e-02,1.502764e-02,-9.085404e-01,-5.284309e-04,1.999984e+02,4.956913e-03,3.346873e-03,2.626256e-03,-5.601776e-01,-8.504765e-04,-1.424633e-03,-2.814576e-03
486,4.860000,6.912010e-01,-1.488968e+01,7.941348e+00,-1.202271e+00,-6.155318e+01,-3.315142e+01,-5.767342e+00,1.536482e+01,-1.111512e+01,-1.888310e+01,9.573760e-01,-6.756706e+00,1.768077e+01,-7.925550e+00,9.803794e-01,-4.769063e+00,-1.034450e+00,1.695011e+00,3.179601e+00,2.517442e+00,-2.652917e+00,-3.413159e+00,-2.644665e+00,-1.231301e+00,4.066519e-01,4.883100e-01,6.300064e-01,7.048497e-01,1.232895e+00,1.641040e+00,2.113073e+00,2.671618e+00,2.020261e+02,8.749903e-01,2.330679e-02,-2.639084e-01,3.334986e-01,3.211997e-01,1.550465e+00,-1.857713e+00,2.025144e+00,9.000023e-01,1.972520e-01,-6.277466e-03,-1.752395e+00,-5.144710e-01,-3.460207e-01,-1.169081e+00,-5.109364e-01,2.033310e-02,-4.437007e-02,-5.146205e-02,3.779817e-03,-1.977894e-02,-1.617389e-01,-4.011147e-02,1.072051e-01,-4.190841e-02,4.143930e-03,7.797778e-04,-3.969550e-04,-1.590937e-03,8.397067e-03,-6.230736e-03,4.777885e-03,5.559254e-03,-8.044845e-01,-4.548728e-04,1.994777e+02,4.670739e-03,1.045418e-03,5.794277e-03,-4.923248e-01,-9.688291e-04,-9.650866e-04,5.476103e-03
487,4.870000,6.421842e-01,-1.487432e+01,8.073045e+00,5.427654e-02,-5.927166e+01,-3.484549e+01,-3.404800e+00,1.767921e+01,-1.105192e+01,-2.061971e+01,2.466858e+00,-7.546404e+00,1.591570e+01,-8.244941e+00,1.230048e+00,-4.809950e+00,-1.072703e+00,1.639513e+00,3.154825e+00,2.471557e+00,-2.809421e+00,-3.338073e+00,-2.485939e+00,-1.142938e+00,4.076247e-01,4.859108e-01,6.275544e-01,7.000418e-01,1.227007e+00,1.595251e+00,2.021843e+00,2.651630e+00,2.012747e+02,8.735009e-01,1.824878e-02,-4.265766e-01,3.740782e-01,2.078438e-01,1.342995e+00,-1.398584e+00,2.290289e+00,3.549367e-01,1.434255e+00,-6.399031e-01,3.112712e-01,-3.330263e-01,-2.283493e-01,-3.450021e-01,-4.798959e-01,5.450981e-01,-8.676980e-02,-5.961334e-02,-2.825179e-02,-4.403832e-02,-1.283180e-01,-5.716627e-02,2.162068e-02,-1.250281e-02,2.321333e-03,4.734367e-04,-6.074309e-04,1.577455e-03,1.946259e-03,-3.962708e-03,-3.909993e-03,-3.911948e-03,-7.144058e-01,-1.285076e-04,1.990206e+02,3.258966e-03,1.227134e-03,1.723445e-02,-4.441681e-01,-8.129267e-04,-4.689312e-04,9.336505e-03
488,4.880000,6.778415e-01,-1.558092e+01,8.039195e+00,-1.001582e-01,-5.928337e+01,-3.661942e+01,-6.175935e-01,1.650510e+01,-1.003770e+01,-2.040504e+01,2.903919e+00,-7.794477e+00,1.669048e+01,-7.846367e+00,3.943332e-01,-2.737443e+00,-1.200275e+00,1.555017e+00,3.108662e+00,2.417534e+00,-2.890918e+00,-3.503371e+00,-2.477624e+00,-1.130600e+00,4.100567e-01,4.863193e-01,6.268866e-01,6.998793e-01,1.213237e+00,1.600129e+00,2.035045e+00,2.650275e+00,2.006127e+02,8.742979e-01,1.609540e-02,-5.303468e-01,3.804381e-01,-2.582749e-01,8.131794e-01,-8.567219e-01,2.031642e+00,-3.105392e-01,2.090710e+00,-5.984949e-01,5.393004e-01,-4.381387e-01,-1.015551e-01,-1.804795e-01,-1.414989e+00,3.565388e-01,-1.344805e-01,-5.457170e-02,-3.480182e-02,-3.192024e-02,-8.861311e-02,-7.697950e-02,-5.009124e-02,-2.804147e-02,3.273824e-03,3.960067e-03,2.662420e-03,1.284462e-02,2.070073e-02,2.518041e-02,3.506889e-02,5.758476e-03,-6.442169e-01,1.438796e-04,1.986265e+02,2.325757e-03,1.261825e-03,3.600283e-02,-4.336609e-01,-5.684394e-04,-1.106849e-04,6.747284e-03
489,4.890000,6.855684e-01,-1.631997e+01,8.929820e+00,-4.869634e-01,-5.899577e+01,-3.584987e+01,2.566940e-01,1.585874e+01,-5.774580e+00,-2.329538e+01,4.854847e+00,-9.436265e+00,1.616645e+01,-8.093106e+00,-2.174610e+00,-3.128410e+00,-1.363451e+00,1.508663e+00,3.069284e+00,2.386064e+00,-2.985725e+00,-3.597296e+00,-2.774336e+00,-1.164569e+00,4.132328e-01,4.918138e-01,6.296199e-01,7.166343e-01,1.236270e+00,1.643873e+00,2.113904e+00,2.662506e+00,2.000103e+02,8.738773e-01,1.529040e-02,-5.251548e-01,3.572783e-01,-8.134478e-01,8.199867e-01,-7.915646e-01,1.868980e+00,-8.282939e-01,2.610090e+00,-2.183586e-01,8.531595e-03,-2.058735e-01,4.914265e-02,-1.998234e-03,-2.092242e+00,-3.606674e-01,-1.566506e-01,-4.444861e-02,-3.135295e-02,-8.663535e-03,-6.860857e-02,-6.018264e-02,-6.643967e-02,-5.380259e-02,3.743881e-03,7.617724e-03,6.243032e-03,2.453878e-02,4.869820e-02,5.286630e-02,7.266283e-02,1.554079e-02,-6.038986e-01,4.620790e-04,1.982031e+02,2.064770e-03,8.940134e-04,3.420450e-02,-4.829407e-01,-2.994431e-04,-1.181205e-04,1.769954e-03
490,4.900000,7.499859e-01,-1.681859e+01,9.415151e+00,-2.223026e+00,-5.762523e+01,-3.693283e+01,2.560123e+00,1.472236e+01,-3.300235e+00,-2.053774e+01,2.459884e+00,-8.002469e+00,1.704762e+01,-8.903865e+00,-4.392239e+00,-3.827139e+00,-1.561478e+00,1.487578e+00,3.048362e+00,2.400587e+00,-3.007830e+00,-3.668446e+00,-2.750922e+00,-1.360693e+00,4.202170e-01,5.051588e-01,6.422858e-01,7.607766e-01,1.331767e+00,1.742632e+00,2.242386e+00,2.694973e+00,1.994373e+02,8.755215e-01,-4.154343e-02,-3.591825e-01,-1.340084e-02,-7.474647e-01,6.477966e-01,-1.035178e+00,1.447830e+00,-1.043048e+00,1.706335e+00,-4.679262e-01,-7.783658e-01,-3.787112e-01,-2.829905e-01,-4.402208e-02,-2.581001e+00,-9.680732e-01,-1.304340e-01,-4.446369e-02,-3.387909e-02,1.173570e-02,-7.171734e-02,-2.573762e-02,-1.316602e-02,1.171470e-02,1.755607e-03,7.258424e-03,7.433176e-03,2.409342e-02,4.935908e-02,4.610443e-02,5.515156e-02,1.078084e-02,-6.101242e-01,-4.040420e-04,1.977181e+02,2.425639e-03,6.585539e-04,3.104567e-02,-6.287979e-01,-1.638168e-04,7.632186e-05,-3.189640e-04
491,4.910000,6.825640e-01,-1.688126e+01,9.171458e+00,-2.951529e+00,-5.600079e+01,-3.864660e+01,4.351240e+00,1.442911e+01,-1.370201e+00,-2.164515e+01,2.731533e+00,-8.471776e+00,1.598284e+01,-7.726183e+00,-6.837878e+00,-6.068439e+00,-1.675354e+00,1.450990e+00,3.028210e+00,2.436713e+00,-3.094007e+00,-3.556449e+00,-2.681488e+00,-1.296904e+00,4.212640e-01,5.145797e-01,6.510699e-01,7.922871e-01,1.411233e+00,1.788331e+00,2.281486e+00,2.706985e+00,1.988430e+02,8.751995e-01,-8.926608e-02,-3.371635e-01,-3.872648e-01,-2.677389e-01,1.628113e-03,-1.060785e+00,9.899100e-01,-1.296353e+00,7.786331e-01,-1.232934e+00,-1.339186e+00,1.219489e-01,-6.213188e-01,-9.821501e-02,-1.990128e+00,-1.138903e+00,-8.588161e-02,-6.740582e-02,-5.243611e-02,1.250339e-02,-9.942887e-02,-4.414389e-02,-3.659105e-03,7.453582e-02,-8.212328e-05,6.393427e-03,7.583374e-03,2.154257e-02,3.505335e-02,2.713851e-02,2.288477e-02,3.226662e-03,-6.900162e-01,-1.743764e-03,1.970601e+02,1.711809e-03,9.381672e-04,2.856280e-02,-9.296860e-01,1.245698e-04,4.321938e-04,4.612861e-04
492,4.920000,4.716265e-01,-1.709619e+01,7.851372e+00,-2.605199e+00,-5.754187e+01,-4.039695e+01,4.574284e+00,1.200468e+01,-3.708218e+00,-2.356978e+01,7.374648e-02,-1.017028e+01,1.536733e+01,-8.249939e+00,-1.017904e+01,-6.107794e+00,-1.696494e+00,1.361535e+00,2.959803e+00,2.450888e+00,-3.195364e+00,-3.652483e+00,-2.589878e+00,-1.005859e+00,4.148192e-01,5.112285e-01,6.533275e-01,7.825201e-01,1.372551e+00,1.758422e+00,2.227012e+00,2.681939e+00,1.981457e+02,8.716166e-01,-1.302483e-01,-4.415213e-01,-4.651926e-01,4.945778e-01,-7.095455e-01,-2.584522e-01,2.633571e-01,-9.660020e-01,6.084775e-01,-2.538836e+00,-1.160079e+00,1.933589e-02,-6.775892e-01,-4.895489e-01,-1.451271e+00,-1.376272e+00,-5.636753e-02,-9.719920e-02,-7.698939e-02,-1.034522e-03,-1.427606e-01,-9.031661e-02,-8.507212e-02,1.104495e-01,-5.029133e-03,2.241528e-03,4.284173e-03,7.880336e-03,-4.384088e-03,-7.200849e-03,-1.886437e-02,-1.214848e-02,-8.666641e-01,-3.478217e-03,1.960541e+02,1.683154e-03,1.621358e-03,3.722886e-02,-1.396605e+00,3.311263e-04,7.513991e-04,-1.987265e-04
493,4.930000,3.784176e-01,-1.786699e+01,7.775385e+00,-1.634571e+00,-5.902931e+01,-3.942174e+01,4.199163e+00,1.073582e+01,-1.677423e+00,-2.794403e+01,-6.480155e-01,-7.742616e+00,1.390000e+01,-8.911144e+00,-9.231849e+00,-7.682598e+00,-1.725351e+00,1.234655e+00,2.851383e+00,2.423431e+00,-3.389103e+00,-3.825996e+00,-2.873154e+00,-9.693071e-01,4.155211e-01,5.207461e-01,6.620159e-01,8.134754e-01,1.391145e+00,1.771670e+00,2.236015e+00,2.685156e+00,1.972060e+02,8.671109e-01,-7.639076e-02,-6.236755e-01,-2.550269e-01,1.093073e+00,-1.154301e+00,1.056320e+00,-2.908425e-01,-3.772964e-02,9.920411e-01,-2.064109e+00,-1.355063e+00,4.907288e-01,-3.857451e-01,-8.673538e-01,-1.021645e+00,-1.599433e+00,-7.922903e-02,-1.143409e-01,-9.707925e-02,-2.416182e-02,-1.667659e-01,-1.559814e-01,-1.867377e-01,2.165811e-02,-5.327410e-03,5.597812e-03,4.793120e-03,1.616718e-02,-6.882655e-03,-1.305258e-03,-1.172810e-02,-8.969927e-03,-1.129622e+00,-3.598887e-03,1.943867e+02,3.058862e-03,2.573580e-03,3.341934e-02,-1.918497e+00,7.563412e-04,1.023040e-03,9.148345e-05
494,4.940000,2.508174e-01,-1.853333e+01,7.787224e+00,-4.086156e-01,-5.965870e+01,-3.783753e+01,3.952946e+00,1.173899e+01,-1.042359e-01,-3.008249e+01,-1.650739e+00,-8.270370e+00,1.470109e+01,-1.075913e+01,-1.045161e+01,-9.901422e+00,-1.818317e+00,1.109749e+00,2.751829e+00,2.402056e+00,-3.574086e+00,-3.985255e+00,-3.080450e+00,-9.722447e-01,3.979428e-01,5.132833e-01,6.582336e-01,7.895841e-01,1.319891e+00,1.714958e+00,2.170800e+00,2.645145e+00,1.959224e+02,8.621747e-01,1.175881e-02,-7.190351e-01,-8.410826e-02,1.344255e+00,-7.080711e-01,1.486138e+00,-6.012874e-01,1.062015e+00,1.639626e+00,-4.753626e-01,-1.278580e+00,2.773553e-01,7.598097e-01,-8.433687e-01,-7.004787e-01,-1.732171e+00,-1.177136e-01,-1.103244e-01,-1.046859e-01,-6.396899e-02,-1.801295e-01,-1.647464e-01,-1.897656e-01,-7.186916e-02,-4.197726e-03,7.966483e-03,2.742797e-03,1.858539e-02,9.196186e-03,1.284953e-02,6.425238e-03,-7.107019e-04,-1.420413e+00,-2.464604e-03,1.920718e+02,3.407744e-03,3.597842e-03,2.762377e-02,-2.292777e+00,9.244240e-04,1.015295e-03,1.345358e-03
495,4.950000,4.110148e-01,-1.928107e+01,7.928398e+00,1.415544e+00,-6.071389e+01,-3.464471e+01,3.207697e+00,1.437331e+01,1.788014e+00,-2.870934e+01,-3.181541e+00,-6.968086e+00,1.438723e+01,-1.080836e+01,-1.180981e+01,-1.216879e+01,-2.010588e+00,1.005179e+00,2.646801e+00,2.340320e+00,-3.738476e+00,-4.169970e+00,-3.369890e+00,-1.205421e+00,4.030651e-01,5.415413e-01,6.725824e-01,8.695909e-01,1.403150e+00,1.803537e+00,2.250952e+00,2.680532e+00,1.943065e+02,8.619260e-01,1.185671e-01,-7.205683e-01,-1.696557e-01,1.466941e+00,-9.558792e-02,6.368225e-01,-7.705823e-01,1.452601e+00,1.263766e+00,1.829524e+00,-2.071945e+00,2.501906e-01,1.543742e+00,-9.974198e-01,-1.048483e-01,-1.261286e+00,-1.289549e-01,-8.469289e-02,-1.049510e-01,-1.176891e-01,-1.947856e-01,-1.614025e-01,-7.061742e-02,-1.375701e-01,-5.674720e-04,4.420632e-03,-1.392472e-03,7.149571e-03,1.493963e-02,6.515861e-03,-8.046460e-03,4.320669e-03,-1.652506e+00,-5.872190e-04,1.894587e+02,4.631220e-03,5.065126e-03,3.382276e-02,-2.348778e+00,1.583730e-03,9.130266e-04,1.682918e-03
496,4.960000,5.141220e-01,-1.998433e+01,7.354324e+00,2.591018e+00,-6.023994e+01,-3.535477e+01,2.063581e+00,1.549601e+01,2.757194e+00,-2.556394e+01,-5.052392e+00,-9.170766e+00,1.892276e+01,-1.151818e+01,-1.239245e+01,-1.252555e+01,-2.142443e+00,9.246513e-01,2.538665e+00,2.172598e+00,-3.921325e+00,-4.304228e+00,-3.290338e+00,-1.247148e+00,4.000585e-01,5.406633e-01,6.617582e-01,8.473892e-01,1.412530e+00,1.806736e+00,2.251670e+00,2.680698e+00,1.924934e+02,8.618860e-01,2.123200e-01,-7.181721e-01,-1.190369e-01,1.539749e+00,7.570359e-01,-5.782017e-01,-6.266557e-01,1.063318e+00,1.158180e+00,3.235620e+00,-2.046244e+00,1.575789e-01,1.370997e+00,-4.879413e-01,1.278691e+00,-7.705709e-01,-9.301450e-02,-5.602010e-02,-1.045891e-01,-1.903100e-01,-2.053629e-01,-1.435728e-01,3.395503e-02,-1.674564e-01,2.480411e-03,-6.097674e-03,-8.010829e-03,-1.959744e-02,3.566217e-03,-1.791637e-02,-2.789671e-02,5.437851e-03,-1.754073e+00,6.503701e-04,1.870542e+02,5.519094e-03,5.452060e-03,4.375394e-02,-2.058788e+00,2.378053e-03,6.603835e-04,-2.324962e-03
497,4.970000,8.396010e-01,-2.074433e+01,7.143557e+00,4.200315e+00,-5.921663e+01,-3.747900e+01,1.290935e+00,1.612032e+01,3.210689e+00,-2.105569e+01,-9.306914e+00,-6.041465e+00,1.950787e+01,-1.351872e+01,-8.785671e+00,-1.267696e+01,-2.208063e+00,9.037396e-01,2.433210e+00,1.949714e+00,-4.189411e+00,-4.473523e+00,-3.121297e+00,-1.519706e+00,4.116259e-01,5.291592e-01,6.532913e-01,8.203207e-01,1.419524e+00,1.758361e+00,2.155348e+00,2.688983e+00,1.906580e+02,8.643191e-01,1.728939e-01,-6.505820e-01,-2.975249e-02,1.118482e+00,1.541647e+00,-1.507661e+00,-5.127417e-01,7.187716e-01,7.744275e-01,3.135167e+00,-8.954489e-01,-3.636945e-01,1.648396e-01,-1.693541e-01,2.166068e+00,-1.882899e-01,-6.708844e-02,-3.159969e-02,-9.671085e-02,-2.313673e-01,-1.803307e-01,-7.229028e-02,9.115758e-02,-1.424433e-01,5.816996e-04,-1.949753e-02,-1.435396e-02,-5.176518e-02,-2.987251e-02,-5.614470e-02,-5.765085e-02,-5.567217e-03,-1.712755e+00,2.024770e-05,1.851516e+02,9.921835e-03,6.211604e-03,3.376884e-02,-1.588814e+00,2.454652e-03,4.607940e-04,-3.229820e-03
498,4.980000,1.098124e+00,-2.139256e+01,7.584460e+00,5.897742e+00,-5.662215e+01,-3.931139e+01,1.778049e+00,1.618208e+01,4.975328e+00,-1.773121e+01,-8.819275e+00,-7.945786e+00,1.899576e+01,-1.184365e+01,-5.570229e+00,-1.350019e+01,-2.184652e+00,8.803678e-01,2.335679e+00,1.645809e+00,-4.375433e+00,-4.551342e+00,-3.034971e+00,-1.652384e+00,4.060644e-01,4.889859e-01,6.278251e-01,7.162321e-01,1.329535e+00,1.647964e+00,2.079118e+00,2.668109e+00,1.889763e+02,8.642300e-01,4.329998e-02,-5.358755e-01,7.648244e-02,4.652035e-01,1.618519e+00,-1.429037e+00,1.454890e-04,2.605383e-01,4.651963e-01,2.247969e+00,1.132889e+00,-4.319770e-01,-1.410168e+00,8.195549e-01,2.181743e+00,2.749873e-01,-7.298519e-02,-2.038611e-02,-8.617520e-02,-2.192026e-01,-1.142714e-01,-4.912281e-03,5.390535e-02,-9.374474e-02,3.870755e-04,-1.861855e-02,-1.215632e-02,-4.532326e-02,-2.542406e-02,-4.114834e-02,-2.463193e-02,-2.077961e-03,-1.569829e+00,-5.111861e-03,1.839314e+02,1.265270e-02,6.326520e-03,1.602592e-02,-1.141064e+00,1.148786e-03,4.107975e-05,-7.019304e-05
499,4.990000,9.834831e-01,-2.182986e+01,7.664567e+00,5.354591e+00,-5.481455e+01,-4.020471e+01,7.867542e-01,1.762413e+01,4.551084e+00,-1.694987e+01,-5.775345e+00,-9.399049e+00,1.517493e+01,-1.149239e+01,-4.390584e+00,-1.262292e+01,-2.324925e+00,8.693220e-01,2.264740e+00,1.446878e+00,-4.413075e+00,-4.407864e+00,-3.041785e+00,-1.715019e+00,4.029707e-01,4.698924e-01,6.177792e-01,6.763436e-01,1.295285e+00,1.602199e+00,2.048973e+00,2.658991e+00,1.875013e+02,8.608553e-01,-1.487234e-01,-1.843117e-01,-1.799487e-01,-6.119146e-01,1.064848e+00,-7.158470e-01,5.796623e-01,-3.446182e-01,-2.814271e-01,1.045545e+00,3.179606e+00,-5.426521e-01,-2.016095e+00,8.587474e-01,1.361876e+00,1.001062e+00,-1.068291e-01,-1.394837e-02,-6.406923e-02,-1.457982e-01,3.702707e-02,7.566996e-02,3.811777e-02,1.945010e-02,-1.694766e-03,-7.641566e-03,-4.049075e-03,-1.238863e-02,2.269316e-03,4.915857e-03,2.918799e-02,4.255724e-03,-2.819553e+00,-1.830949e-02,1.830760e+02,1.333768e-02,6.931866e-03,3.153767e-02,-6.568730e+00,3.210852e-02,3.259339e-02,9.017718e-03
500,5.000000,6.586809e-01,-2.212094e+01,7.476231e+00,4.339897e+00,-5.434838e+01,-4.113710e+01,2.316399e+00,1.604679e+01,4.412978e+00,-1.637700e+01,-1.153730e+00,-9.651859e+00,1.403839e+01,-8.433567e+00,-3.681278e+00,-1.117764e+01,-2.448938e+00,8.399296e-01,2.192024e+00,1.328003e+00,-4.380850e+00,-4.361619e+00,-3.060567e+00,-1.618215e+00,4.063215e-01,4.772040e-01,6.187326e-01,6.927614e-01,1.347529e+00,1.679075e+00,2.181698e+00,2.685304e+00,1.862226e+02,8.380587e-01,-2.281787e-01,1.334347e-01,-5.930957e-01,-1.265566e+00,4.597439e-01,6.477677e-01,1.505149e+00,-5.245279e-01,-1.278277e+00,1.038996e+00,3.808228e+00,2.299560e-01,-1.621593e+00,1.209555e-01,2.416774e-01,1.900513e+00,-1.419037e-01,-4.250367e-02,-7.743061e-02,-6.912802e-02,1.683418e-01,1.066156e-01,5.754006e-02,5.696343e-02,1.188844e-04,4.105267e-03,6.771886e-03,1.953492e-02,2.449859e-02,3.804938e-02,5.506945e-02,1.125078e-02,-4.737170e+00,-3.543863e-02,1.823866e+02,9.555102e-03,5.297328e-03,4.451856e-02,-2.132974e+01,4.701141e-02,4.851497e-02,7.000550e-03
501,5.010000,3.157060e-01,-2.130170e+01,6.297927e+00,1.919664e+00,-5.502927e+01,-4.014538e+01,3.920072e+00,1.446487e+01,2.084729e+00,-1.650507e+01,2.758344e+00,-7.901689e+00,1.190608e+01,-1.093003e+01,-2.920767e+00,-8.832928e+00,-2.610066e+00,8.542169e-01,2.184692e+00,1.379626e+00,-4.001567e+00,-4.190035e+00,-2.917910e+00,-1.439540e+00,4.030235e-01,4.968424e-01,6.375921e-01,7.701128e-01,1.421873e+00,1.767385e+00,2.249998e+00,2.701664e+00,1.779371e+02,7.858574e-01,-1.465264e-01,-4.578991e-02,-1.001516e+00,-1.294642e+00,5.912040e-01,1.948452e+00,1.595800e+00,-5.570499e-01,-1.946116e+00,1.284376e+00,3.201973e+00,9.388757e-01,-1.189335e+00,-3.256727e-01,1.877629e-01,2.171785e+00,-1.732199e-01,-1.638876e-01,-1.794515e-01,-1.198051e-01,1.866244e-01,8.376670e-02,4.144523e-02,-7.131171e-03,7.759094e-04,6.512091e-03,1.265957e-02,2.718436e-02,1.639528e-02,3.359037e-02,3.656809e-02,7.963752e-03,-6.596091e+00,-4.914778e-02,1.530803e+02,1.720132e-01,1.696932e-01,6.461111e-02,-3.927215e+01,4.667542e-02,4.819108e-02,-3.149834e-03
502,5.020000,2.911195e-01,-2.098947e+01,5.302301e+00,1.287373e+00,-5.421607e+01,-3.610221e+01,7.737135e+00,1.513907e+01,-1.828779e-01,-1.275863e+01,5.955022e+00,-7.544685e+00,1.252222e+01,-1.152006e+01,-5.096751e+00,-5.892622e+00,-2.751601e+00,6.754020e-01,1.988550e+00,1.333795e+00,-3.739478e+00,-4.127179e+00,-2.809209e+00,-1.505307e+00,4.066324e-01,4.960372e-01,6.517780e-01,7.670221e-01,1.388734e+00,1.755618e+00,2.253953e+00,2.703026e+00,1.700726e+02,7.245358e-01,6.926000e-04,-8.084129e-01,-1.302336e+00,-9.472912e-01,1.859230e+00,3.269151e+00,1.448774e+00,3.829158e-01,-1.725990e+00,1.642727e+00,2.044524e+00,1.320277e+00,-1.071929e+00,-7.446555e-01,1.123019e+00,1.930933e+00,-2.653041e-01,-3.964332e-01,-3.681387e-01,-2.845427e-01,7.873008e-02,3.848596e-02,-1.882877e-02,-1.519176e-01,-1.298517e-04,8.607909e-03,2.185545e-02,3.703920e-02,1.450658e-03,1.150817e-02,-3.480435e-04,1.098013e-03,-6.259480e+00,-4.981437e-02,9.228057e+01,1.683720e-01,1.675208e-01,3.449195e-02,-4.860853e+01,-2.381709e-03,-1.351224e-03,-1.328464e-02
503,5.030000,4.346319e-01,-2.262455e+01,3.743952e+00,4.076432e-01,-5.192469e+01,-3.297989e+01,6.055386e+00,1.529274e+01,-2.881569e+00,-1.233717e+01,6.680144e+00,-5.758257e+00,9.986344e+00,-1.157751e+01,-2.744033e+00,-4.406506e+00,-3.039694e+00,1.321478e-01,1.469219e+00,8.449571e-01,-3.800639e+00,-4.106250e+00,-2.960238e+00,-1.807129e+00,4.066948e-01,4.930362e-01,6.645544e-01,7.751351e-01,1.356659e+00,1.731879e+00,2.195686e+00,2.689948e+00,1.625958e+02,6.718778e-01,8.646437e-02,-2.093752e+00,-1.825929e+00,-1.747535e-01,3.478463e+00,3.448510e+00,8.101112e-01,4.663096e-01,-3.833403e-01,1.167907e+00,1.221667e+00,1.910449e+00,-1.153385e+00,-6.686945e-02,2.813594e+00,1.227786e+00,-4.249610e-01,-6.828512e-01,-6.379670e-01,-5.689195e-01,-1.703214e-01,-5.705466e-02,-1.275870e-01,-2.513823e-01,-1.473662e-03,7.995099e-03,2.317756e-02,3.546882e-02,-1.048828e-02,-1.506536e-02,-5.255883e-02,-1.603222e-02,-3.815922e+00,-8.037311e-02,3.176834e+01,1.673063e-01,1.667756e-01,2.080181e-02,-3.984412e+01,-5.123985e-02,-5.069071e-02,-1.637142e-02
504,5.040000,6.026809e-01,-2.550158e+01,2.241540e+00,3.594520e-01,-4.660452e+01,-2.837409e+01,8.492610e+00,1.754743e+01,-1.733823e+00,-1.024731e+01,7.107993e+00,-4.122191e+00,9.638615e+00,-1.183310e+01,1.845447e+00,-3.736183e+00,-3.560645e+00,-7.812021e-01,7.090668e-01,1.726238e-01,-4.087664e+00,-4.211081e+00,-3.133547e+00,-2.194009e+00,4.038366e-01,5.221466e-01,7.145288e-01,8.754463e-01,1.387390e+00,1.754369e+00,2.207114e+00,2.696652e+00,1.625958e+02,6.459766e-01,4.386697e-02,-3.020794e+00,-2.536441e+00,4.000821e-01,5.468985e+00,3.678082e+00,-4.017119e-02,4.035168e-02,1.693399e+00,1.651431e-01,8.747252e-01,1.079571e+00,-2.054343e+00,3.728032e-01,4.394132e+00,-2.322187e-01,-5.717546e-01,-9.272047e-01,-8.697564e-01,-8.672409e-01,-3.139804e-01,-5.974097e-02,-1.890590e-01,-2.377231e-01,-1.447561e-03,1.243125e-02,2.211609e-02,6.750947e-02,1.660727e-02,-1.659596e-02,-7.636504e-02,-2.666974e-02,-1.495352e+00,-8.508786e-02,0,0,0,0,-2.163295e+01,-5.040503e-02,-5.018171e-02,-8.978571e-03
505,5.050000,5.922471e-01,-2.951440e+01,-1.301338e+00,1.509857e+00,-4.144272e+01,-2.676689e+01,7.592890e+00,1.559223e+01,9.435003e-01,-1.192120e+01,8.290193e+00,-6.068889e-02,7.580961e+00,-1.110785e+01,7.676105e+00,-3.772218e+00,-4.330348e+00,-1.831737e+00,-3.654017e-01,-8.843859e-01,-4.679081e+00,-4.433357e+00,-3.393676e+00,-2.352101e+00,3.970531e-01,5.237632e-01,7.221045e-01,8.932448e-01,1.370104e+00,1.692683e+00,2.010624e+00,2.624690e+00,1.625958e+02,4.232714e-01,-5.969535e-02,-3.306798e+00,-3.061960e+00,8.265276e-01,6.839980e+00,2.800276e+00,-9.060910e-01,-6.522235e-01,3.042943e+00,4.970675e-01,6.024221e-01,2.657120e-01,-1.658238e+00,8.871084e-01,3.505887e+00,-1.376108e+00,-6.450156e-01,-9.615303e-01,-9.790851e-01,-1.036094e+00,-3.787721e-01,-3.126574e-02,-1.295418e-01,-1.779349e-01,-1.857784e-03,6.647134e-03,9.583777e-03,6.510417e-02,2.768487e-02,-3.144900e-02,-8.843435e-02,-3.043823e-02,0,-7.213314e-02,0,0,0,0,-6.353668e+00,-3.346127e-02,-3.335511e-02,-4.160361e-03
506,5.060000,4.316467e-01,-3.264851e+01,-4.857261e+00,2.736676e+00,-3.211213e+01,-2.081831e+01,6.767527e+00,1.519108e+01,6.371581e+00,-1.214090e+01,9.523623e+00,-4.995614e+00,3.453197e+00,-9.890870e+00,1.166384e+01,-7.370860e+00,-4.965046e+00,-2.978679e+00,-1.442921e+00,-2.137738e+00,-4.870159e+00,-4.262331e+00,-3.537785e+00,-2.421436e+00,4.042155e-01,5.428300e-01,7.335834e-01,1.045515e+00,1.465047e+00,1.692237e+00,1.964659e+00,2.602307e+00,1.625958e+02,4.233997e-01,-1.351082e-01,-2.875538e+00,-3.038479e+00,5.140220e-01,6.633231e+00,1.300750e+00,-1.701986e+00,-1.237195e+00,3.495095e+00,1.338086e+00,-2.232340e-01,-3.395846e-01,-7.197645e-01,1.685299e+00,2.049286e+00,-2.474819e+00,-6.088604e-01,-8.025279e-01,-8.653988e-01,-9.815122e-01,-3.118742e-01,1.724524e-02,-2.321834e-02,-1.166945e-01,-3.963861e-03,3.791809e-04,-8.143592e-03,5.176458e-02,2.158871e-02,-3.590973e-02,-8.120903e-02,-5.265918e-02,0,-3.526357e-03,0,0,0,0,0,0,0,0
507,5.070000,2.216722e-01,-3.558507e+01,-8.016448e+00,3.351669e+00,-2.497098e+01,-2.275641e+01,2.387472e+00,1.320980e+01,8.280446e+00,-8.905036e+00,8.484439e+00,-3.992986e+00,4.787865e+00,-8.113082e+00,9.876204e+00,-9.469709e+00,-5.562571e+00,-3.576765e+00,-2.350212e+00,-3.180333e+00,-5.303252e+00,-4.236954e+00,-3.405828e+00,-2.583090e+00,3.972164e-01,5.159302e-01,7.029459e-01,1.015622e+00,1.456254e+00,1.605700e+00,1.874742e+00,2.584930e+00,1.625958e+02,4.225006e-01,-1.287053e-01,-1.958699e+00,-2.299163e+00,-4.397899e-01,4.778960e+00,-4.487640e-01,-1.883671e+00,-1.801798e+00,2.273621e+00,2.445182e+00,-1.544798e+00,-5.390081e-01,1.593413e+00,2.144928e+00,7.172861e-01,-1.327372e+00,-4.408340e-01,-4.976827e-01,-5.723315e-01,-6.905068e-01,-1.586895e-01,1.713142e-02,9.065866e-02,-9.825678e-02,-9.133247e-03,-7.451355e-04,-8.031922e-03,3.731249e-02,1.260816e-02,-2.317539e-02,-2.487084e-02,-4.166842e-02,0,6.255578e-02,0,0,0,0,0,0,0,0
508,5.080000,1.124274e-01,-3.684393e+01,-9.593301e+00,2.008656e+00,-2.167424e+01,-2.387559e+01,2.585388e+00,1.255267e+01,1.207318e+01,-5.064958e+00,5.894700e+00,-3.853966e+00,7.436340e+00,-4.903993e+00,1.099183e+01,-1.326153e+01,-5.988836e+00,-3.921328e+00,-2.625522e+00,-3.586963e+00,-5.334949e+00,-4.223056e+00,-3.243562e+00,-2.661986e+00,3.839357e-01,5.279590e-01,6.833901e-01,1.073081e+00,1.452258e+00,1.618311e+00,1.869009e+00,2.453236e+00,1.625958e+02,6.287302e-01,-7.350557e-02,-1.112509e+00,-1.577250e+00,-8.403748e-01,2.193743e+00,-1.466896e+00,-1.386156e+00,-3.116787e+00,7.006724e-01,2.303755e+00,-2.041841e+00,-1.518691e-02,2.747665e+00,2.668839e+00,9.616241e-01,7.435932e-01,-2.423410e-01,-2.484793e-01,-3.036515e-01,-3.937312e-01,-4.378462e-02,-4.627576e-02,1.217120e-01,-3.559663e-02,-1.348821e-02,-3.621530e-03,-6.709415e-03,6.002855e-03,-2.333907e-02,-1.896032e-02,-2.334751e-02,-4.861484e-02,0,6.193384e-02,0,0,0,0,0,0,0,0
509,5.090000,1.083303e-01,-3.721019e+01,-1.042913e+01,-3.250819e-01,-2.276687e+01,-2.748207e+01,2.656054e-01,7.902447e+00,9.460807e+00,-3.233260e+00,2.380666e+00,-3.326554e+00,1.355645e+01,-2.876651e+00,1.159854e+01,-7.463743e+00,-6.022624e+00,-3.848826e+00,-2.635759e+00,-3.612307e+00,-5.240134e+00,-4.367337e+00,-3.087494e+00,-2.723109e+00,3.615268e-01,5.274730e-01,7.070416e-01,1.066024e+00,1.439539e+00,1.613769e+00,1.934094e+00,2.490883e+00,1.625958e+02,6.333850e-01,-9.731340e-03,-4.831020e-01,-1.185418e+00,-1.043334e+00,1.046406e+00,-3.826784e-01,-1.667484e+00,-3.799976e+00,3.759098e-02,6.821874e-01,-1.132936e+00,-1.605382e-01,1.274177e+00,2.341628e+00,1.789322e+00,1.846387e+00,-9.730053e-02,-1.486204e-01,-1.859284e-01,-2.505057e-01,9.972830e-02,2.685423e-02,5.901403e-02,1.709073e-02,-7.691053e-03,-4.231512e-04,1.595689e-02,2.005630e-02,-1.991460e-02,-3.514051e-03,-1.559987e-02,-1.023347e-02,0,4.151384e-02,0,0,0,0,0,0,0,0
510,5.100000,1.207898e-01,-3.739849e+01,-1.153717e+01,3.731780e-01,-2.224547e+01,-2.578996e+01,8.976781e-01,2.260824e+00,9.284762e+00,-3.458019e+00,2.366307e+00,-5.404765e+00,1.280723e+01,8.351106e-01,1.561079e+01,-4.655877e+00,-5.946725e+00,-4.085045e+00,-2.818405e+00,-3.890408e+00,-5.120641e+00,-4.428518e+00,-3.088392e+00,-2.529410e+00,3.546193e-01,5.189509e-01,6.979885e-01,1.050328e+00,1.356709e+00,1.593401e+00,1.818245e+00,2.406256e+00,1.625958e+02,6.276267e-01,2.348281e-02,-3.285328e-01,-1.327490e+00,-7.616872e-01,8.271621e-01,2.644867e-01,-1.393680e+00,-2.940473e+00,-1.600954e-01,-4.230162e-01,1.131466e+00,1.043182e+00,-7.350969e-02,1.935444e+00,1.946373e+00,1.590721e+00,-1.234594e-01,-1.465525e-01,-2.065080e-01,-2.093284e-01,8.439417e-02,1.094885e-01,2.470634e-02,6.634827e-02,9.905219e-04,-3.079385e-03,2.030956e-02,8.135903e-03,-2.662840e-02,-6.060839e-03,-4.996601e-02,-3.263204e-02,0,-2.473027e-03,0,0,0,0,0,0,0,0
511,5.110000,1.688343e-01,-3.772330e+01,-1.297161e+01,-1.047264e+00,-1.945334e+01,-2.371261e+01,-5.106092e+00,-6.441533e-01,9.862609e+00,-6.297569e+00,4.583954e+00,-4.020277e+00,8.473308e+00,7.255062e-01,1.651333e+01,-4.540604e+00,-6.070129e+00,-4.238008e+00,-3.183413e+00,-4.281140e+00,-4.911765e+00,-3.999952e+00,-3.188343e+00,-2.563925e+00,3.734194e-01,5.183185e-01,7.754312e-01,1.127280e+00,1.404455e+00,1.600585e+00,1.822125e+00,2.557252e+00,1.625958e+02,6.306216e-01,1.243960e-02,-4.048061e-01,-1.302143e+00,-1.000106e+00,8.276789e-01,8.785824e-01,-6.625454e-02,-4.792486e-01,2.150668e-01,-1.273648e+00,2.457863e+00,2.147356e+00,-7.228106e-01,1.073805e+00,2.124816e+00,-4.963189e-01,-2.340866e-01,-2.189306e-01,-2.041543e-01,-1.182357e-01,3.927579e-02,1.707859e-01,-8.643150e-04,3.463230e-02,1.493841e-02,2.422136e-03,1.647834e-02,3.758812e-03,-1.774598e-02,-4.100990e-03,-7.381465e-02,-6.409585e-02,0,-1.769102e-03,0,0,0,0,0,0,0,0
512,5.120000,1.995894e-01,-3.823004e+01,-1.495952e+01,-1.438688e+00,-1.919519e+01,-2.443788e+01,-1.697163e+00,2.123609e+00,1.107180e+01,-5.647885e+00,1.045039e+01,1.708805e+00,9.610365e+00,2.972146e+00,1.826629e+01,-6.769498e+00,-6.582380e+00,-4.459499e+00,-3.384235e+00,-4.299189e+00,-5.077163e+00,-3.859306e+00,-3.069606e+00,-2.409837e+00,3.829420e-01,5.171394e-01,7.507431e-01,1.083132e+00,1.336658e+00,1.594599e+00,1.675164e+00,2.256891e+00,1.625958e+02,6.177468e-01,-5.569236e-03,-4.174301e-01,-7.976255e-01,-7.604770e-01,1.302662e-02,-1.850452e-02,9.589001e-01,1.304397e+00,-9.166867e-01,-1.018365e+00,2.793527e+00,1.827770e+00,7.503372e-01,3.193041e-01,1.729576e+00,-1.142163e+00,-2.028330e-01,-1.532971e-01,-1.190508e-01,9.497976e-03,-6.375756e-02,8.858977e-02,5.888462e-03,-2.027581e-02,1.354527e-02,2.403206e-03,4.848337e-03,-1.336188e-02,6.710160e-03,2.144694e-03,-3.803623e-02,-5.870242e-02,0,1.084328e-04,0,0,0,0,0,0,0,0
513,5.130000,1.311285e-01,-3.881845e+01,-1.522867e+01,-4.419680e+00,-2.015361e+01,-2.376520e+01,1.231753e+00,5.574811e+00,9.642622e+00,-8.506566e+00,1.062794e+01,3.853439e+00,1.154083e+01,1.423857e+00,2.089487e+01,-8.888527e+00,-6.875229e+00,-4.756252e+00,-3.373616e+00,-3.999095e+00,-5.065494e+00,-3.798014e+00,-3.101208e+00,-2.609734e+00,4.220575e-01,5.404894e-01,7.630560e-01,1.068416e+00,1.360835e+00,1.592665e+00,1.636562e+00,2.245086e+00,1.625958e+02,6.294794e-01,-1.965097e-02,-3.902077e-01,7.000045e-02,2.549148e-01,-5.141621e-02,4.645374e-01,1.447132e+00,1.245711e+00,-1.650133e+00,-6.589514e-01,1.106552e+00,-5.662903e-01,1.471352e+00,-1.258718e+00,4.336323e-01,-1.646411e+00,-3.361039e-02,-1.024381e-01,-8.856361e-02,3.391318e-02,-1.040149e-01,-7.306626e-02,-4.279640e-02,-7.704170e-02,2.616969e-03,2.220267e-03,-2.210462e-03,-2.104327e-02,1.876030e-02,3.079045e-03,-7.865930e-03,-4.151106e-03,0,1.760465e-03,0,0,0,0,0,0,0,0
514,5.140000,1.117965e-01,-3.893807e+01,-1.439676e+01,-1.742999e+00,-2.183020e+01,-2.585619e+01,2.523256e+00,5.673327e+00,4.811323e+00,-7.445347e+00,1.331195e+01,-2.027721e-01,1.502515e+01,2.082456e+00,2.206790e+01,-8.192730e+00,-6.558341e+00,-4.592409e+00,-3.318558e+00,-3.983940e+00,-5.362564e+00,-4.086538e+00,-3.102517e+00,-2.607884e+00,3.980266e-01,5.198815e-01,7.284178e-01,1.012950e+00,1.412070e+00,1.608085e+00,1.720845e+00,2.268827e+00,1.625958e+02,6.287399e-01,-9.860424e-03,-2.041634e-01,7.060865e-01,1.322072e+00,2.594395e-01,8.030396e-01,-8.235415e-01,4.098718e-01,-2.024817e+00,-1.254022e+00,-6.986411e-01,-2.440052e+00,4.819155e-01,-2.661175e+00,-1.012781e+00,-1.234970e+00,1.725020e-01,1.768661e-02,-8.303463e-02,-4.313993e-02,-9.937954e-02,-1.094944e-01,-1.199509e-01,-1.102531e-01,-1.593030e-02,1.876593e-04,4.794580e-03,6.350935e-03,4.547809e-02,7.057297e-03,5.262228e-02,9.825635e-02,0,-3.924408e-02,0,0,0,0,0,0,0,0
515,5.150000,1.144758e-01,-3.932032e+01,-1.290298e+01,3.794651e-01,-1.839292e+01,-2.068077e+01,1.935816e-02,3.809543e+00,4.742183e+00,-8.693595e+00,8.685936e+00,-5.895940e+00,1.312268e+01,-5.123237e+00,1.678069e+01,-1.206104e+01,-6.250201e+00,-4.683744e+00,-3.659069e+00,-4.269198e+00,-5.289139e+00,-4.251667e+00,-3.385870e+00,-2.850110e+00,3.789619e-01,5.280488e-01,7.755415e-01,1.057155e+00,1.460551e+00,1.609237e+00,1.759954e+00,2.530529e+00,1.625958e+02,6.339273e-01,1.581238e-02,3.456078e-02,8.419920e-01,1.706471e+00,6.525080e-01,1.342020e+00,-9.285244e-01,-1.017099e-01,-9.349719e-01,-1.486586e+00,-2.450428e+00,-2.577415e+00,-1.230429e+00,-2.666789e+00,-2.092487e+00,-2.835769e-01,2.240342e-01,2.638340e-02,-5.138082e-02,-7.050218e-02,-4.421415e-02,-1.129510e-01,-1.318541e-01,-5.642674e-02,-2.591714e-02,1.276821e-03,-1.242960e-03,1.909366e-02,1.832638e-02,3.755534e-03,4.469830e-02,7.946868e-02,0,-6.117852e-02,0,0,0,0,0,0,0,0
516,5.160000,1.586136e-01,-3.899992e+01,-1.259193e+01,2.772098e+00,-1.877834e+01,-2.196490e+01,-5.208673e+00,5.055603e+00,3.397933e+00,-1.182448e+01,7.928184e+00,-5.616765e+00,1.122902e+01,-7.060183e+00,1.525948e+01,-1.135809e+01,-6.032384e+00,-4.407320e+00,-3.656681e+00,-4.379837e+00,-5.462238e+00,-4.179951e+00,-3.527030e+00,-2.840915e+00,3.248383e-01,5.242980e-01,7.684732e-01,1.120518e+00,1.514191e+00,1.621599e+00,1.876579e+00,2.605451e+00,1.625958e+02,4.193025e-01,1.911493e-02,3.015869e-01,4.783522e-01,8.103597e-01,4.315548e-01,1.310039e+00,2.556964e-01,3.120878e-02,-3.051832e-01,-2.158873e+00,-3.330322e+00,-8.694175e-01,-2.646029e+00,-1.773028e+00,-1.234034e+00,8.510069e-01,1.469704e-01,-2.807398e-02,3.158729e-02,2.515693e-02,4.168649e-02,-3.999043e-02,-5.927694e-02,1.835494e-02,-1.896065e-02,7.393843e-03,-8.332377e-03,2.137291e-02,-9.106862e-03,-1.992083e-03,1.245482e-02,2.377467e-02,0,-5.962603e-02,0,0,0,0,0,0,0,0
517,5.170000,1.867819e-01,-3.861472e+01,-1.192113e+01,1.855128e+00,-1.841700e+01,-1.900074e+01,4.550959e-01,5.375124e+00,5.674457e+00,-1.374993e+01,1.067687e+00,-6.326637e+00,7.286751e+00,-7.338766e+00,1.383664e+01,-8.723731e+00,-6.018036e+00,-4.716879e+00,-3.461458e+00,-4.153657e+00,-5.236727e+00,-4.316062e+00,-3.548223e+00,-2.775352e+00,3.290659e-01,5.446653e-01,7.368135e-01,1.110100e+00,1.401407e+00,1.604685e+00,1.782186e+00,2.474117e+00,1.625958e+02,4.283055e-01,1.738506e-02,4.157768e-01,2.650566e-02,3.262097e-01,1.884935e-01,4.314438e-01,2.442561e+00,-8.896295e-01,-4.311838e-01,-2.129780e-01,-1.471363e+00,-3.851359e-01,-2.740108e+00,-3.583957e-01,-4.531077e-01,1.710626e+00,6.519489e-02,-3.426380e-02,7.044017e-02,7.744789e-02,7.823815e-02,-4.538860e-02,8.237951e-02,1.235922e-01,-9.925688e-03,4.946375e-03,-1.527185e-02,-7.987785e-03,-3.960168e-02,-5.935526e-03,-2.950099e-02,-4.340918e-02,0,5.469573e-03,0,0,0,0,0,0,0,0
518,5.180000,1.712182e-01,-3.778294e+01,-1.249592e+01,1.570967e+00,-1.966039e+01,-2.014601e+01,3.583869e+00,5.046580e+00,2.819270e+00,-1.571154e+01,4.694601e-01,-4.334512e+00,4.712967e+00,-5.674918e+00,1.736976e+01,-5.606351e+00,-5.939571e+00,-4.716211e+00,-3.259427e+00,-3.915926e+00,-5.180337e+00,-4.254293e+00,-3.317725e+00,-2.553488e+00,3.281713e-01,5.485424e-01,7.061200e-01,1.093342e+00,1.396108e+00,1.600400e+00,1.772004e+00,2.415906e+00,1.625958e+02,4.334207e-01,-1.316968e-03,1.905521e-01,-2.766468e-01,-1.613887e-01,5.900118e-01,-9.948349e-03,2.775230e+00,-1.469211e+00,-6.333193e-01,1.734910e+00,6.161630e-01,-1.356798e-01,-2.257712e+00,-5.800837e-01,-7.016481e-01,5.661582e-01,-3.878856e-02,-3.674255e-02,-1.266065e-02,3.482185e-02,7.073493e-02,-3.066850e-02,1.471015e-01,1.045315e-01,2.198279e-03,2.262199e-03,-2.345633e-03,-1.757422e-02,-3.023893e-02,-5.462098e-03,-4.548751e-02,-2.452114e-02,0,7.001533e-02,0,0,0,0,0,0,0,0
519,5.190000,1.950989e-01,-3.784993e+01,-1.281846e+01,2.611079e+00,-1.700943e+01,-1.943300e+01,7.835894e+00,-6.340942e-01,2.875596e+00,-7.814951e+00,5.058485e+00,-8.462747e+00,2.680163e+00,-7.607848e+00,1.346001e+01,-6.383782e+00,-5.970633e+00,-4.700618e+00,-3.505495e+00,-4.113914e+00,-5.038898e+00,-4.441440e+00,-3.078624e+00,-2.375862e+00,3.276670e-01,5.406584e-01,7.303589e-01,1.030804e+00,1.321584e+00,1.590159e+00,1.664737e+00,2.408256e+00,1.625958e+02,6.542161e-01,-1.084738e-02,-5.040359e-02,-2.733628e-01,-3.309669e-01,7.322598e-02,-1.410001e+00,8.374631e-01,-9.894462e-01,-1.043839e+00,2.329010e+00,2.950983e+00,-1.433232e-01,-1.600839e+00,-7.763080e-01,-1.025001e+00,-9.304503e-01,-9.429774e-02,6.969953e-02,-3.394563e-02,-8.830547e-03,-1.694651e-02,2.383533e-02,1.185236e-01,3.004506e-02,5.959496e-03,-4.288727e-03,6.880945e-03,-1.873835e-02,-8.118892e-03,2.112174e-03,-2.644743e-02,6.803155e-03,0,6.837252e-02,0,0,0,0,0,0,0,0
520,5.200000,1.478703e-01,-3.842955e+01,-1.352650e+01,1.587179e+00,-1.653207e+01,-2.179851e+01,4.977079e+00,7.141585e-01,1.630767e+00,-6.117416e+00,9.013600e+00,-5.227110e+00,2.243755e+00,-9.826060e+00,1.193956e+01,-9.697274e+00,-6.250029e+00,-4.599164e+00,-3.697966e+00,-4.225599e+00,-5.207478e+00,-4.270605e+00,-3.026322e+00,-2.518003e+00,3.365291e-01,5.376124e-01,7.599723e-01,1.072295e+00,1.402908e+00,1.601552e+00,1.707866e+00,2.515776e+00,1.625958e+02,6.564238e-01,-1.859439e-02,-3.029774e-01,-1.751270e-02,-1.033771e+00,-9.590368e-01,-1.864583e+00,-9.845794e-01,5.050064e-01,7.474738e-02,1.414330e+00,1.765336e+00,7.553635e-02,-2.290101e-01,-1.972134e-01,-6.038175e-01,-9.123810e-01,-1.502974e-01,6.760335e-02,5.683596e-02,-1.627970e-03,-6.047654e-02,2.836051e-02,-1.745749e-03,-8.859096e-02,1.807946e-02,-5.987221e-03,8.076435e-03,-4.322708e-03,5.792856e-03,7.467222e-03,1.601424e-02,1.936150e-02,0,4.460894e-02,0,0,0,0,0,0,0,0
521,5.210000,1.442189e-01,-3.854343e+01,-1.277266e+01,1.921880e-01,-1.961503e+01,-2.522450e+01,3.945807e+00,2.594104e+00,1.049513e+00,-6.901945e+00,1.155053e+01,-6.596954e+00,5.171600e-01,-9.144734e+00,1.142674e+01,-1.133052e+01,-6.334296e+00,-4.426905e+00,-3.411917e+00,-4.042974e+00,-5.307889e+00,-4.188730e+00,-3.101306e+00,-2.642870e+00,3.546845e-01,5.286866e-01,7.442920e-01,1.026932e+00,1.357412e+00,1.614670e+00,1.682018e+00,2.458198e+00,1.625958e+02,6.586666e-01,-1.229085e-02,-2.890419e-01,3.055649e-01,-1.344390e+00,-2.196020e+00,-1.525611e+00,-2.070297e+00,1.774504e+00,1.073445e+00,-7.308914e-01,-9.626039e-01,4.400241e-01,1.139143e+00,1.637623e-01,3.747026e-01,-9.232759e-02,-1.161343e-01,5.417857e-02,1.873006e-01,7.271983e-02,-6.378846e-02,7.035971e-03,-1.174367e-01,-1.465738e-01,2.363783e-02,-4.896611e-03,-1.457334e-03,8.594990e-03,1.444269e-02,4.375744e-03,5.510776e-02,1.535943e-02,0,-7.298708e-04,0,0,0,0,0,0,0,0
522,5.220000,1.036862e-01,-3.895108e+01,-1.260639e+01,-2.388444e+00,-2.315277e+01,-2.657317e+01,6.060157e-01,5.957513e+00,4.106048e+00,-9.096400e+00,6.050115e+00,-4.889726e+00,4.649418e+00,-5.892541e+00,1.536731e+01,-7.694887e+00,-6.509226e+00,-4.515050e+00,-3.022036e+00,-3.959536e+00,-5.348225e+00,-4.238845e+00,-3.315113e+00,-2.862939e+00,4.050598e-01,5.245922e-01,7.395356e-01,1.073664e+00,1.407158e+00,1.625481e+00,1.843435e+00,2.487742e+00,1.625958e+02,6.542401e-01,1.256572e-02,-3.339748e-01,3.905668e-01,-9.104870e-01,-2.212712e+00,-7.631550e-02,-1.682533e+00,9.139510e-01,2.546512e+00,-1.191416e-02,-2.692208e+00,-2.125478e-01,2.076803e+00,5.733889e-01,6.870595e-01,1.337786e+00,-8.447800e-02,-6.933260e-03,1.956338e-01,2.660615e-02,-5.651283e-03,-1.195916e-01,-1.777529e-01,-1.249199e-01,2.566073e-02,-5.038506e-03,2.451330e-03,1.224254e-02,1.146946e-02,-6.903219e-03,6.680544e-02,3.063273e-02,0,-3.026605e-03,0,0,0,0,0,0,0,0
523,5.230000,1.557367e-01,-3.903438e+01,-1.175069e+01,-2.123057e+00,-2.467918e+01,-2.467372e+01,-3.300613e-01,5.616747e+00,7.005183e+00,-9.979917e+00,1.727208e+00,-6.431318e+00,7.173045e+00,-8.755795e+00,1.361965e+01,-7.846613e+00,-6.421706e+00,-4.471782e+00,-2.906957e+00,-3.883347e+00,-5.287467e+00,-4.422140e+00,-3.521412e+00,-2.936263e+00,4.115908e-01,5.226855e-01,7.332906e-01,1.073094e+00,1.391672e+00,1.600073e+00,1.872492e+00,2.499070e+00,1.625958e+02,6.516586e-01,1.962799e-02,-3.436096e-01,1.463595e-01,-2.759067e-01,-1.296425e+00,7.337824e-01,-1.165383e+00,-5.156791e-02,2.695831e+00,1.404850e+00,-2.259890e+00,2.690881e-01,2.425555e+00,7.504793e-01,9.168103e-01,1.639618e+00,-5.839486e-02,-2.822080e-02,8.336081e-02,-5.488298e-02,1.631599e-02,-1.667101e-01,-1.279450e-01,-7.344365e-02,1.647799e-02,-3.817749e-03,6.732124e-03,9.845090e-03,9.922934e-03,-1.381413e-02,3.193609e-02,4.404128e-02,0,-2.367872e-03,0,0,0,0,0,0,0,0
524,5.240000,2.049400e-01,-3.985395e+01,-1.208465e+01,-1.807633e+00,-2.506355e+01,-2.245547e+01,-1.297653e+00,3.772592e+00,1.138550e+01,-4.638001e+00,4.642224e-01,-6.372667e+00,9.299827e+00,-7.153585e+00,1.427840e+01,-4.750299e+00,-6.628714e+00,-4.611392e+00,-2.972276e+00,-4.172382e+00,-5.245945e+00,-4.751858e+00,-3.705033e+00,-2.995906e+00,4.363797e-01,5.154205e-01,7.777297e-01,1.110427e+00,1.443125e+00,1.574334e+00,1.946656e+00,2.648504e+00,1.625958e+02,6.447948e-01,2.080064e-02,-1.553478e-01,-2.806470e-01,3.042286e-01,-4.547665e-01,5.110073e-02,-2.594010e-01,-7.419081e-01,1.068968e+00,2.128798e+00,-8.988997e-01,-5.933947e-02,1.086752e+00,1.478374e+00,1.527311e+00,1.036533e+00,-1.769805e-02,-3.044577e-02,1.868792e-02,-8.657081e-02,1.103144e-02,-1.176196e-01,2.792256e-02,2.766056e-02,7.479638e-03,-2.120513e-03,5.455905e-03,-4.664445e-03,1.462531e-03,-9.286880e-03,-2.299379e-02,3.719890e-02,0,-2.076149e-04,0,0,0,0,0,0,0,0
525,5.250000,1.917319e-01,-3.981004e+01,-1.230173e+01,-1.477751e+00,-2.514176e+01,-2.361444e+01,-9.292728e-01,3.428725e+00,1.088895e+01,-2.106896e+00,3.044028e+00,-4.510043e+00,1.031973e+01,-4.761816e+00,1.655525e+01,-4.604722e+00,-6.566526e+00,-4.519838e+00,-3.019993e+00,-4.210966e+00,-5.277449e+00,-4.765774e+00,-3.546071e+00,-2.943605e+00,4.214145e-01,5.141838e-01,7.588556e-01,1.057776e+00,1.389043e+00,1.571173e+00,1.790087e+00,2.598023e+00,1.625958e+02,6.515499e-01,-5.819321e-03,8.934860e-02,-6.984356e-01,2.949736e-01,1.678698e-01,-9.495996e-01,-4.611917e-01,-4.413698e-01,-8.481121e-01,1.009727e+00,-3.442622e-01,-3.105947e-01,-5.020704e-02,2.307987e+00,1.904769e+00,3.885458e-01,1.782412e-02,-3.336539e-02,1.414943e-03,-8.409829e-02,-3.428221e-03,1.938925e-02,1.420633e-01,8.312123e-02,4.247588e-03,1.620293e-04,-1.705366e-03,-8.773888e-03,2.713203e-04,5.196607e-03,-5.167469e-02,1.301980e-02,0,3.275365e-03,0,0,0,0,0,0,0,0
526,5.260000,1.896917e-01,-3.933998e+01,-1.373410e+01,-1.189954e+00,-2.519531e+01,-2.684731e+01,-3.913834e-01,3.341984e+00,7.509006e+00,-2.388921e+00,8.972070e-01,-6.147061e+00,8.509831e+00,-4.976635e-01,2.153607e+01,-4.133170e+00,-6.525306e+00,-4.643251e+00,-2.872079e+00,-4.228581e+00,-5.298077e+00,-4.655126e+00,-3.163171e+00,-2.720965e+00,4.375461e-01,5.182405e-01,7.540326e-01,1.058001e+00,1.415785e+00,1.593496e+00,1.769668e+00,2.624260e+00,1.625958e+02,6.532564e-01,-1.815231e-02,3.673428e-01,-7.537114e-01,6.766798e-02,7.276546e-01,-1.132445e+00,-8.340510e-01,-6.714061e-01,-2.919977e+00,-2.385797e+00,-1.444278e+00,-1.842859e+00,-2.410367e+00,7.830631e-01,1.115434e+00,-9.003488e-01,1.229608e-01,-3.200078e-02,-9.024429e-03,-1.950841e-02,1.693192e-02,1.751574e-01,1.715416e-01,1.061178e-01,8.920103e-04,2.163738e-03,-8.401513e-04,1.293540e-04,1.530311e-02,1.553875e-02,-3.958213e-02,-1.144240e-02,0,4.759443e-03,0,0,0,0,0,0,0,0
527,5.270000,1.342642e-01,-3.884462e+01,-1.441814e+01,-9.570286e-01,-2.377395e+01,-2.722580e+01,-3.089154e+00,3.625202e+00,4.702867e+00,-6.055822e+00,-2.105958e-01,-8.097095e+00,7.317007e+00,-5.438202e-01,1.951466e+01,-6.212450e+00,-6.384289e+00,-4.622679e+00,-2.949981e+00,-4.275739e+00,-5.278543e+00,-4.373559e+00,-3.082026e+00,-2.658127e+00,4.322455e-01,5.220856e-01,7.366123e-01,1.055438e+00,1.406699e+00,1.616475e+00,1.702613e+00,2.576291e+00,1.625958e+02,6.638046e-01,-1.802184e-02,3.190239e-01,-4.967332e-01,1.206509e-01,1.298816e+00,-6.101999e-01,-1.982298e+00,-1.329258e+00,-3.098746e+00,-3.695023e+00,-1.072294e+00,-3.114529e+00,-4.223875e+00,-5.589056e-01,-3.163950e-01,-1.120176e+00,1.695690e-01,5.050802e-03,-5.781493e-02,-7.361522e-02,1.934814e-02,2.315955e-01,6.269596e-02,6.130006e-02,-1.506564e-03,1.153672e-03,1.588995e-02,1.704081e-02,3.432773e-02,1.601702e-02,1.389592e-02,1.160145e-03,0,2.824783e-03,0,0,0,0,0,0,0,0
528,5.280000,1.429123e-01,-3.849995e+01,-1.479500e+01,-1.729654e+00,-2.210918e+01,-2.631202e+01,-4.387968e+00,3.173234e-01,-1.213487e-01,-1.459252e+01,-5.129856e+00,-1.379344e+01,-1.250644e+00,-5.347267e+00,1.837586e+01,-8.448180e+00,-6.105029e+00,-4.719975e+00,-3.052404e+00,-4.237537e+00,-5.160739e+00,-4.072178e+00,-3.079348e+00,-2.608055e+00,4.354242e-01,5.222883e-01,7.846506e-01,1.112243e+00,1.510813e+00,1.629377e+00,1.792483e+00,2.602158e+00,1.625958e+02,6.624646e-01,-1.403241e-02,1.072079e-01,-1.788276e-01,3.510794e-01,1.644650e+00,-1.463848e-01,-2.162942e+00,-1.375962e+00,-1.438832e+00,-2.810274e+00,3.371570e-01,-3.054629e+00,-4.322161e+00,-2.001827e+00,-1.985246e+00,-1.153802e+00,1.366937e-01,7.006140e-02,-1.212137e-01,-1.251355e-01,-7.746363e-03,1.966069e-01,-2.434690e-02,2.579820e-02,-8.261641e-03,-3.563982e-03,2.812470e-02,2.295407e-02,3.889816e-02,9.297895e-03,3.913011e-02,9.125089e-03,0,4.529238e-04,0,0,0,0,0,0,0,0
529,5.290000,1.250124e-01,-3.863494e+01,-1.425494e+01,-6.046466e-01,-2.019074e+01,-2.693308e+01,-8.842472e+00,-1.705234e+00,-7.896066e-01,-1.448021e+01,6.960899e-01,-1.625950e+01,-5.919405e+00,-5.131542e+00,1.655337e+01,-8.048095e+00,-5.928820e+00,-4.456222e+00,-3.218904e+00,-4.574564e+00,-5.249377e+00,-3.899270e+00,-3.274503e+00,-2.693559e+00,4.149427e-01,5.179282e-01,8.229964e-01,1.115859e+00,1.513168e+00,1.633318e+00,1.848159e+00,2.614875e+00,1.625958e+02,6.610697e-01,-4.599450e-03,-1.040543e-01,-2.157860e-02,5.943270e-01,1.264385e+00,1.902798e-01,-1.661494e+00,-3.234486e-01,6.385256e-01,-2.233355e-01,2.220157e+00,-1.307855e+00,-2.118901e+00,-2.237624e+00,-2.953702e+00,-1.425265e+00,-3.283310e-03,1.036083e-01,-1.411620e-01,-1.266753e-01,-4.436602e-02,1.022990e-01,-5.974049e-02,6.025744e-03,-8.851734e-03,-3.097272e-03,2.489696e-02,1.652274e-02,2.603993e-02,1.865983e-04,3.187492e-02,1.039467e-02,0,-3.118134e-03,0,0,0,0,0,0,0,0
530,5.300000,1.241556e-01,-3.890879e+01,-1.470984e+01,3.892520e-01,-1.876366e+01,-2.772560e+01,-8.329436e+00,-8.726107e-01,3.061082e+00,-1.222810e+01,2.129649e+00,-1.733900e+01,-6.482768e+00,-8.212934e+00,1.309048e+01,-8.984357e+00,-6.069572e+00,-4.376173e+00,-3.343686e+00,-4.704846e+00,-5.351391e+00,-3.909236e+00,-3.188667e+00,-2.574258e+00,4.048893e-01,5.024993e-01,8.514641e-01,1.142560e+00,1.557041e+00,1.631564e+00,1.892545e+00,2.650594e+00,1.625958e+02,6.568885e-01,-5.153067e-03,-1.636589e-01,-7.739820e-02,6.364160e-01,1.003559e+00,1.001099e+00,-6.741323e-01,7.661235e-01,2.494269e+00,2.074764e+00,3.318551e+00,6.121007e-01,7.993586e-01,-2.277079e+00,-3.555677e+00,-1.862029e+00,-1.295273e-01,9.936066e-02,-1.519512e-01,-9.304795e-02,-2.730908e-02,2.161205e-02,-4.660044e-02,1.653848e-02,-5.813119e-03,-3.077394e-03,1.428680e-02,5.074739e-03,-5.813837e-04,-6.226313e-03,-1.291614e-02,-8.726215e-03,0,-3.005385e-03,0,0,0,0,0,0,0,0
531,5.310000,1.206454e-01,-3.916047e+01,-1.456861e+01,9.551533e-01,-1.912479e+01,-2.556761e+01,-9.425889e+00,2.602926e+00,6.304280e+00,-8.354712e+00,7.260436e+00,-1.286359e+01,-6.614364e-01,-1.029911e+01,7.388842e+00,-1.307069e+01,-6.418434e+00,-4.276539e+00,-3.510150e+00,-4.675461e+00,-5.405047e+00,-3.943536e+00,-3.326069e+00,-2.644897e+00,4.032543e-01,5.164937e-01,8.276904e-01,1.122892e+00,1.513785e+00,1.616314e+00,1.811956e+00,2.604047e+00,1.625958e+02,6.510020e-01,-4.742004e-03,-1.204842e-01,-5.188179e-03,1.717797e-01,4.281525e-01,1.772104e+00,6.107126e-01,9.853899e-01,2.070167e+00,1.629268e+00,2.412596e+00,2.162641e+00,1.520142e+00,-2.578942e+00,-2.502475e+00,-2.107269e+00,-1.460335e-01,2.820539e-02,-1.265957e-01,1.637721e-02,1.596003e-02,-2.382419e-02,-4.351640e-02,2.818203e-03,-2.611643e-03,7.184148e-05,-1.643771e-03,1.840377e-03,-1.626502e-02,-8.701598e-03,-4.483938e-02,-3.477643e-02,0,-1.111937e-03,0,0,0,0,0,0,0,0
532,5.320000,1.193305e-01,-3.905548e+01,-1.502516e+01,6.725256e-01,-1.762436e+01,-2.198926e+01,-7.466921e+00,1.993860e+00,8.803052e+00,-7.281449e+00,8.180723e+00,-1.243089e+01,1.171649e-01,-1.414888e+01,5.179742e+00,-1.524703e+01,-6.507858e+00,-4.313014e+00,-3.666538e+00,-4.652328e+00,-5.219450e+00,-3.941985e+00,-3.286567e+00,-2.549694e+00,4.122028e-01,5.076185e-01,8.537376e-01,1.134100e+00,1.507598e+00,1.606747e+00,1.746004e+00,2.563941e+00,1.625958e+02,6.524715e-01,-8.173417e-03,2.150726e-02,1.064180e-01,-9.331518e-02,3.843803e-02,1.670689e+00,1.019860e+00,1.019644e-01,9.154461e-01,1.045910e+00,1.293657e+00,1.597324e+00,2.224367e-01,-1.881867e+00,-4.347601e-01,-1.243149e+00,-6.003370e-02,-5.121899e-03,-5.755448e-02,3.552551e-02,6.537423e-02,-3.988557e-02,-3.973053e-02,-7.904053e-03,-3.515077e-03,-1.524591e-03,-9.856826e-03,-5.370223e-03,-2.561489e-02,-8.669841e-03,-5.056472e-02,-6.047888e-02,0,-7.606744e-05,0,0,0,0,0,0,0,0
533,5.330000,1.037149e-01,-3.916401e+01,-1.412323e+01,1.126154e-01,-1.861963e+01,-2.094073e+01,-6.220167e+00,1.788480e+00,6.690241e+00,-8.807189e+00,9.733536e+00,-7.900352e+00,-1.618662e+00,-1.505828e+01,7.996365e+00,-1.545310e+01,-6.439845e+00,-4.346775e+00,-3.690457e+00,-4.518936e+00,-5.235548e+00,-4.002017e+00,-3.443135e+00,-2.691750e+00,3.982277e-01,5.157278e-01,8.136408e-01,1.129291e+00,1.456564e+00,1.602219e+00,1.697233e+00,2.484319e+00,1.625958e+02,6.577185e-01,-1.491387e-02,2.406921e-02,1.055379e-01,-2.703546e-01,-6.829454e-01,5.663379e-01,1.639533e+00,-1.236080e-01,3.487354e-01,-9.415760e-02,-6.173430e-01,2.178292e-01,-1.320895e+00,-6.397002e-01,2.100970e+00,2.242620e-01,-8.531332e-03,-7.915640e-02,7.041989e-02,5.290113e-02,3.997431e-02,-7.160399e-02,-2.459259e-02,-4.540897e-03,-3.244060e-03,-4.404998e-03,-2.028838e-02,-4.901385e-03,-2.130672e-02,-3.673685e-03,-3.305034e-02,-5.840168e-02,0,-4.429161e-04,0,0,0,0,0,0,0,0
534,5.340000,9.175370e-02,-3.879948e+01,-1.440044e+01,3.439450e-01,-1.882405e+01,-2.168559e+01,-4.832997e+00,4.443463e-02,7.445332e+00,-6.772309e+00,7.361383e+00,-1.183399e+01,-4.891971e+00,-1.524268e+01,1.061292e+01,-1.400890e+01,-6.359035e+00,-4.366664e+00,-3.541305e+00,-4.605481e+00,-5.109270e+00,-4.079423e+00,-3.328787e+00,-2.590352e+00,3.898273e-01,4.952593e-01,8.092048e-01,1.112510e+00,1.457577e+00,1.595263e+00,1.697083e+00,2.408063e+00,1.625958e+02,6.531499e-01,-8.220057e-03,7.667389e-02,4.430407e-01,1.956852e-02,-1.293573e+00,-8.884543e-01,1.507226e+00,2.318452e-01,1.471043e-01,-5.543905e-01,-1.953183e+00,-5.966510e-01,-8.598042e-01,1.264914e+00,2.978782e+00,1.132376e+00,4.550657e-02,-5.938692e-02,2.107010e-01,7.838378e-02,-3.053417e-02,-9.991865e-02,-1.025121e-02,-1.347759e-02,-1.950571e-03,-2.810305e-03,-3.639812e-02,-1.478909e-02,-2.147871e-02,-6.085515e-04,-1.809008e-02,-4.640920e-02,0,-5.554139e-04,0,0,0,0,0,0,0,0
535,5.350000,5.986442e-02,-3.916813e+01,-1.435328e+01,-2.323293e-01,-2.193967e+01,-2.288776e+01,-2.545188e+00,2.959599e+00,8.726817e+00,-9.080070e+00,4.583391e+00,-1.207289e+01,-4.761342e+00,-1.295071e+01,1.517711e+01,-1.256844e+01,-6.535502e+00,-4.645496e+00,-3.220667e+00,-4.434379e+00,-5.260265e+00,-4.232837e+00,-3.427922e+00,-2.647273e+00,3.982218e-01,5.006484e-01,7.485149e-01,1.109181e+00,1.432262e+00,1.603688e+00,1.671165e+00,2.389977e+00,1.625958e+02,6.484482e-01,1.264563e-02,1.862144e-02,6.717137e-01,4.792004e-01,-1.171005e+00,-1.804521e+00,7.109472e-01,5.047002e-01,8.625486e-01,-2.916352e-01,-2.246676e+00,-1.168255e+00,3.901369e-01,2.723739e+00,1.547074e+00,1.871394e+00,5.542212e-02,7.693720e-03,2.660053e-01,3.802624e-02,-9.453736e-02,-1.233260e-01,-2.419267e-02,-1.266654e-02,4.287666e-03,-3.555524e-03,-3.685221e-02,-1.291438e-02,-1.162174e-02,4.567218e-03,5.729055e-03,3.417730e-04,0,3.569746e-03,0,0,0,0,0,0,0,0
536,5.360000,1.001555e-01,-3.867005e+01,-1.269493e+01,9.428405e-01,-2.243221e+01,-2.545802e+01,-1.768280e+00,2.567526e+00,8.520286e+00,-9.916961e+00,9.898811e-01,-1.332788e+01,-2.610516e+00,-8.878098e+00,1.648328e+01,-1.102748e+01,-6.232497e+00,-4.460588e+00,-2.847927e+00,-4.302688e+00,-5.359762e+00,-4.326169e+00,-3.345429e+00,-2.639321e+00,4.024529e-01,5.011067e-01,7.043099e-01,1.070210e+00,1.412356e+00,1.602970e+00,1.668588e+00,2.379066e+00,1.625958e+02,6.543296e-01,2.578122e-02,-5.079384e-02,9.867493e-01,8.165493e-01,-7.957550e-01,-1.901609e+00,-1.150923e+00,5.841763e-01,5.853812e-01,-1.585789e-02,-3.510540e-01,3.460709e-01,1.403872e+00,2.898926e+00,-6.534067e-01,1.773132e+00,7.396498e-02,1.524507e-01,1.853610e-01,-1.019936e-02,-1.414740e-01,-8.479514e-02,-9.228864e-02,-4.894297e-02,7.769048e-04,-3.990912e-03,-2.821631e-02,-3.532362e-03,-6.143808e-04,6.915951e-03,4.848595e-02,3.902256e-02,0,7.627684e-03,0,0,0,0,0,0,0,0
537,5.370000,1.627422e-01,-3.913562e+01,-1.161742e+01,2.209170e+00,-2.267058e+01,-2.807712e+01,-4.197789e+00,3.050435e+00,1.046551e+01,-8.693039e+00,1.685909e+00,-1.299469e+01,-8.087049e-01,-4.621878e+00,1.279655e+01,-7.586840e+00,-6.226003e+00,-4.261344e+00,-2.707119e+00,-4.480201e+00,-5.582989e+00,-4.495274e+00,-3.555777e+00,-2.730598e+00,4.133532e-01,4.950265e-01,6.818271e-01,1.085869e+00,1.421066e+00,1.621201e+00,1.740126e+00,2.500526e+00,1.625958e+02,6.749774e-01,2.751366e-02,-5.774002e-02,3.958218e-01,6.489685e-01,1.347115e-01,-1.111505e+00,-2.896246e+00,-8.824670e-02,9.712057e-01,1.311677e+00,2.267463e+00,1.341418e+00,1.587489e+00,1.281009e+00,-2.811275e+00,8.298994e-01,-1.074877e-02,2.454606e-01,-9.105921e-04,-1.168896e-01,-6.820202e-02,1.681232e-02,-9.100235e-02,-1.781132e-02,-3.814781e-03,-8.805829e-03,9.095997e-03,2.007560e-02,2.569251e-02,9.425295e-03,1.039028e-01,6.852265e-02,0,9.100723e-03,0,0,0,0,0,0,0,0
538,5.380000,1.692209e-01,-3.906970e+01,-1.083463e+01,3.205942e+00,-2.243737e+01,-2.859895e+01,-9.761313e+00,2.919898e+00,9.502892e+00,-7.045114e+00,7.054854e+00,-9.642740e+00,1.510692e-01,-4.912467e+00,8.536159e+00,-7.634037e+00,-6.143960e+00,-3.796487e+00,-2.871274e+00,-4.633566e+00,-5.655278e+00,-4.372180e+00,-3.726302e+00,-2.793404e+00,3.861461e-01,4.781157e-01,7.014671e-01,1.106504e+00,1.460102e+00,1.621086e+00,1.905032e+00,2.547901e+00,1.625958e+02,6.780238e-01,2.086994e-03,-2.974510e-02,-4.787610e-01,-2.672074e-01,2.988163e-01,1.384331e-01,-3.184752e+00,-4.059379e-01,8.951764e-01,1.216803e+00,3.232942e+00,2.184504e+00,1.291738e+00,-7.709035e-01,-2.696114e+00,-5.794474e-01,-1.284060e-01,1.751041e-01,-1.416793e-01,-1.101188e-01,4.242196e-02,1.180381e-01,-5.331085e-02,1.758912e-02,-5.990231e-03,-7.388541e-03,4.013000e-02,3.663294e-02,3.372502e-02,7.194209e-03,1.011002e-01,6.677695e-02,0,5.739701e-03,0,0,0,0,0,0,0,0
539,5.390000,1.629000e-01,-3.925700e+01,-1.330432e+01,1.880962e+00,-2.126353e+01,-2.687481e+01,-1.302990e+01,2.342180e+00,1.309154e+01,-3.957609e+00,1.288822e+01,-7.208366e+00,1.795309e+00,-8.528476e+00,5.094293e+00,-1.011567e+01,-6.633514e+00,-3.750243e+00,-3.213547e+00,-4.853388e+00,-5.453517e+00,-4.125769e+00,-3.692497e+00,-2.659288e+00,3.873013e-01,4.681148e-01,7.954163e-01,1.191412e+00,1.536851e+00,1.641756e+00,2.072457e+00,2.648173e+00,1.625958e+02,6.821048e-01,-1.624292e-02,1.154320e-01,-1.053310e+00,-1.106067e+00,-1.299915e-01,5.657355e-01,-1.014816e+00,-6.977632e-01,2.119391e-01,3.152485e-01,1.852776e+00,1.902183e+00,1.570298e+00,-1.616574e+00,-1.342260e+00,-1.728144e+00,-1.842148e-01,3.304582e-02,-1.408309e-01,2.540240e-02,1.225442e-01,1.308821e-01,5.754413e-02,7.110222e-02,-2.288824e-03,-4.372418e-04,4.029431e-02,2.227135e-02,1.707888e-02,5.641580e-04,3.298547e-02,1.478729e-02,0,8.334160e-04,0,0,0,0,0,0,0,0
540,5.400000,1.105116e-01,-3.875809e+01,-1.424528e+01,-2.290927e-01,-2.164165e+01,-2.536701e+01,-1.327598e+01,8.919647e-01,1.168315e+01,-6.200659e+00,1.155344e+01,-5.298519e+00,2.546168e+00,-1.077932e+01,6.853842e+00,-1.266030e+01,-6.670771e+00,-3.840617e+00,-3.303110e+00,-4.666689e+00,-5.212388e+00,-3.920731e+00,-3.543624e+00,-2.587031e+00,3.855277e-01,4.776199e-01,8.481653e-01,1.200603e+00,1.523089e+00,1.628663e+00,2.007923e+00,2.639127e+00,1.625958e+02,6.794644e-01,-1.894479e-02,1.019852e-01,-7.628020e-01,-1.216732e+00,-7.319819e-01,3.049225e-01,1.621332e+00,-2.270661e-01,-6.086267e-01,-1.186088e+00,-1.286761e+00,3.474287e-01,1.154594e+00,-1.856689e-01,-3.269203e-01,-1.786062e+00,-1.095446e-01,-1.351546e-01,-2.423413e-02,1.580283e-01,1.035736e-01,3.670526e-02,8.031216e-02,5.069702e-02,8.408055e-03,9.765876e-03,1.292716e-02,-8.587897e-03,-3.946626e-03,-3.644764e-03,-5.588216e-02,-2.030132e-02,0,-3.779811e-03,0,0,0,0,0,0,0,0
541,5.410000,1.108823e-01,-3.871427e+01,-1.517864e+01,-1.603649e+00,-2.371840e+01,-2.686442e+01,-7.514533e+00,5.755855e-01,1.043507e+01,-7.539024e+00,8.700500e+00,-5.655881e+00,5.845237e+00,-9.771321e+00,6.926411e+00,-1.371443e+01,-6.883671e+00,-4.074050e+00,-3.195356e+00,-4.336628e+00,-5.191713e+00,-4.066588e+00,-3.359396e+00,-2.478274e+00,4.022182e-01,4.930882e-01,8.099496e-01,1.150176e+00,1.474967e+00,1.620234e+00,1.853608e+00,2.528850e+00,1.625958e+02,6.784241e-01,-1.037912e-02,5.216789e-02,4.267722e-01,3.454363e-02,-1.023991e+00,3.082199e-02,3.461683e+00,6.957434e-01,-1.407450e+00,-2.584099e+00,-2.812019e+00,9.512667e-02,8.923434e-01,9.952550e-01,9.157362e-02,-1.317925e+00,9.359045e-02,-1.461632e-01,6.759238e-02,2.434928e-01,-3.910494e-02,-1.055450e-01,1.054668e-03,-1.262550e-02,6.668857e-03,1.109509e-02,-3.142926e-02,-3.823618e-02,-2.300725e-02,-9.541595e-03,-9.816746e-02,-6.250715e-02,0,-9.011793e-03,0,0,0,0,0,0,0,0
542,5.420000,1.005058e-01,-3.883114e+01,-1.371148e+01,-1.135411e+00,-2.486985e+01,-2.707954e+01,-4.412339e+00,2.667865e+00,7.787993e+00,-1.118484e+01,2.714911e+00,-8.681839e+00,3.899077e+00,-5.219389e+00,5.985498e+00,-1.476496e+01,-6.566604e+00,-4.310356e+00,-3.001540e+00,-4.101805e+00,-5.268312e+00,-4.218245e+00,-3.491292e+00,-2.630426e+00,4.207279e-01,5.144584e-01,7.588363e-01,1.084182e+00,1.471311e+00,1.613624e+00,1.735046e+00,2.506057e+00,1.625958e+02,6.609650e-01,1.349164e-03,-1.278377e-01,1.187796e+00,9.067507e-01,-3.855640e-01,5.529144e-01,3.585286e+00,7.495812e-01,-2.169211e+00,-3.095582e+00,-2.834700e+00,4.201093e-01,5.684507e-01,5.882810e-01,-3.776543e-01,-1.015438e+00,2.240535e-01,-1.238837e-01,2.017708e-02,2.183843e-01,-1.039509e-01,-1.816781e-01,-7.832334e-02,-8.466899e-02,1.341465e-03,1.436009e-02,-4.193493e-02,-3.487214e-02,-8.608103e-03,-3.737056e-03,-3.956445e-02,-3.777926e-02,0,-1.059754e-02,0,0,0,0,0,0,0,0
543,5.430000,1.160072e-01,-3.895963e+01,-1.143736e+01,2.506840e+00,-2.476939e+01,-2.586444e+01,-1.533109e-01,4.932947e+00,8.001872e+00,-1.438601e+01,3.247387e+00,-5.041072e+00,5.580572e+00,-6.332165e+00,5.986333e+00,-1.565296e+01,-6.217646e+00,-4.246190e+00,-3.026370e+00,-3.918366e+00,-5.621080e+00,-4.504737e+00,-3.713390e+00,-2.700718e+00,4.030455e-01,5.051710e-01,6.829345e-01,1.058442e+00,1.447703e+00,1.601568e+00,1.718058e+00,2.402173e+00,1.625958e+02,6.462955e-01,-1.266968e-03,-5.743713e-02,1.101737e+00,8.250009e-01,1.627407e-02,1.339227e+00,2.782310e+00,4.300424e-02,-2.376249e+00,-2.366734e+00,-6.652009e-01,8.731502e-01,3.587592e-02,-1.655743e+00,-4.888934e-01,-1.659017e+00,2.234556e-01,-3.161702e-02,-6.808450e-02,1.753481e-01,-5.693026e-02,-1.384907e-01,-6.287582e-02,-6.453204e-02,-8.190709e-03,1.593780e-02,-2.816660e-02,-2.544883e-02,-1.549096e-02,-3.005004e-03,6.871629e-03,-2.727232e-02,0,-9.145307e-03,0,0,0,0,0,0,0,0
544,5.440000,1.146949e-01,-3.927459e+01,-1.017694e+01,2.249416e+00,-2.304398e+01,-2.310242e+01,9.698348e-01,2.461190e+00,2.053698e+00,-1.825507e+01,1.064900e-01,-3.505377e+00,5.520754e+00,-9.557490e+00,5.435610e+00,-1.676822e+01,-5.883516e+00,-4.373966e+00,-3.286718e+00,-3.783899e+00,-5.517458e+00,-4.610046e+00,-3.758244e+00,-2.899153e+00,3.918214e-01,5.433789e-01,7.019982e-01,1.072110e+00,1.493680e+00,1.619311e+00,1.877876e+00,2.513570e+00,1.625958e+02,6.425410e-01,-9.315769e-03,-4.858055e-02,1.417398e-02,-4.622868e-01,2.140922e-02,8.666172e-01,1.279402e+00,-1.094917e+00,-2.699882e+00,-1.395906e+00,1.588954e+00,9.239775e-01,1.387195e-01,-2.192891e+00,-5.908605e-01,-1.532089e+00,5.120282e-02,7.370043e-03,-1.400660e-01,1.223821e-01,3.375607e-02,-1.479621e-02,3.034871e-02,8.131742e-04,-9.607899e-03,1.896272e-02,-6.554800e-03,-1.755345e-02,-2.292935e-02,2.049613e-03,2.772869e-02,-4.902031e-02,0,-4.742438e-03,0,0,0,0,0,0,0,0
545,5.450000,9.745289e-02,-3.877973e+01,-1.143723e+01,8.289423e-01,-2.454996e+01,-2.215684e+01,3.705933e+00,8.939443e-01,1.420976e+00,-1.583758e+01,6.678705e+00,-3.878362e+00,5.213778e+00,-1.588099e+01,4.756888e+00,-2.100788e+01,-6.107937e+00,-4.200330e+00,-3.393189e+00,-3.618840e+00,-5.351791e+00,-4.563141e+00,-3.540299e+00,-2.666570e+00,3.757179e-01,5.583169e-01,6.975356e-01,1.028968e+00,1.386328e+00,1.602365e+00,1.816551e+00,2.388731e+00,1.625958e+02,6.419096e-01,-1.187935e-02,-4.922409e-02,-1.200628e+00,-1.544264e+00,7.873153e-03,-6.539108e-01,-1.099997e+00,-1.823074e+00,-1.389605e+00,3.613918e-01,2.695133e+00,-9.875282e-01,-9.862992e-01,-8.956758e-01,-5.154265e-01,-9.826534e-01,-1.430366e-01,2.401571e-02,-1.183628e-01,-4.108391e-02,9.734859e-02,1.314599e-01,1.124153e-01,7.647815e-02,-3.361097e-03,1.061039e-02,1.175759e-02,-1.422170e-02,-2.363491e-02,2.540481e-03,-1.689755e-02,-5.952821e-02,0,-1.500779e-03,0,0,0,0,0,0,0,0
546,5.460000,6.320416e-02,-3.916400e+01,-1.364067e+01,-2.607896e+00,-2.487251e+01,-2.460025e+01,5.504767e-02,-7.872183e-01,-2.420968e+00,-1.743859e+01,8.944023e+00,-4.643307e+00,4.776071e+00,-1.140943e+01,3.645918e+00,-1.974795e+01,-6.365444e+00,-4.296436e+00,-3.518460e+00,-3.639657e+00,-5.234176e+00,-4.263024e+00,-3.426094e+00,-2.643434e+00,3.863522e-01,5.826990e-01,7.187617e-01,1.011151e+00,1.387352e+00,1.623473e+00,1.824443e+00,2.267676e+00,1.625958e+02,6.394458e-01,-4.829735e-03,-1.711472e-01,-1.549874e+00,-1.360836e+00,6.893118e-01,-1.734154e+00,-2.940009e+00,-2.334907e+00,1.504485e-01,1.168724e+00,2.124294e+00,-1.822851e+00,-8.722546e-01,1.756868e+00,3.774839e-01,7.733291e-01,-1.945878e-01,2.566051e-03,-1.123435e-01,-2.239275e-01,7.159171e-02,1.737626e-01,1.030235e-01,9.107354e-02,-1.167059e-05,-5.561667e-03,1.720491e-02,-4.371762e-03,-2.000115e-02,-1.118600e-03,-5.614678e-02,-4.818451e-02,0,-1.909059e-03,0,0,0,0,0,0,0,0
547,5.470000,8.235585e-02,-3.926105e+01,-1.570863e+01,-2.785826e+00,-2.381575e+01,-2.838508e+01,-5.195900e+00,-2.558221e+00,3.291182e+00,-1.298729e+01,1.230428e+01,-9.409748e+00,1.021418e+00,-9.884572e+00,4.304047e+00,-1.907637e+01,-6.691864e+00,-4.164876e+00,-3.502312e+00,-4.195906e+00,-5.275978e+00,-4.020949e+00,-3.317388e+00,-2.446187e+00,3.889746e-01,5.385629e-01,7.333407e-01,1.017812e+00,1.382693e+00,1.612189e+00,1.660287e+00,2.227479e+00,1.625958e+02,6.403392e-01,8.942746e-03,-2.282669e-01,-1.067794e+00,-6.851698e-01,1.946686e+00,-1.646886e+00,-3.809478e+00,-2.060170e+00,1.216372e+00,2.142794e+00,8.601303e-01,-1.521415e+00,-8.977426e-01,3.004278e+00,1.882178e+00,1.562230e+00,-1.443253e-01,-3.340864e-03,-1.000583e-01,-3.484125e-01,5.515766e-02,1.810878e-01,7.890012e-02,2.441902e-02,2.134704e-03,-1.748084e-02,3.114153e-02,2.219748e-02,1.658740e-02,4.856229e-04,-2.968513e-02,4.931634e-02,0,-2.198023e-03,0,0,0,0,0,0,0,0
548,5.480000,9.809474e-02,-3.988967e+01,-1.579061e+01,-2.747379e+00,-1.996452e+01,-2.865907e+01,-9.279296e+00,-7.487260e+00,1.870837e+00,-1.383660e+01,7.915171e+00,-9.853940e+00,3.255662e+00,-3.771359e+00,7.549450e+00,-1.386734e+01,-6.564492e+00,-4.378862e+00,-3.793874e+00,-4.615003e+00,-5.197406e+00,-4.012329e+00,-3.354582e+00,-2.553977e+00,3.851347e-01,5.254475e-01,7.701202e-01,1.055829e+00,1.395492e+00,1.608806e+00,1.675274e+00,2.353273e+00,1.625958e+02,6.337809e-01,1.247762e-02,1.980171e-02,1.183577e-01,3.084674e-01,2.438559e+00,5.304653e-01,-1.914958e+00,-2.729736e-01,1.817318e+00,2.893413e+00,3.122040e-01,-4.653922e-01,3.149827e-01,2.182265e+00,2.829312e+00,8.900172e-01,-4.359245e-03,1.305528e-02,-4.905338e-02,-2.430882e-01,7.061134e-02,9.899662e-02,2.516105e-02,-5.080865e-02,-2.406818e-03,-1.862935e-02,2.802330e-02,2.592959e-02,2.048943e-02,-4.338455e-03,-5.074835e-03,8.684106e-02,0,-1.759994e-03,0,0,0,0,0,0,0,0
549,5.490000,1.247213e-01,-3.955823e+01,-1.570123e+01,-2.527165e+00,-1.727053e+01,-2.836186e+01,-1.067428e+01,-6.056882e+00,5.356932e+00,-6.924604e+00,1.149378e+01,-8.880118e+00,1.485270e+00,-4.678634e+00,1.221601e+01,-1.613704e+01,-6.730040e+00,-4.175821e+00,-3.755774e+00,-4.873230e+00,-5.094388e+00,-3.783049e+00,-3.181555e+00,-2.589203e+00,3.870002e-01,4.995384e-01,8.275640e-01,1.117617e+00,1.465195e+00,1.612127e+00,1.742710e+00,2.592514e+00,1.625958e+02,6.337519e-01,9.166212e-03,1.931900e-01,8.984815e-01,5.153971e-01,1.466903e+00,1.943218e+00,1.125934e-01,1.941143e+00,8.426647e-01,2.057003e+00,-7.724881e-02,1.026695e+00,1.358999e+00,1.266768e+00,2.149519e+00,-7.514830e-02,6.384406e-02,1.907978e-02,3.178499e-02,-5.674744e-03,5.961056e-02,3.570678e-02,-2.909570e-02,-1.187565e-01,-1.649794e-03,-6.198096e-03,2.166485e-02,2.859138e-02,3.719769e-02,1.427472e-03,5.894374e-02,7.955692e-02,0,4.254103e-04,0,0,0,0,0,0,0,0
550,5.500000,1.044095e-01,-3.891640e+01,-1.305258e+01,-1.194889e+00,-1.595233e+01,-2.195953e+01,-6.780553e+00,-4.027554e-01,5.632748e+00,-6.002872e+00,1.091029e+01,-7.235083e+00,6.119058e+00,-3.101077e+00,1.383649e+01,-1.676753e+01,-6.368153e+00,-4.225687e+00,-3.636996e+00,-4.516436e+00,-4.971915e+00,-3.886991e+00,-3.368205e+00,-2.825969e+00,3.753053e-01,5.090645e-01,8.117666e-01,1.090897e+00,1.448548e+00,1.601812e+00,1.757857e+00,2.519363e+00,1.625958e+02,6.339394e-01,-3.191568e-04,2.668552e-01,8.563251e-01,4.802165e-01,-3.279348e-01,2.253621e+00,2.415608e+00,3.824512e+00,1.006997e+00,9.443539e-01,-6.428770e-01,1.473721e+00,1.600650e+00,2.567450e-01,4.106930e-01,-9.937391e-01,6.794977e-03,-2.637763e-02,1.268946e-01,1.983568e-01,6.084633e-03,-4.579880e-02,-5.470157e-02,-8.150434e-02,3.081047e-03,6.274515e-03,-4.032850e-05,1.459924e-02,3.682619e-02,9.509766e-03,8.584607e-02,3.630490e-02,0,3.243017e-03,0,0,0,0,0,0,0,0
551,5.510000,1.250295e-01,-3.878173e+01,-1.258523e+01,-9.850852e-01,-1.848733e+01,-2.201876e+01,-5.882305e+00,3.605244e+00,5.623550e+00,-6.619140e+00,1.042048e+01,-5.585700e+00,6.384714e+00,-3.885874e+00,1.190812e+01,-1.800201e+01,-6.470814e+00,-4.146065e+00,-3.421826e+00,-4.273563e+00,-5.090671e+00,-3.905085e+00,-3.456055e+00,-2.903974e+00,3.856404e-01,5.157639e-01,8.208418e-01,1.143235e+00,1.542153e+00,1.622823e+00,1.913714e+00,2.542218e+00,1.625958e+02,6.423870e-01,-4.212759e-03,5.543137e-02,2.452784e-01,4.037380e-03,-1.614036e+00,6.800703e-01,2.760758e+00,3.087195e+00,8.149929e-01,-1.330130e+00,-2.076991e+00,1.774943e+00,1.536312e+00,5.673643e-01,-4.261792e-01,3.760057e-01,-5.595326e-02,-1.046980e-01,1.318459e-01,2.408740e-01,-6.610417e-02,-9.178136e-02,-4.844191e-02,-8.377361e-03,9.688827e-03,1.419550e-02,-1.637030e-02,4.252279e-03,1.651239e-02,1.341141e-02,7.428579e-02,-3.389616e-02,0,4.122031e-03,0,0,0,0,0,0,0,0
552,5.520000,9.634486e-02,-3.894364e+01,-1.306698e+01,-1.117336e+00,-2.099580e+01,-2.056252e+01,4.027564e-01,6.804239e+00,6.772513e+00,-9.267559e+00,5.237438e+00,-4.132547e+00,8.809188e+00,-2.884014e+00,9.756862e+00,-1.790354e+01,-6.660130e+00,-4.525629e+00,-3.326375e+00,-3.923053e+00,-5.168841e+00,-4.180305e+00,-3.490840e+00,-2.804114e+00,4.012198e-01,5.487074e-01,7.732797e-01,1.116016e+00,1.541144e+00,1.651006e+00,2.019002e+00,2.559946e+00,1.625958e+02,6.456785e-01,-4.637203e-03,-1.569290e-02,-2.607247e-01,-1.331670e-02,-2.026454e+00,-1.068870e+00,2.185948e+00,1.612780e+00,1.360558e+00,-1.601809e+00,-1.861542e+00,1.660869e+00,4.539021e-01,-7.352436e-01,-4.702339e-02,1.616910e+00,-8.924546e-02,-6.603737e-02,1.243604e-01,1.643786e-01,-1.254060e-01,-1.074094e-01,1.511886e-02,8.135328e-02,1.137585e-02,7.798857e-03,-2.499461e-02,-9.379041e-03,1.111746e-03,9.343028e-03,3.610479e-02,-4.167395e-02,0,1.486558e-03,0,0,0,0,0,0,0,0
553,5.530000,1.076899e-01,-3.926745e+01,-1.446764e+01,-2.545754e+00,-2.281898e+01,-2.566001e+01,-4.621456e-01,5.775595e+00,8.862014e+00,-1.194291e+01,3.945255e+00,-1.556673e+00,7.821767e+00,-1.950344e+00,1.212493e+01,-1.368900e+01,-6.863818e+00,-4.549341e+00,-3.251856e+00,-3.965552e+00,-5.326445e+00,-4.095299e+00,-3.362447e+00,-2.642018e+00,4.224871e-01,5.506945e-01,7.649560e-01,1.126319e+00,1.501459e+00,1.654587e+00,1.983566e+00,2.402742e+00,1.625958e+02,6.484926e-01,-2.427118e-03,1.782341e-02,-8.024617e-02,2.015744e-01,-1.350000e+00,-1.771989e+00,1.074883e+00,-1.730749e-01,7.128993e-01,-1.568452e+00,-1.381174e+00,2.592235e-01,-1.756387e-01,-1.157275e+00,1.011807e+00,3.215218e+00,5.839210e-02,-8.016872e-03,9.384868e-02,5.735986e-02,-1.154454e-01,-1.099956e-01,3.978417e-02,8.681560e-02,5.775252e-03,-1.490045e-03,-2.530294e-02,-2.175044e-02,-2.569764e-02,-7.391071e-03,-2.646264e-02,-5.018757e-02,0,-7.893669e-03,0,0,0,0,0,0,0,0
554,5.540000,8.989333e-02,-3.875201e+01,-1.341500e+01,-4.811382e-01,-2.391878e+01,-2.548326e+01,1.439107e+00,6.575970e+00,1.081630e+01,-1.135003e+01,4.840197e+00,-9.452501e-01,7.670042e+00,-7.745060e+00,1.349297e+01,-1.083948e+01,-6.617878e+00,-4.354236e+00,-3.100180e+00,-3.848549e+00,-5.481058e+00,-4.328931e+00,-3.339415e+00,-2.550181e+00,4.137612e-01,5.305935e-01,7.147365e-01,1.052460e+00,1.474454e+00,1.632646e+00,1.903455e+00,2.380732e+00,1.625958e+02,6.383194e-01,8.876855e-03,5.069336e-01,1.807867e-01,-1.296991e-01,-2.676991e-01,-9.071016e-01,-1.235812e+00,-1.793668e+00,-4.654036e-01,5.397730e-02,-4.830703e-01,-2.581124e-01,-8.115228e-01,-2.331832e+00,5.864264e-01,4.124908e+00,2.005255e-01,1.433510e-01,7.069006e-02,2.387989e-02,7.513647e-02,2.176857e-02,8.393574e-02,5.882213e-02,-1.188359e-03,-1.199241e-02,-3.133261e-03,-1.662005e-02,-1.910418e-02,-1.466117e-02,-4.319064e-02,6.212902e-03,0,-5.527359e-02,0,0,0,0,0,0,0,0
555,5.550000,1.161197e-01,-3.878843e+01,-1.281245e+01,-2.953121e-01,-2.377584e+01,-2.841833e+01,-1.026067e+00,2.854004e+00,7.166151e+00,-1.342016e+01,3.713231e+00,-5.883231e+00,6.076093e+00,-7.241728e+00,1.509910e+01,-5.457953e+00,-6.199979e+00,-4.271846e+00,-3.065680e+00,-4.024016e+00,-5.511790e+00,-4.380750e+00,-3.332846e+00,-2.596862e+00,4.082459e-01,5.173706e-01,7.235987e-01,1.066261e+00,1.447010e+00,1.595048e+00,1.839174e+00,2.380888e+00,1.625958e+02,6.065981e-01,1.627042e-02,1.497852e+00,5.686178e-02,-1.530813e+00,1.355818e+00,1.553425e+00,-3.584612e+00,-2.686547e+00,-7.795258e-01,1.773537e+00,-5.289036e-01,7.974997e-01,-3.395902e-01,-2.161137e+00,-4.412411e-01,5.444541e+00,2.917479e-01,2.372778e-01,8.541282e-02,1.219495e-01,5.016127e-01,3.617817e-01,1.673695e-01,7.736721e-02,-4.170191e-03,-5.960536e-03,2.882928e-02,6.581068e-03,-1.273096e-02,-1.840590e-02,-1.383944e-02,6.371973e-02,1.458554e+00,-7.036930e-02,0,0,0,0,1.667393e+01,0,0,0
556,5.560000,1.365142e-01,-3.664848e+01,-1.299064e+01,-2.891053e+00,-2.185586e+01,-2.371886e+01,-5.494344e+00,-7.033071e-01,5.293427e+00,-8.259046e+00,2.938099e+00,-3.259830e+00,5.624411e+00,-1.189748e+01,1.120191e+01,-1.394526e+00,-5.989422e+00,-3.947621e+00,-3.066012e+00,-3.774421e+00,-4.700487e+00,-3.928737e+00,-3.085961e+00,-2.532581e+00,4.023986e-01,5.054072e-01,7.782920e-01,1.062945e+00,1.472847e+00,1.607470e+00,1.875245e+00,2.601938e+00,1.625958e+02,3.902577e-01,2.256958e-02,2.234547e+00,-3.910957e-01,-2.675567e+00,3.190487e+00,3.747820e+00,-6.155835e+00,-2.828016e+00,2.174435e-01,2.372933e+00,-4.255091e-01,2.712441e+00,-3.048883e-01,-2.508260e+00,-2.334912e+00,5.286685e+00,2.736086e-01,2.894591e-01,4.784928e-02,1.580892e-01,8.553649e-01,7.230293e-01,2.269527e-01,1.174796e-01,-4.429865e-03,-9.190381e-04,5.832548e-02,3.897849e-02,-1.632893e-02,-2.087572e-02,-1.238023e-02,4.635804e-02,4.695570e+00,-4.502908e-02,0,0,0,0,4.150593e+01,0,0,0
557,5.570000,1.657315e-01,-3.282996e+01,-1.439552e+01,-8.994864e+00,-1.707134e+01,-1.877508e+01,-1.491848e+01,-4.017499e+00,7.725824e+00,-4.620719e+00,2.251786e+00,3.588116e+00,7.146632e+00,-1.067982e+01,1.106426e+01,8.811230e+00,-5.719306e+00,-3.566259e+00,-2.841875e+00,-3.392868e+00,-3.208667e+00,-2.486487e+00,-2.652326e+00,-2.263982e+00,4.073174e-01,5.334849e-01,8.773246e-01,1.153982e+00,1.438608e+00,1.575145e+00,1.928474e+00,2.610738e+00,1.698886e+02,4.206769e-01,8.263201e-03,3.168354e+00,5.181648e-01,-1.613023e+00,3.722501e+00,4.422034e+00,-7.250329e+00,-1.549110e+00,2.676640e-01,2.514928e+00,1.402209e-01,4.163046e+00,-2.471280e-02,-1.970181e+00,-3.387585e+00,2.460417e+00,4.788927e-01,5.662032e-01,1.903027e-01,2.549799e-01,9.173118e-01,8.435747e-01,2.648108e-01,1.439314e-01,-1.133874e-02,2.095193e-03,5.356656e-02,5.834417e-02,-3.604007e-03,-3.310978e-03,2.275456e-02,2.664115e-02,9.201433e+00,4.804137e-02,8.336964e+01,0,0,0,6.607791e+01,0,0,1.148403e-02
558,5.580000,1.779353e-01,-3.055851e+01,-1.457895e+01,-9.509199e+00,-1.131859e+01,-1.156578e+01,-2.239386e+01,-4.128357e+00,1.162368e+01,-3.885092e+00,3.443374e+00,7.881284e+00,5.610331e+00,-1.856732e+01,3.835834e+00,8.459350e+00,-5.490171e+00,-3.259734e+00,-2.972836e+00,-3.373677e+00,-2.355795e+00,-1.660916e+00,-2.544911e+00,-2.129223e+00,3.920762e-01,5.179412e-01,9.295009e-01,1.203492e+00,1.397010e+00,1.538218e+00,1.796904e+00,2.497597e+00,1.824273e+02,5.061346e-01,-1.379687e-02,3.650796e+00,2.591169e+00,7.504012e-01,2.785761e+00,2.139235e+00,-6.947895e+00,-8.264478e-02,-1.460783e+00,1.291387e+00,1.392995e+00,3.000743e+00,-3.021166e-01,3.523934e-01,-3.188803e+00,-2.146205e+00,8.775660e-01,9.789469e-01,4.473746e-01,3.065949e-01,6.152974e-01,6.470224e-01,2.464788e-01,8.483486e-02,-2.264348e-02,-1.422161e-02,1.012344e-02,4.969052e-02,3.454304e-03,8.702302e-03,3.545463e-02,-9.277225e-03,1.241042e+01,1.263763e-01,1.658448e+02,0,0,0,6.539626e+01,6.252815e-03,5.617197e-03,4.373157e-02
559,5.590000,1.367251e-01,-2.599165e+01,-9.427476e+00,-5.051354e+00,-1.043197e+01,-1.238471e+01,-2.882796e+01,-3.179019e+00,5.339342e+00,-3.032501e+00,4.161698e+00,9.361442e+00,5.959569e+00,-1.375771e+01,1.844216e+00,1.917193e+00,-4.055141e+00,-1.784773e+00,-2.160755e+00,-2.949488e+00,-2.097576e+00,-1.296787e+00,-2.279318e+00,-2.078884e+00,3.567134e-01,5.215796e-01,9.158271e-01,1.287708e+00,1.466909e+00,1.613119e+00,1.992118e+00,2.566264e+00,1.986873e+02,7.888665e-01,5.112130e-02,4.432858e+00,4.888557e+00,2.432218e+00,6.465121e-02,2.451305e-02,-6.451790e+00,9.462522e-01,-3.885461e+00,1.747870e+00,2.328159e+00,1.926138e+00,-4.273067e-01,3.228737e+00,-2.148201e+00,-5.924144e+00,1.333889e+00,1.494277e+00,8.162716e-01,5.019996e-01,3.670223e-01,3.922635e-01,2.424199e-01,1.244540e-02,-3.207621e-02,-3.669796e-02,-3.876935e-02,1.104579e-02,2.034572e-02,2.509977e-02,6.225557e-02,2.286506e-02,1.246351e+01,1.202258e-01,2.474672e+02,0,0,5.742012e-02,3.972210e+01,9.852266e-03,8.700385e-03,5.915713e-02
560,5.600000,8.203308e-02,-2.181365e+01,-2.518819e+00,-1.110802e+00,-1.124674e+01,-1.621788e+01,-3.327908e+01,-1.535771e+00,-8.172451e-01,-2.596220e+00,8.948117e+00,8.857223e+00,4.707359e+00,-8.596565e+00,-1.320881e-01,-8.678533e+00,-2.433675e+00,5.636994e-02,-1.169699e+00,-2.463136e+00,-2.179545e+00,-1.288475e+00,-2.040072e+00,-2.200955e+00,3.144832e-01,4.402518e-01,8.096580e-01,1.244534e+00,1.475968e+00,1.631994e+00,2.020696e+00,2.577788e+00,2.102486e+02,8.380442e-01,1.761576e-01,4.779850e+00,5.214398e+00,1.509053e+00,-2.155566e+00,-1.009366e+00,-6.317300e+00,1.271884e+00,-4.094896e+00,2.159468e+00,2.568568e+00,1.741622e+00,-6.499876e-01,5.664474e+00,-3.070460e-01,-5.403900e+00,1.461105e+00,1.631874e+00,1.021474e+00,6.733572e-01,3.638127e-01,3.881974e-01,2.691649e-01,9.690762e-03,-2.828060e-02,-4.743962e-02,-5.793790e-02,-2.659737e-02,1.183345e-02,4.441309e-03,5.611543e-02,4.766636e-02,1.023513e+01,7.746959e-02,2.449325e+02,3.126408e-02,2.808598e-02,1.899478e-01,1.438972e+01,1.079411e-02,9.341151e-03,4.466977e-02
561,5.610000,4.692892e-01,-1.503809e+01,4.017207e+00,-1.032973e+00,-1.678401e+01,-1.632647e+01,-4.173482e+01,-5.825313e-01,-5.481016e+00,3.474196e+00,1.114021e+01,1.273084e+01,5.461584e+00,4.784935e-01,2.307212e+00,-1.224055e+01,-5.781078e-01,2.247073e+00,3.379143e-01,-1.338140e+00,-1.461680e+00,-7.113905e-01,-1.692646e+00,-2.165889e+00,2.857328e-01,3.888398e-01,7.433993e-01,1.188690e+00,1.500857e+00,1.653756e+00,2.127856e+00,2.684967e+00,2.182955e+02,8.558511e-01,3.033211e-01,4.009958e+00,3.358416e+00,-2.799360e-01,-3.101355e+00,1.983338e-01,-5.986295e+00,1.300280e+00,-1.880036e+00,2.576692e+00,9.687573e-01,2.200770e+00,-1.877901e+00,4.739671e+00,6.879081e-01,-2.542152e+00,1.107357e+00,1.211808e+00,8.714902e-01,6.406199e-01,4.478085e-01,4.596243e-01,1.999801e-01,5.138426e-02,-1.526424e-02,-4.246077e-02,-4.017508e-02,-4.417270e-02,-6.024468e-03,-2.465534e-02,4.056788e-03,3.349016e-02,7.112657e+00,1.642301e-02,2.424363e+02,3.362929e-02,2.945893e-02,2.008117e-01,-2.254758e+00,3.069322e-03,1.777315e-03,-7.817080e-03
562,5.620000,8.924413e-01,-1.213603e+01,4.770695e+00,-3.973125e+00,-1.892040e+01,-1.464173e+01,-4.752693e+01,9.328189e-01,-3.440617e+00,3.658901e+00,1.279696e+01,1.490470e+01,2.609386e+00,2.636954e+00,2.069106e+00,-1.148128e+01,7.683530e-02,2.883711e+00,8.851998e-01,-8.125648e-01,-8.546793e-01,-1.262722e-02,-1.492422e+00,-2.037267e+00,2.861635e-01,3.471130e-01,7.260253e-01,1.120014e+00,1.439203e+00,1.540106e+00,2.009612e+00,2.676577e+00,2.237988e+02,8.599903e-01,2.393885e-01,2.766004e+00,1.048619e+00,-1.499629e+00,-2.618093e+00,1.335173e+00,-5.003670e+00,1.387307e+00,3.988097e-01,2.401860e+00,-1.344861e+00,2.054535e+00,-2.979720e+00,3.103139e+00,1.409648e+00,5.784236e-01,5.927970e-01,5.788664e-01,5.910730e-01,4.771498e-01,4.744688e-01,5.174934e-01,1.261780e-01,9.333594e-02,-2.326545e-03,-1.644192e-02,-8.676398e-03,-3.772987e-02,-1.616525e-02,-3.571587e-02,-3.476424e-02,-2.889078e-02,4.826895e+00,4.868877e-03,2.403088e+02,3.715590e-02,3.197629e-02,1.516530e-01,-2.030396e+00,-6.235997e-03,-5.981201e-03,-4.613959e-02
563,5.630000,1.248127e+00,-1.078067e+01,3.719846e+00,-5.019873e+00,-2.210192e+01,-1.218111e+01,-5.163551e+01,2.088085e+00,-2.749153e+00,6.723398e+00,7.081063e+00,1.734155e+01,-2.380952e+00,4.323877e+00,4.183159e+00,-9.392196e+00,2.263871e-01,2.860595e+00,1.169246e+00,-5.716751e-01,-5.209666e-01,3.634102e-01,-1.553242e+00,-1.903807e+00,2.945521e-01,3.558452e-01,7.567680e-01,1.129104e+00,1.455169e+00,1.535786e+00,2.017944e+00,2.684320e+00,2.274754e+02,8.600085e-01,7.861180e-02,1.194874e+00,-5.970930e-01,-1.460432e+00,-1.251596e+00,1.571039e+00,-3.147366e+00,1.339708e+00,2.392958e+00,1.556784e+00,-2.667935e+00,4.497232e-01,-3.269234e+00,1.026807e+00,1.500614e+00,2.219549e+00,1.023654e-01,-7.740021e-04,2.818242e-01,2.021330e-01,3.394693e-01,4.008223e-01,2.909981e-02,9.256268e-02,5.841243e-03,2.709845e-03,5.926931e-03,-2.128141e-02,-2.154986e-02,-3.428166e-02,-6.756083e-02,-7.527733e-02,3.144196e+00,1.195610e-03,2.385052e+02,1.240070e-02,6.941425e-03,3.748210e-02,-1.903923e+00,-7.380001e-03,-6.472032e-03,-3.790973e-02
564,5.640000,8.895571e-01,-1.011234e+01,2.872954e+00,-6.615497e+00,-2.167825e+01,-1.161469e+01,-5.334709e+01,4.065454e+00,-1.891279e-01,7.788480e+00,4.253384e+00,1.682454e+01,-6.269971e+00,4.996437e+00,5.978179e+00,-7.210590e+00,1.280629e-01,2.643941e+00,1.370000e+00,-4.606200e-01,-2.775578e-01,7.615914e-01,-1.478884e+00,-1.865316e+00,2.984408e-01,3.745395e-01,7.595916e-01,1.085678e+00,1.417986e+00,1.512400e+00,1.901831e+00,2.433658e+00,2.297931e+02,8.603099e-01,-8.526653e-02,3.528785e-01,-7.892601e-01,-1.151623e+00,-3.486713e-01,1.328369e+00,-1.800143e+00,9.286684e-01,3.410088e+00,1.184624e+00,-3.041280e+00,-1.452386e+00,-1.977257e+00,-4.045787e-01,1.540846e+00,2.417817e+00,-1.236227e-01,-2.104378e-01,1.744869e-01,4.615565e-02,2.506565e-01,2.506143e-01,-2.787497e-02,4.211532e-02,8.629468e-03,1.418564e-02,9.526456e-03,-2.102554e-03,-1.574389e-02,-1.504555e-02,-5.839416e-02,-7.654779e-02,1.875867e+00,4.394650e-04,2.367461e+02,1.069839e-02,9.438735e-03,4.091464e-02,-1.929102e+00,-6.467701e-03,-4.734849e-03,-1.301492e-02
565,5.650000,8.637903e-01,-1.007557e+01,1.980612e+00,-7.013947e+00,-2.166306e+01,-9.984791e+00,-5.456157e+01,4.549692e+00,4.858032e+00,9.193328e+00,2.072318e+00,1.401953e+01,-6.444906e+00,4.432786e+00,7.855747e+00,-3.278145e+00,-9.189460e-02,2.363088e+00,1.504635e+00,-5.034480e-01,-5.289462e-02,9.056117e-01,-1.553916e+00,-1.789050e+00,3.088004e-01,3.886758e-01,7.562508e-01,1.099451e+00,1.403716e+00,1.496201e+00,1.843942e+00,2.430040e+00,2.310193e+02,8.616694e-01,-1.338882e-01,-2.074702e-01,-6.379377e-01,-1.222846e+00,2.150673e-01,6.982474e-01,-6.143028e-01,-5.119835e-01,4.042289e+00,6.617341e-02,-2.620328e+00,-3.678645e+00,2.175677e-01,-2.647501e+00,4.056005e-01,2.050668e+00,-2.192493e-01,-2.523781e-01,1.164025e-01,-5.680773e-02,2.206101e-01,1.135793e-01,-4.939867e-02,1.201341e-02,1.187681e-02,1.559389e-02,1.164402e-02,1.920891e-02,-1.574451e-02,-7.045197e-03,-9.000039e-03,-2.071977e-03,8.930100e-01,-7.973969e-04,2.346980e+02,9.958039e-03,8.367549e-03,6.663229e-02,-2.055577e+00,-1.207531e-03,-7.874235e-04,7.659295e-03
566,5.660000,6.582767e-01,-1.072419e+01,1.694012e+00,-8.734203e+00,-2.088318e+01,-9.098046e+00,-5.506461e+01,4.345357e+00,9.806233e+00,8.347056e+00,9.493414e-02,9.303776e+00,-5.244923e+00,5.596064e-01,7.937044e+00,-2.449218e+00,-3.821374e-01,2.080276e+00,1.589940e+00,-6.159001e-01,1.645673e-01,9.693435e-01,-1.631460e+00,-1.884068e+00,3.221867e-01,4.016259e-01,7.739162e-01,1.124328e+00,1.386210e+00,1.484671e+00,1.804642e+00,2.420978e+00,2.314062e+02,8.613572e-01,-5.989823e-02,-6.765283e-01,-2.983067e-01,-1.078026e+00,-1.286297e-01,4.691194e-01,2.569557e-01,-2.530323e+00,3.078285e+00,-4.954560e-01,-3.059192e+00,-5.278802e+00,1.931192e+00,-4.749024e+00,-1.406931e+00,5.821280e-01,-2.241486e-01,-2.276825e-01,5.851780e-02,-1.275569e-01,1.815859e-01,-6.465132e-02,-1.126798e-01,-1.745038e-02,1.378555e-02,1.256171e-02,1.911923e-02,3.747050e-02,-1.401403e-02,1.991487e-03,5.904127e-02,7.304230e-02,8.346405e-02,-3.385472e-03,2.325669e+02,6.038724e-03,7.588979e-03,7.200334e-02,-2.345181e+00,-8.791516e-04,-1.422798e-03,-2.409967e-03
567,5.670000,6.943254e-01,-1.151209e+01,1.119629e+00,-1.007475e+01,-2.142412e+01,-9.948199e+00,-5.384826e+01,-6.117840e-01,1.246461e+01,6.774977e+00,-3.941355e+00,2.708708e+00,-1.805637e+00,-6.695216e+00,5.231729e+00,-1.519545e+00,-6.147591e-01,1.880537e+00,1.641289e+00,-7.780737e-01,3.610212e-01,8.274307e-01,-1.723947e+00,-1.834364e+00,3.420632e-01,4.202714e-01,8.078259e-01,1.205823e+00,1.392334e+00,1.514425e+00,2.021538e+00,2.680300e+00,2.311339e+02,8.554979e-01,-5.333332e-02,-1.183936e+00,1.085194e-01,-7.596943e-01,-5.329124e-01,5.951872e-02,1.817684e+00,-5.212856e+00,6.878206e-01,-4.529496e-01,-3.086640e+00,-7.309215e+00,2.457793e+00,-5.266358e+00,-3.648491e+00,-1.411107e+00,-1.942260e-01,-2.129440e-01,-4.196389e-02,-1.735226e-01,1.115076e-01,-2.796433e-01,-1.648287e-01,-4.900817e-02,1.157514e-02,7.677099e-03,1.715066e-02,2.542144e-02,-2.848382e-02,5.444527e-03,6.735963e-02,6.740682e-02,-5.814301e-01,-5.872470e-03,2.303169e+02,8.692875e-03,3.929186e-03,6.023422e-02,-2.576096e+00,-6.137445e-04,-8.703869e-04,1.832221e-04
568,5.680000,6.747983e-01,-1.277672e+01,1.811912e+00,-1.047522e+01,-2.244087e+01,-9.287392e+00,-5.241896e+01,-6.005423e+00,1.139901e+01,6.520376e+00,-8.035739e+00,-3.914055e+00,1.066352e+00,-1.318468e+01,2.555348e-01,-5.179250e+00,-7.312478e-01,1.746804e+00,1.594262e+00,-9.610915e-01,4.234139e-01,4.774253e-01,-1.957268e+00,-1.929912e+00,3.507372e-01,4.215502e-01,8.294002e-01,1.219844e+00,1.353607e+00,1.513246e+00,2.108240e+00,2.673739e+00,2.301531e+02,8.464683e-01,-4.467034e-03,-1.932357e+00,4.204944e-01,5.103772e-01,-4.572729e-01,5.385866e-01,4.494860e+00,-7.352441e+00,-2.386828e+00,1.315147e-01,-1.576017e+00,-8.398100e+00,1.582783e+00,-3.510690e+00,-4.246833e+00,-3.236172e+00,-1.815782e-01,-3.084398e-01,-2.763575e-01,-2.279854e-01,-6.026374e-02,-6.000203e-01,-2.480987e-01,-6.788808e-02,2.435428e-03,-1.654637e-03,1.004349e-02,-4.667985e-03,-4.823127e-02,2.263498e-03,9.910298e-03,2.779477e-02,-1.057561e+00,-7.719201e-03,2.272107e+02,6.935213e-03,4.543924e-03,3.206384e-02,-2.485953e+00,1.262297e-03,1.764123e-03,1.979678e-02
569,5.690000,5.888629e-01,-1.496898e+01,2.464259e+00,-9.941908e+00,-2.354878e+01,-9.592525e+00,-4.679597e+01,-1.633920e+01,7.500746e+00,7.841920e+00,-9.295547e+00,-1.591763e+01,2.688422e+00,-1.502686e+01,-6.545952e+00,-8.968664e+00,-8.884695e-01,1.465104e+00,1.292655e+00,-1.198465e+00,3.752200e-01,-2.466456e-01,-2.215156e+00,-2.011170e+00,3.524008e-01,4.170991e-01,8.142621e-01,1.178800e+00,1.277599e+00,1.509137e+00,2.028941e+00,2.640694e+00,2.287387e+02,8.397515e-01,-4.391913e-02,-2.695784e+00,7.756685e-01,1.756693e+00,-1.283781e-01,6.228260e-01,8.158056e+00,-7.042174e+00,-4.708320e+00,3.454701e-01,1.168470e+00,-7.522201e+00,-7.763615e-01,-8.508368e-01,-2.364866e+00,-3.796953e+00,-2.155813e-01,-4.624248e-01,-5.024440e-01,-2.372184e-01,-3.099252e-01,-9.095384e-01,-3.177686e-01,-1.295088e-01,-8.161495e-03,-7.022440e-03,-9.150660e-03,-4.871831e-02,-6.878958e-02,-4.062223e-03,-9.097811e-02,-7.736027e-02,-1.259946e+00,-7.875311e-03,2.244957e+02,6.441072e-03,5.538141e-03,8.751816e-02,-1.867076e+00,1.644121e-03,4.853013e-03,4.207975e-02
570,5.700000,6.886728e-01,-1.865753e+01,3.124169e+00,-6.248739e+00,-2.210722e+01,-6.582951e+00,-3.611646e+01,-2.455314e+01,3.540236e-01,8.471158e+00,-5.108053e+00,-2.337356e+01,4.219610e-01,-1.282802e+01,-7.408281e+00,-1.490552e+01,-1.153173e+00,7.457930e-01,3.824696e-01,-1.545632e+00,-1.438508e-01,-1.493720e+00,-2.626349e+00,-2.135106e+00,3.291950e-01,3.949389e-01,8.209155e-01,1.114500e+00,1.202422e+00,1.498633e+00,1.850492e+00,2.579755e+00,2.273160e+02,8.306344e-01,-2.999570e-02,-3.001255e+00,9.063094e-01,2.807344e+00,7.222444e-01,5.804604e-01,1.054320e+01,-4.435255e+00,-5.177464e+00,-4.704256e-01,3.384122e+00,-3.914847e+00,-2.802346e+00,9.205009e-01,1.501011e+00,-2.041626e+00,-2.315453e-01,-5.742717e-01,-6.538883e-01,-2.186846e-01,-5.602241e-01,-1.033696e+00,-3.259497e-01,-1.679233e-01,-1.732027e-02,-4.804894e-03,-2.114313e-02,-6.810383e-02,-5.848027e-02,-3.572500e-03,-1.212500e-01,-9.533279e-02,-1.196751e+00,-7.114792e-03,2.230478e+02,1.347611e-02,1.560512e-02,1.573453e-01,-1.007184e+00,2.132596e-03,5.538898e-03,4.111335e-02
571,5.710000,4.677925e-01,-2.205061e+01,4.341844e+00,-3.404528e+00,-2.223284e+01,-8.186290e+00,-2.120923e+01,-2.654880e+01,-5.554493e+00,7.526936e+00,4.371506e-01,-2.517254e+01,-5.365249e+00,-1.112773e+01,-2.760693e+00,-1.564118e+01,-1.481703e+00,6.891861e-02,-2.650348e-01,-1.671896e+00,-9.049726e-01,-2.734689e+00,-2.978250e+00,-2.379311e+00,3.120268e-01,3.984649e-01,7.663149e-01,1.014904e+00,1.123979e+00,1.501420e+00,1.695521e+00,2.340491e+00,2.262527e+02,8.240383e-01,-3.538154e-02,-2.729377e+00,1.068864e+00,3.540878e+00,1.391441e+00,-8.449478e-02,1.009330e+01,-2.595772e-01,-4.344527e+00,-2.044014e+00,3.689205e+00,1.087359e+00,-3.391916e+00,1.156664e+00,4.227408e+00,4.317288e-01,-1.669743e-01,-5.119225e-01,-6.367540e-01,-2.142605e-01,-7.621084e-01,-9.139891e-01,-2.857791e-01,-1.995685e-01,-2.249587e-02,-3.764892e-03,-2.831299e-02,-6.734714e-02,-2.203679e-02,1.870775e-03,-7.886791e-02,-7.115488e-02,-1.012874e+00,-5.917096e-03,2.230630e+02,1.364303e-02,2.266365e-02,2.079923e-01,-4.612656e-01,-7.265471e-05,2.811654e-03,9.947328e-03
572,5.720000,5.853550e-01,-2.424219e+01,5.404667e+00,2.928085e-01,-1.948763e+01,-7.088207e+00,-1.249635e+01,-2.307689e+01,-7.960688e+00,4.325740e+00,4.018521e+00,-1.886083e+01,-8.918540e+00,-1.053174e+01,5.867962e+00,-1.205112e+01,-1.592358e+00,-4.264618e-01,-8.963345e-01,-1.817800e+00,-1.737610e+00,-3.447032e+00,-3.205469e+00,-2.585458e+00,2.843228e-01,4.068429e-01,7.476582e-01,9.612730e-01,1.138016e+00,1.499241e+00,1.668700e+00,2.347177e+00,2.254124e+02,8.187509e-01,-6.546824e-02,-2.102837e+00,8.319400e-01,3.886670e+00,2.187372e+00,-5.944853e-01,5.938828e+00,2.073741e+00,-2.466802e+00,-3.954029e+00,1.796707e+00,4.038821e+00,-1.768287e+00,8.049169e-01,3.995361e+00,1.747676e+00,-3.568589e-02,-3.150294e-01,-5.612634e-01,-3.067346e-01,-8.100020e-01,-5.780532e-01,-2.242389e-01,-1.785152e-01,-2.317309e-02,-5.910394e-03,-2.454931e-02,-3.478059e-02,3.327154e-02,1.487923e-02,1.684457e-02,2.008252e-02,-8.575333e-01,-4.586386e-03,2.228911e+02,1.399721e-02,2.367566e-02,1.773936e-01,-3.914978e-01,-1.779103e-03,-2.334416e-03,-2.121224e-02
573,5.730000,4.636141e-01,-2.582354e+01,6.668333e+00,4.491709e+00,-1.790137e+01,-9.762370e+00,-8.139533e+00,-1.837521e+01,-1.006454e+01,-3.054374e-01,4.587192e+00,-1.273719e+01,-9.600909e+00,-1.039168e+01,7.952966e+00,-8.237217e+00,-1.503749e+00,-5.083806e-01,-1.251713e+00,-2.133684e+00,-2.638442e+00,-3.839935e+00,-3.354491e+00,-2.783836e+00,2.623576e-01,3.923226e-01,7.093258e-01,9.186781e-01,1.199618e+00,1.518186e+00,1.725498e+00,2.401209e+00,2.246262e+02,8.161077e-01,-3.389852e-02,-1.628952e+00,3.139392e-01,4.372671e+00,3.129320e+00,-8.387820e-01,1.183702e+00,2.354362e+00,-1.523391e+00,-5.329123e+00,1.806297e-01,4.578248e+00,1.035455e+00,1.950775e-01,1.145978e+00,9.957916e-01,8.204053e-02,-1.243450e-01,-5.320924e-01,-4.650452e-01,-7.892528e-01,-2.873822e-01,-1.557184e-01,-1.111456e-01,-2.236021e-02,-1.583097e-02,-9.855879e-03,1.026599e-02,7.854344e-02,3.392737e-02,1.030377e-01,9.967349e-02,-8.228577e-01,-5.002522e-03,2.222677e+02,5.817248e-03,1.556114e-02,1.272307e-01,-7.188233e-01,-1.984048e-03,-4.742894e-03,-4.038412e-02
574,5.740000,3.634209e-01,-2.728525e+01,6.120625e+00,9.236493e+00,-1.333609e+01,-8.767337e+00,-1.295717e+01,-1.827123e+01,-9.724964e+00,-7.382799e+00,1.800461e+00,-9.397126e+00,-6.301645e+00,-9.171466e+00,7.211694e+00,-9.869114e+00,-1.320580e+00,-5.407046e-01,-1.930508e+00,-2.848410e+00,-3.327126e+00,-3.831363e+00,-3.559422e+00,-2.825419e+00,2.381642e-01,3.684580e-01,7.266635e-01,9.887097e-01,1.330960e+00,1.564646e+00,1.919726e+00,2.649809e+00,2.238416e+02,8.116677e-01,-3.751848e-02,-1.399640e+00,-3.479720e-01,4.216638e+00,3.455888e+00,-2.004949e+00,-1.781756e+00,1.342650e+00,-1.140643e+00,-5.554796e+00,-9.729109e-01,3.013119e+00,2.399226e+00,-6.491294e-01,-1.617874e+00,-5.007615e-01,1.038996e-01,-2.679664e-02,-4.728523e-01,-5.804279e-01,-7.121442e-01,-1.123706e-01,-7.285032e-02,-3.947327e-02,-1.577410e-02,-2.044814e-02,-1.064653e-02,4.269812e-02,8.784592e-02,4.073924e-02,1.265828e-01,9.447465e-02,-9.585068e-01,-8.713722e-03,2.214880e+02,8.493485e-03,7.484294e-03,9.166491e-02,-1.365445e+00,-1.800161e-03,-4.597348e-03,-3.251527e-02
575,5.750000,4.092669e-01,-2.867383e+01,5.553561e+00,1.398698e+01,-9.662005e+00,-1.154064e+01,-1.506032e+01,-1.717982e+01,-1.228931e+01,-1.326441e+01,2.449329e+00,-7.013157e+00,-1.496420e+00,-1.083248e+01,2.297330e+00,-1.175322e+01,-1.207389e+00,-4.956852e-01,-2.408410e+00,-3.481816e+00,-4.056479e+00,-3.979434e+00,-3.579865e+00,-2.815058e+00,2.233051e-01,3.385025e-01,7.275329e-01,1.052516e+00,1.420224e+00,1.638355e+00,2.085197e+00,2.687542e+00,2.229238e+02,8.025672e-01,-1.089140e-02,-1.350136e+00,-9.443499e-01,3.293825e+00,3.093920e+00,-2.198035e+00,-1.454589e+00,-6.973267e-02,-1.458898e+00,-4.328766e+00,-1.756676e+00,1.351196e+00,1.965277e+00,-1.641095e+00,-2.297188e+00,-1.601116e+00,2.886372e-02,-9.990364e-02,-4.405659e-01,-5.299753e-01,-5.604730e-01,-1.036053e-01,1.148708e-02,1.001296e-02,-9.794372e-03,-1.932341e-02,-1.521338e-02,4.223088e-02,4.952801e-02,2.884755e-02,6.158501e-02,1.137254e-02,-3.088411e+00,-1.509557e-02,2.201705e+02,6.474653e-03,7.044864e-03,4.893596e-02,-9.478145e+00,3.244735e-02,3.121315e-02,-1.457661e-04
576,5.760000,4.249361e-01,-2.981524e+01,4.222193e+00,1.662836e+01,-6.327870e+00,-1.622382e+01,-1.794474e+01,-1.696134e+01,-1.255152e+01,-1.696876e+01,2.228982e-01,-6.657253e+00,-9.746559e-01,-1.355699e+01,6.064092e-01,-1.279693e+01,-1.221039e+00,-5.667927e-01,-2.682248e+00,-4.045873e+00,-4.589313e+00,-3.939136e+00,-3.457034e+00,-2.767213e+00,2.249786e-01,3.315122e-01,6.853220e-01,1.107845e+00,1.466942e+00,1.642853e+00,2.121764e+00,2.676383e+00,2.214710e+02,7.819526e-01,-3.111057e-02,-1.347284e+00,-1.427509e+00,1.847630e+00,1.640134e+00,-2.032531e+00,9.275255e-01,6.020039e-01,-3.300568e-01,-2.566966e+00,-2.812140e+00,-8.942209e-01,-3.725876e-02,-2.345137e+00,-9.725564e-01,-1.876141e+00,-1.230884e-01,-3.323630e-01,-3.164014e-01,-3.767141e-01,-4.065937e-01,-1.424091e-01,6.049247e-02,3.410723e-02,-4.922540e-03,-9.156069e-03,-2.931858e-02,1.121833e-02,-8.075738e-03,-2.835155e-04,-5.062989e-02,-1.034159e-01,-6.087007e+00,-2.405292e-02,2.171125e+02,4.667703e-03,4.947055e-03,5.396459e-02,-2.773441e+01,4.855774e-02,4.889945e-02,1.920813e-02
577,5.770000,3.783995e-01,-3.130923e+01,2.895799e+00,1.726490e+01,-5.935880e+00,-1.702431e+01,-1.291869e+01,-1.937882e+01,-1.594575e+01,-1.715629e+01,-3.407407e+00,-7.351151e+00,-2.438020e+00,-1.640439e+01,-2.303319e-01,-1.477889e+01,-1.409201e+00,-9.948547e-01,-3.078673e+00,-4.184829e+00,-4.809713e+00,-4.304075e+00,-3.348250e+00,-2.762874e+00,2.199785e-01,3.141785e-01,6.539297e-01,1.070265e+00,1.379267e+00,1.623320e+00,1.932404e+00,2.444784e+00,2.103694e+02,7.554875e-01,-5.408863e-02,-1.308000e+00,-2.122575e+00,1.212982e-01,-5.228815e-02,-5.027083e-01,3.257708e+00,2.695423e+00,2.448485e+00,-6.374630e-01,-3.742728e+00,-2.613153e+00,-1.406016e+00,-1.893202e+00,9.659817e-01,-2.370430e+00,-3.446109e-01,-6.438378e-01,-2.099077e-01,-1.782628e-01,-2.367234e-01,-1.275533e-01,6.682577e-02,5.769129e-02,3.264621e-04,1.208082e-02,-2.748866e-02,-6.581485e-03,-3.272815e-02,-2.028515e-02,-1.118047e-01,-1.265718e-01,-8.808702e+00,-7.404102e-02,1.770647e+02,1.699669e-01,1.728955e-01,1.453520e-01,-4.860278e+01,4.902609e-02,4.880015e-02,2.122157e-02
578,5.780000,2.233018e-01,-3.270397e+01,3.119617e-01,1.683568e+01,-6.998479e+00,-1.618816e+01,-9.390351e+00,-1.416171e+01,-9.547030e+00,-1.827169e+01,-9.331868e+00,-1.369923e+01,-6.017139e+00,-1.811120e+01,3.612743e+00,-1.773699e+01,-1.835116e+00,-1.952935e+00,-3.177384e+00,-4.380474e+00,-4.983478e+00,-4.381088e+00,-3.372767e+00,-2.680975e+00,2.152148e-01,3.348397e-01,6.168723e-01,1.035927e+00,1.311060e+00,1.570746e+00,1.742973e+00,2.254108e+00,1.996838e+02,7.149430e-01,-3.293904e-02,-1.272914e+00,-2.882742e+00,-1.206955e+00,-1.194392e+00,-3.834886e-02,4.350808e+00,5.607622e+00,5.312272e+00,3.545947e-01,-2.784905e+00,-3.226330e+00,-6.430370e-01,-7.118992e-01,1.781803e+00,-1.875579e+00,-6.155596e-01,-8.693863e-01,-1.066241e-01,-5.515723e-02,-1.651988e-01,-4.948111e-02,7.643767e-02,9.027223e-02,1.199116e-02,3.588580e-02,-5.686289e-03,2.959669e-03,-6.318784e-03,-1.296613e-02,-7.256119e-02,-5.441978e-02,-8.398964e+00,-9.789465e-02,1.043689e+02,1.695361e-01,1.690562e-01,1.394976e-01,-5.777612e+01,-1.013135e-03,-1.379857e-03,-1.410038e-02
579,5.790000,2.396410e-01,-3.376947e+01,-3.104198e+00,1.448981e+01,-9.588141e+00,-1.407201e+01,-3.048967e+00,-5.102514e+00,-1.549128e+00,-1.580026e+01,-1.148693e+01,-1.655793e+01,-6.005258e+00,-1.802139e+01,5.624072e+00,-2.113535e+01,-2.623405e+00,-3.021803e+00,-3.210381e+00,-4.205830e+00,-5.043013e+00,-4.396224e+00,-3.287870e+00,-2.569721e+00,2.298193e-01,3.972429e-01,6.243144e-01,1.055567e+00,1.334525e+00,1.572983e+00,1.715569e+00,2.265821e+00,1.897739e+02,4.658669e-01,-1.039818e-02,-1.292018e+00,-3.409585e+00,-2.632259e+00,-2.014886e+00,-5.860132e-01,3.706276e+00,7.037392e+00,6.735297e+00,1.278914e+00,1.761436e-01,-1.664592e+00,6.957220e-01,1.085892e-01,1.478409e+00,-4.412161e-01,-8.948745e-01,-8.506159e-01,-4.282064e-02,3.322506e-03,-1.333406e-01,5.610161e-02,6.615903e-02,8.553636e-02,2.994032e-02,5.426250e-02,1.818145e-02,2.387117e-02,4.638236e-02,2.656996e-03,1.390309e-02,6.731923e-02,-5.110086e+00,-9.458325e-02,3.352840e+01,1.691709e-01,1.689911e-01,1.122773e-01,-4.584982e+01,-5.094698e-02,-5.148473e-02,-4.302015e-02
580,5.800000,3.296202e-01,-3.494969e+01,-7.191521e+00,1.198113e+01,-1.047370e+01,-1.789171e+01,-1.125560e+00,3.938619e+00,6.811532e+00,-1.587380e+01,-9.661865e+00,-1.818551e+01,-2.406221e+00,-1.630799e+01,6.588221e+00,-1.899660e+01,-3.691735e+00,-3.900250e+00,-3.149514e+00,-4.311159e+00,-5.298657e+00,-4.140466e+00,-3.105036e+00,-2.412429e+00,2.800140e-01,4.694090e-01,6.716982e-01,1.129992e+00,1.457719e+00,1.603191e+00,1.867376e+00,2.493766e+00,1.897739e+02,4.372896e-01,-7.218416e-03,-1.192517e+00,-3.230925e+00,-3.545409e+00,-2.983933e+00,-1.409782e+00,2.064326e+00,4.970350e+00,4.618222e+00,2.460862e+00,3.027580e+00,1.537926e+00,1.913914e+00,8.990213e-01,8.863854e-01,2.001770e+00,-1.025384e+00,-5.674251e-01,-2.589676e-02,4.425735e-02,-6.571107e-02,5.224161e-02,3.712954e-02,3.951287e-02,4.503460e-02,4.842517e-02,3.853189e-02,2.230554e-02,6.041355e-02,1.027905e-02,6.375523e-02,1.197807e-01,-1.981970e+00,-1.982528e-02,0,0,0,0,-2.422661e+01,-5.082431e-02,-5.071034e-02,-3.912725e-02
581,5.810000,2.732494e-01,-3.664646e+01,-1.040038e+01,6.530881e+00,-1.427270e+01,-1.910259e+01,1.480295e+00,6.757977e+00,9.551452e+00,-1.196067e+01,-2.361690e+00,-1.343097e+01,-7.648684e-01,-1.676305e+01,5.673976e+00,-1.635517e+01,-4.955264e+00,-4.274276e+00,-3.306711e+00,-4.202874e+00,-5.318827e+00,-4.143878e+00,-3.151321e+00,-2.469465e+00,3.372805e-01,5.182063e-01,7.174240e-01,1.142588e+00,1.537849e+00,1.620382e+00,1.939718e+00,2.661552e+00,1.897739e+02,4.213979e-01,-3.584070e-02,-8.473511e-01,-2.348981e+00,-3.156026e+00,-3.752909e+00,-1.200877e+00,-3.304994e-01,2.607029e+00,1.563719e+00,3.711990e+00,4.019362e+00,3.992589e+00,1.423826e+00,1.008515e+00,1.203542e+00,3.750585e+00,-8.799843e-01,-2.041148e-01,1.443656e-02,4.099898e-02,-4.888964e-03,5.820751e-03,-2.201805e-02,-2.397041e-02,4.348920e-02,2.822185e-02,3.548542e-02,-1.375020e-03,3.930103e-02,1.610184e-03,5.527496e-02,9.412279e-02,0,5.576806e-02,0,0,0,0,-6.705679e+00,-3.383418e-02,-3.379821e-02,-2.245547e-02
582,5.820000,1.704055e-01,-3.722806e+01,-1.219457e+01,3.088107e+00,-1.957586e+01,-2.072177e+01,-1.333351e+00,4.759790e+00,7.993790e+00,-7.887178e+00,1.243412e+00,-7.573083e+00,9.322352e-01,-1.424526e+01,8.019718e+00,-1.011822e+01,-5.796106e+00,-4.163824e+00,-3.258702e+00,-4.160665e+00,-5.174126e+00,-4.246053e+00,-3.255394e+00,-2.533538e+00,3.866572e-01,5.164838e-01,7.629769e-01,1.103944e+00,1.511466e+00,1.598441e+00,1.949675e+00,2.655146e+00,1.897739e+02,6.380511e-01,-4.651216e-02,-4.469253e-01,-1.142235e+00,-1.679817e+00,-3.357348e+00,-6.644102e-01,-2.391432e+00,7.108862e-01,-1.031996e+00,4.473929e+00,3.525316e+00,4.983699e+00,-4.168341e-02,9.210447e-01,1.751220e+00,3.428602e+00,-5.493858e-01,8.705294e-02,3.618257e-02,-9.526109e-03,1.408730e-02,-3.923917e-02,-6.119861e-02,-8.287744e-02,2.494613e-02,4.859441e-03,2.043710e-02,-1.859199e-02,3.020573e-03,-7.661259e-03,8.653915e-03,3.009124e-02,0,6.325315e-02,0,0,0,0,0,0,0,0
583,5.830000,1.400449e-01,-3.686704e+01,-1.234758e+01,3.156192e+00,-2.380161e+01,-1.866136e+01,-4.597569e+00,7.522046e+00,5.678338e+00,-1.233617e+00,3.157241e+00,-1.901202e+00,-5.553550e-01,-1.401017e+01,1.092603e+01,-6.821608e+00,-5.971141e+00,-3.910590e+00,-3.083604e+00,-4.076082e+00,-5.129724e+00,-4.314327e+00,-3.322781e+00,-2.629018e+00,3.939437e-01,5.148147e-01,7.561021e-01,1.061716e+00,1.504156e+00,1.583409e+00,1.950794e+00,2.655744e+00,1.897739e+02,6.443264e-01,-1.963501e-02,-1.620865e-01,-1.646042e-01,-1.265524e-01,-1.225945e+00,-5.760454e-01,-2.988446e+00,8.065071e-01,-4.077129e-01,3.564605e+00,1.937616e+00,3.257983e+00,-8.182777e-01,3.258670e-01,1.350648e+00,1.966461e+00,-2.133412e-01,1.694694e-01,6.451223e-02,-1.078342e-01,-2.528181e-02,4.420996e-03,-4.695549e-02,-9.302521e-02,3.749812e-03,-9.200123e-03,8.790850e-04,-6.421542e-03,-1.771975e-02,-8.117569e-03,-2.944049e-02,-1.970715e-02,0,4.369942e-02,0,0,0,0,0,0,0,0
584,5.840000,1.636616e-01,-3.707402e+01,-1.192910e+01,5.269391e+00,-2.249599e+01,-2.143438e+01,-1.004379e+01,7.111015e+00,3.588112e+00,1.132321e+00,5.205249e+00,9.680976e-01,-2.719395e+00,-1.307920e+01,1.271829e+01,-6.620364e+00,-5.930725e+00,-3.646828e+00,-3.080155e+00,-4.422186e+00,-5.322773e+00,-4.251437e+00,-3.325299e+00,-2.747040e+00,3.764131e-01,4.954020e-01,7.545446e-01,1.077468e+00,1.489668e+00,1.583372e+00,1.905107e+00,2.647126e+00,1.897739e+02,6.420911e-01,-6.210536e-03,-2.742027e-01,2.688061e-01,-1.130109e-01,6.981270e-01,-8.283726e-01,-1.466414e+00,8.578510e-01,1.984339e+00,1.707875e+00,1.163488e+00,7.085501e-01,-9.989182e-01,-8.506163e-01,-1.020983e-01,-4.938672e-01,-9.242658e-02,9.809609e-02,4.899440e-02,-1.337655e-01,-4.794855e-02,4.487763e-02,-3.935068e-02,-8.491807e-02,-8.391475e-03,-9.358001e-03,-1.156889e-02,1.444101e-02,-1.441765e-02,8.015990e-04,-4.528226e-02,-2.846868e-02,0,-1.242834e-03,0,0,0,0,0,0,0,0
585,5.850000,1.784462e-01,-3.753391e+01,-1.135614e+01,4.807477e+00,-1.894236e+01,-2.162652e+01,-9.106717e+00,9.614900e+00,9.715726e+00,1.352612e+00,5.345472e+00,-1.411647e+00,-3.030442e+00,-1.571675e+01,1.007793e+01,-8.271790e+00,-5.954660e+00,-3.685427e+00,-3.073423e+00,-4.611285e+00,-5.370913e+00,-4.119081e+00,-3.351146e+00,-2.827841e+00,3.611516e-01,4.827466e-01,7.260356e-01,1.123718e+00,1.460149e+00,1.587329e+00,1.814799e+00,2.567026e+00,1.897739e+02,6.378750e-01,-1.073743e-02,-2.663807e-01,1.701927e-03,-1.274929e+00,8.152819e-01,-1.107220e+00,5.165490e-01,5.196096e-01,3.410883e+00,5.646473e-01,-1.466191e-01,-1.092810e+00,2.602704e-02,-3.382495e-01,-1.566177e+00,-1.910428e+00,-1.529171e-01,1.563573e-03,5.822163e-02,-2.990842e-02,3.900642e-02,6.324349e-02,1.708660e-02,-3.474779e-02,-4.031730e-03,-6.918448e-03,-1.147561e-02,2.138853e-02,-1.984400e-02,1.337695e-03,-4.185504e-02,-4.961719e-02,0,2.197683e-03,0,0,0,0,0,0,0,0
586,5.860000,1.201522e-01,-3.826564e+01,-1.134626e+01,1.697410e+00,-1.851485e+01,-2.338106e+01,-6.410848e+00,8.002618e+00,1.589679e+01,-6.409156e-01,5.966735e+00,-4.275110e+00,-2.824812e+00,-1.764506e+01,7.933279e+00,-1.186247e+01,-6.266479e+00,-3.785925e+00,-3.018821e+00,-4.561891e+00,-5.293274e+00,-4.119288e+00,-3.437965e+00,-2.858717e+00,3.610959e-01,4.857279e-01,7.201658e-01,1.145148e+00,1.461381e+00,1.600489e+00,1.791261e+00,2.557162e+00,1.897739e+02,6.350626e-01,-9.248923e-03,3.003044e-02,-4.238068e-01,-2.179526e+00,-3.117523e-01,3.390198e-02,1.919038e+00,8.796819e-01,1.719989e+00,6.752627e-01,-1.396919e+00,-1.854372e+00,4.745926e-01,1.436374e+00,-9.359692e-01,-1.980354e+00,-1.824719e-01,-1.181163e-01,9.913759e-02,1.424155e-01,1.636245e-01,7.602467e-02,8.566058e-02,8.186817e-03,5.932200e-03,3.359097e-03,-6.273931e-03,2.791977e-03,-2.712324e-02,1.306999e-03,-2.464647e-02,-8.720724e-02,5.928863e-01,1.347478e-02,0,0,0,0,1.502314e+01,0,0,0
587,5.870000,1.081125e-01,-3.760313e+01,-1.263049e+01,-1.432464e+00,-2.171576e+01,-2.322412e+01,-3.831294e+00,9.674293e+00,1.657841e+01,2.476237e+00,2.043402e+00,-4.743648e+00,-3.725112e-01,-1.341849e+01,5.487656e+00,-1.375270e+01,-6.567850e+00,-3.833224e+00,-2.823163e+00,-4.155771e+00,-4.949440e+00,-4.064184e+00,-3.181015e+00,-2.746918e+00,3.814436e-01,4.850595e-01,7.159135e-01,1.134819e+00,1.419080e+00,1.581539e+00,1.798442e+00,2.452640e+00,1.897739e+02,6.588291e-01,3.651219e-03,4.450974e-01,-4.870838e-01,-1.734061e+00,-1.170389e+00,3.418762e-01,6.322178e-01,5.668292e-01,-1.794351e+00,1.050982e+00,-1.255588e+00,-9.659103e-01,7.256956e-01,3.297726e+00,4.877462e-02,-1.109963e+00,-9.222474e-02,-6.479654e-02,1.182341e-01,2.047680e-01,2.010982e-01,9.391997e-02,1.242814e-01,2.420783e-02,9.078127e-03,4.718694e-03,3.540736e-03,-1.481467e-02,-2.234541e-02,2.271891e-03,3.622436e-03,-8.719101e-02,1.902190e+00,3.121445e-02,0,0,0,0,3.745910e+01,2.941512e-02,0,4.149144e-03
588,5.880000,1.525839e-01,-3.688926e+01,-1.341096e+01,-2.508270e+00,-2.266805e+01,-2.046607e+01,-3.086309e+00,1.147973e+01,8.756711e+00,3.946821e+00,-1.283108e-01,-6.637763e+00,-1.675397e+00,-7.046458e+00,1.033358e+01,-1.378168e+01,-6.536490e+00,-4.163511e+00,-2.709597e+00,-3.937865e+00,-4.715386e+00,-3.898762e+00,-2.982062e+00,-2.746567e+00,3.959281e-01,5.110410e-01,7.282360e-01,1.085878e+00,1.374587e+00,1.592802e+00,1.790054e+00,2.268283e+00,1.927384e+02,6.989880e-01,2.256617e-02,1.416893e+00,1.082589e+00,-5.722136e-01,-2.035660e+00,4.730987e-03,-1.567140e-01,3.686163e-01,-4.157695e+00,-4.942098e-01,-7.432691e-01,-2.777589e-01,1.461893e+00,3.192085e+00,7.286181e-01,3.192358e-01,3.087230e-01,2.236273e-01,3.328452e-01,4.171552e-01,2.132737e-01,8.497994e-02,9.440102e-02,3.709710e-02,3.553462e-03,2.296588e-03,-5.809545e-04,-3.591301e-02,-1.709921e-02,2.161372e-03,1.146748e-02,-6.229856e-02,3.739690e+00,4.695354e-02,7.511571e+01,0,0,0,5.985857e+01,5.860938e-02,1.484858e-02,7.289038e-02
589,5.890000,1.804864e-01,-3.599661e+01,-1.275921e+01,-1.759989e+00,-2.271771e+01,-2.137463e+01,-7.607897e+00,1.071049e+01,4.314013e+00,4.313653e+00,2.115053e+00,-5.059873e+00,2.332894e-02,-4.527416e+00,9.121650e+00,-1.286200e+01,-6.280778e+00,-3.820616e+00,-2.636865e+00,-3.899458e+00,-4.654366e+00,-3.759744e+00,-2.957690e+00,-2.762877e+00,3.891262e-01,4.936835e-01,7.397042e-01,1.079280e+00,1.391819e+00,1.602532e+00,1.833515e+00,2.275511e+00,1.978027e+02,7.619846e-01,2.079196e-02,2.620332e+00,3.848688e+00,3.733732e-01,-3.772211e+00,-2.150046e+00,-7.614843e-01,-7.978038e-02,-3.934227e+00,-3.246500e+00,1.758557e-01,4.369566e-01,3.273815e+00,9.505547e-01,-6.789740e-01,5.415868e-01,8.214422e-01,7.879096e-01,7.321352e-01,8.128186e-01,1.912965e-01,3.248525e-02,-1.088443e-02,2.364366e-02,-5.342618e-03,-8.657038e-04,-9.525871e-03,-4.834086e-02,1.095544e-02,1.840198e-02,5.622458e-02,4.042153e-02,5.065169e+00,5.050491e-02,1.497376e+02,1.470756e-01,0,2.074572e-02,5.964800e+01,7.088776e-02,2.744544e-02,1.430968e-01
590,5.900000,1.967960e-01,-3.198444e+01,-5.868952e+00,-9.998962e-01,-2.819218e+01,-2.428215e+01,-5.306117e+00,9.327600e+00,1.240516e+00,-4.030673e+00,2.214564e+00,-5.505793e+00,4.286733e+00,-6.130170e+00,9.759373e+00,-1.071164e+01,-4.866400e+00,-2.674093e+00,-1.447744e+00,-2.604272e+00,-4.374443e+00,-3.846609e+00,-3.077622e+00,-2.665252e+00,3.750219e-01,4.928988e-01,7.053657e-01,9.933522e-01,1.389516e+00,1.600799e+00,1.831062e+00,2.334234e+00,2.044580e+02,8.182526e-01,6.249375e-02,4.091116e+00,6.342212e+00,7.268164e-01,-6.565151e+00,-4.163594e+00,3.206234e-01,4.699083e-01,-2.564330e+00,-5.098397e+00,-2.737319e-01,1.404055e+00,5.130102e+00,-9.287472e-01,-2.739116e+00,1.021473e-01,1.269968e+00,1.356946e+00,1.239514e+00,1.375058e+00,2.484028e-01,-2.441971e-02,-4.161396e-02,7.265911e-02,-9.884697e-03,-4.553795e-03,-2.411984e-02,-6.963831e-02,7.321930e-03,2.735904e-02,8.230759e-02,1.057819e-01,5.104257e+00,3.936448e-02,2.244241e+02,2.195091e-01,7.424289e-02,3.540790e-01,3.685049e+01,3.012077e-02,3.218958e-02,1.658186e-01
591,5.910000,1.899662e-01,-2.695388e+01,2.841951e+00,-3.197852e-01,-3.781475e+01,-3.206631e+01,-6.528812e+00,1.035145e+01,6.653772e-01,-9.767515e+00,1.751243e+00,-3.124850e+00,1.301550e+01,-9.123862e+00,2.379891e+00,-1.257978e+01,-3.295683e+00,-6.383858e-01,2.065860e-01,-7.584746e-01,-4.163429e+00,-3.927835e+00,-3.187657e+00,-2.669357e+00,3.651836e-01,4.898021e-01,6.797193e-01,9.393773e-01,1.466393e+00,1.669550e+00,2.059061e+00,2.621772e+00,2.092399e+02,8.517213e-01,1.147015e-01,4.553718e+00,6.810687e+00,9.471077e-01,-7.795865e+00,-4.256299e+00,1.191528e+00,1.530268e+00,-2.436207e+00,-5.353636e+00,-9.559464e-02,2.090833e+00,5.347764e+00,-1.109064e+00,-3.215103e+00,-9.625407e-01,1.378551e+00,1.498355e+00,1.415095e+00,1.611556e+00,2.672606e-01,-1.839082e-02,-2.603617e-02,1.222551e-01,-7.294395e-03,-1.073948e-03,-2.709937e-02,-8.203088e-02,6.541490e-04,4.288208e-02,1.122060e-01,1.140250e-01,4.115983e+00,1.666307e-02,2.235858e+02,2.446842e-01,1.001057e-01,5.384443e-01,1.380275e+01,-3.486283e-02,1.129797e-02,6.784759e-02
592,5.920000,4.603128e-01,-2.095504e+01,1.049952e+01,4.057099e-01,-4.794528e+01,-3.593820e+01,-2.022735e+00,1.400879e+01,-2.240619e+00,-1.450458e+01,-1.315065e+00,-5.849969e-01,1.747903e+01,-9.391971e+00,8.879502e-03,-1.341205e+01,-1.679196e+00,1.030102e+00,2.066249e+00,1.366935e+00,-3.718840e+00,-3.936815e+00,-3.075148e+00,-2.430031e+00,3.584758e-01,4.902128e-01,6.376292e-01,8.076375e-01,1.373909e+00,1.696088e+00,2.088819e+00,2.624061e+00,2.125410e+02,8.509420e-01,1.574138e-01,3.442456e+00,4.736161e+00,1.680472e+00,-5.843390e+00,-2.570729e+00,5.080328e-01,1.081932e+00,-2.413251e+00,-3.691575e+00,1.585866e+00,3.134660e+00,3.546869e+00,-3.558598e-01,-2.638979e+00,-1.054625e+00,1.046012e+00,1.153798e+00,1.006743e+00,1.162696e+00,1.688182e-01,-5.041265e-03,-1.979270e-02,1.655220e-01,-7.484338e-03,-9.306473e-03,-1.925005e-02,-7.541595e-02,-1.265898e-02,3.125373e-02,9.170730e-02,7.846420e-02,2.628543e+00,-1.349598e-02,2.224440e+02,1.017995e-01,1.108950e-01,5.702435e-01,-1.617647e+01,-6.392040e-02,-1.858259e-02,-8.596288e-02
593,5.930000,6.222356e-01,-1.874272e+01,1.310999e+01,2.272747e+00,-5.182048e+01,-3.682811e+01,-3.291949e+00,1.602123e+01,-6.126455e+00,-1.721757e+01,3.401895e+00,2.933894e+00,2.016601e+01,-8.441836e+00,-2.078619e+00,-1.632450e+01,-9.816265e-01,1.819063e+00,2.681613e+00,2.172721e+00,-3.645864e+00,-3.806595e+00,-3.089108e+00,-2.269212e+00,3.609272e-01,4.896568e-01,6.380756e-01,7.619831e-01,1.402893e+00,1.769298e+00,2.265667e+00,2.700722e+00,2.143411e+02,8.289552e-01,8.789340e-02,1.339747e+00,1.681813e+00,2.574311e+00,-1.184437e+00,5.595310e-01,-4.273248e-01,-9.303741e-01,-2.209287e+00,-1.735217e+00,3.960904e+00,3.842118e+00,4.109928e-01,1.540696e-01,-5.045075e-01,6.694490e-01,5.235382e-01,4.639170e-01,2.496698e-01,2.944796e-01,-2.346516e-04,-4.033423e-03,-5.330124e-02,1.596025e-01,-1.242995e-02,-1.909694e-02,-1.356258e-02,-5.386963e-02,-3.423293e-02,-3.469336e-03,-1.666522e-03,5.629015e-03,1.430981e+00,-4.331224e-02,2.197414e+02,3.161620e-02,3.816376e-02,2.519014e-01,-3.801841e+01,-5.802264e-02,-2.957823e-02,-1.549614e-01
594,5.940000,7.677305e-01,-1.887774e+01,1.267783e+01,6.106200e+00,-5.040626e+01,-3.475490e+01,-4.384384e+00,1.190237e+01,-7.429824e+00,-1.876352e+01,9.318569e+00,7.138134e+00,1.844583e+01,-8.250483e+00,-1.206267e+00,-1.411241e+01,-7.933669e-01,1.866175e+00,2.348459e+00,1.743611e+00,-3.789134e+00,-3.932435e+00,-3.225860e+00,-2.037715e+00,3.397284e-01,4.464391e-01,6.299372e-01,7.049696e-01,1.357971e+00,1.707194e+00,2.186296e+00,2.687080e+00,2.150502e+02,7.621557e-01,-2.852054e-02,-1.043248e+00,-1.086741e+00,2.548223e+00,4.059154e+00,3.771897e+00,-1.047321e+00,-2.912400e+00,-6.755704e-01,1.197958e+00,5.354441e+00,3.619572e+00,-2.727239e+00,-7.688938e-01,9.131802e-01,2.341485e+00,-9.231615e-02,-2.700064e-01,-5.763164e-01,-5.991317e-01,-1.340253e-01,-2.712147e-02,-1.027266e-01,2.678504e-02,-2.519111e-02,-2.274575e-02,-2.900064e-03,-9.303367e-03,-2.910594e-02,-3.110154e-02,-7.915981e-02,-1.656923e-02,5.997742e-01,-6.350697e-02,1.454639e+02,6.441094e-03,1.230091e-02,6.753612e-02,-5.926457e+01,-2.329650e-02,-2.584422e-02,-1.377397e-01
595,5.950000,4.757243e-01,-2.129380e+01,1.016186e+01,9.701524e+00,-4.250645e+01,-2.986031e+01,-7.484612e+00,6.752793e+00,-7.786456e+00,-1.631413e+01,1.623895e+01,1.222417e+01,1.458706e+01,-8.924258e+00,4.649270e-01,-8.882361e+00,-1.120907e+00,1.263163e+00,1.313830e+00,5.255854e-01,-4.129456e+00,-3.950192e+00,-3.378807e+00,-2.067503e+00,3.124076e-01,4.162042e-01,6.157523e-01,7.213631e-01,1.303198e+00,1.646650e+00,2.001990e+00,2.618408e+00,2.151403e+02,6.795533e-01,-9.182266e-02,-2.722610e+00,-3.011862e+00,1.327304e+00,7.538335e+00,6.084249e+00,9.734958e-01,-3.334734e+00,1.095926e+00,2.777737e+00,3.768928e+00,3.072976e+00,-4.138467e+00,-1.661801e+00,2.572213e+00,3.670852e+00,-5.895838e-01,-9.123949e-01,-1.115556e+00,-1.058854e+00,-1.600050e-01,-5.974717e-02,-8.079443e-02,-9.587765e-02,-4.155060e-02,-5.945665e-03,6.621814e-03,3.155125e-02,-2.577785e-02,-4.348828e-02,-1.197168e-01,-3.447292e-02,1.688507e-01,-1.034272e-01,7.198378e+01,2.250210e-03,1.511639e-03,1.499119e-02,-5.849467e+01,-6.967350e-03,-8.862844e-03,-5.713389e-02
596,5.960000,3.909657e-01,-2.489574e+01,6.539883e+00,9.432436e+00,-3.230653e+01,-2.056261e+01,-5.163010e+00,4.081011e+00,-4.788471e+00,-8.966512e+00,1.903861e+01,1.286772e+01,6.632302e+00,-1.299523e+01,3.303007e+00,-5.425694e+00,-2.071137e+00,-4.198015e-02,-1.314412e-01,-8.051555e-01,-4.147171e+00,-4.000624e+00,-3.443932e+00,-2.396960e+00,2.567801e-01,4.132103e-01,6.342905e-01,7.814307e-01,1.278227e+00,1.601904e+00,1.824858e+00,2.582372e+00,2.151403e+02,6.081081e-01,-7.513164e-02,-3.739038e+00,-4.032168e+00,-5.879357e-01,8.272846e+00,5.821145e+00,2.961489e+00,-1.661923e+00,2.275039e+00,2.819978e+00,4.501675e-01,4.423258e-01,-3.569404e+00,-1.696995e+00,3.077860e+00,2.350507e+00,-9.287187e-01,-1.302394e+00,-1.297085e+00,-1.130669e+00,-1.631572e-01,-6.511738e-02,-2.947118e-02,-2.101190e-01,-3.717970e-02,1.996815e-02,2.008605e-02,6.625208e-02,1.576608e-02,-2.183731e-02,-7.309121e-02,-1.516883e-02,1.802368e-02,-1.429736e-01,0,0,0,0,-3.629117e+01,-1.513240e-03,-2.611347e-03,-1.500634e-02
597,5.970000,3.515047e-01,-2.934677e+01,1.119655e+00,7.246149e+00,-2.317867e+01,-1.350300e+01,1.964843e+00,3.258242e+00,-1.967501e+00,-8.227391e+00,1.738651e+01,1.543398e+01,5.380432e+00,-1.437847e+01,8.527809e+00,-2.313591e+00,-3.290660e+00,-1.788835e+00,-1.656219e+00,-1.847169e+00,-4.266871e+00,-4.071236e+00,-3.384044e+00,-2.568978e+00,1.946484e-01,4.765429e-01,6.690080e-01,8.815088e-01,1.313875e+00,1.604501e+00,1.847802e+00,2.580711e+00,2.151403e+02,3.888429e-01,9.436846e-04,-4.029677e+00,-4.427841e+00,-1.256212e+00,6.724641e+00,3.270883e+00,3.961918e+00,2.632676e-01,2.864275e+00,6.419647e-01,-3.360128e+00,-1.882982e+00,-8.600210e-01,4.356477e-01,2.369209e+00,1.131606e+00,-1.020798e+00,-1.391887e+00,-1.195334e+00,-1.019811e+00,-2.658245e-01,-1.227274e-01,-1.665139e-02,-1.973844e-01,-2.243574e-02,3.606547e-02,2.423004e-02,7.889682e-02,5.064470e-02,-3.806686e-03,2.127683e-03,1.154459e-02,0,-1.375578e-01,0,0,0,0,-1.439676e+01,-4.500420e-04,-3.023278e-04,-2.998239e-03
598,5.980000,4.541821e-01,-3.354644e+01,-2.961906e+00,4.394209e+00,-1.870592e+01,-1.382782e+01,5.698332e+00,5.340033e+00,1.035895e+00,-8.707000e+00,1.099562e+01,7.744859e+00,5.202122e+00,-1.400836e+01,1.015159e+01,-5.644255e+00,-4.352084e+00,-3.119796e+00,-2.651939e+00,-2.723356e+00,-4.536212e+00,-4.197500e+00,-3.370597e+00,-2.837572e+00,2.127096e-01,5.161105e-01,7.037396e-01,9.561571e-01,1.431462e+00,1.619082e+00,1.897934e+00,2.630084e+00,2.151403e+02,1.926427e-01,3.833413e-04,-3.426513e+00,-3.810345e+00,-7.159437e-01,4.014359e+00,-1.917678e-01,1.985706e+00,1.520964e+00,2.625999e+00,-1.269669e+00,-4.124003e+00,-3.317940e+00,1.400300e+00,2.899899e+00,9.414998e-01,2.732663e-02,-8.381780e-01,-1.070140e+00,-8.411220e-01,-8.193073e-01,-3.868790e-01,-1.202478e-01,-5.601683e-02,-1.305407e-01,-3.036754e-03,2.841417e-02,1.102015e-02,6.699176e-02,5.565648e-02,1.790714e-03,1.496835e-02,1.142194e-02,0,-6.301273e-02,0,0,0,0,0,0,0,0
599,5.990000,4.488346e-01,-3.711683e+01,-7.226452e+00,5.939576e+00,-1.568355e+01,-1.687329e+01,6.894309e+00,7.439620e+00,3.622735e+00,-1.323406e+01,3.459802e+00,5.370693e+00,1.100205e+01,-6.239457e+00,8.886681e+00,-3.115052e+00,-5.084424e+00,-4.157367e+00,-3.402591e+00,-3.614367e+00,-5.264058e+00,-4.465391e+00,-3.498731e+00,-2.834119e+00,2.222642e-01,5.450814e-01,7.021780e-01,1.028484e+00,1.479804e+00,1.619028e+00,1.976091e+00,2.652275e+00,2.151403e+02,1.994969e-01,-3.035891e-02,-2.227008e+00,-2.570361e+00,2.337389e-01,2.033019e+00,-1.746867e+00,-1.180738e-01,1.629862e+00,2.377556e+00,-5.574547e-01,-2.392617e+00,-3.539361e+00,1.628934e+00,3.738202e+00,-6.533857e-02,1.681237e-01,-5.373937e-01,-6.088211e-01,-4.608399e-01,-6.158459e-01,-3.733111e-01,-9.812041e-02,-7.472644e-02,-5.981004e-02,-9.957298e-04,8.318174e-03,-9.807230e-04,4.766531e-02,3.336984e-02,-1.550507e-03,1.693082e-03,6.145120e-03,0,5.824921e-02,0,0,0,0,0,0,0,0
600,6.000000,3.442174e-01,-3.814328e+01,-8.338789e+00,6.506004e+00,-1.598230e+01,-1.983631e+01,2.300786e+00,9.595143e+00,5.546404e+00,-1.281152e+01,5.381954e+00,1.309667e+00,1.082299e+01,-2.565241e+00,7.831070e+00,-4.888330e+00,-5.365145e+00,-4.208412e+00,-3.463865e+00,-4.018093e+00,-5.582973e+00,-4.404786e+00,-3.666672e+00,-2.917093e+00,2.277884e-01,5.210119e-01,6.728063e-01,1.042902e+00,1.473546e+00,1.603594e+00,1.835555e+00,2.603700e+00,2.151403e+02,3.877175e-01,-6.127883e-02,-9.048961e-01,-1.400903e+00,7.732099e-01,1.208333e+00,-1.240462e+00,-1.198499e+00,8.945240e-01,1.828626e+00,1.274385e+00,4.847400e-01,-2.364890e+00,1.622697e-01,2.307616e+00,1.976799e-01,2.631152e-01,-2.441268e-01,-2.138875e-01,-1.853385e-01,-4.043389e-01,-2.281301e-01,-1.859879e-02,-2.338967e-02,1.098785e-02,-1.457150e-02,-7.827950e-03,-7.483238e-03,2.751417e-02,4.132343e-03,-3.994989e-03,-2.038288e-02,-5.290294e-03,0,1.185807e-01,0,0,0,0,0,0,0,0
601,6.010000,2.546925e-01,-3.818340e+01,-9.043709e+00,7.358945e+00,-1.437539e+01,-1.923309e+01,3.073247e+00,9.279999e+00,7.665025e+00,-8.962403e+00,8.230264e+00,9.547698e-01,1.071466e+01,-1.409016e+00,9.361378e+00,-1.850935e+00,-5.471098e+00,-4.288632e+00,-3.554456e+00,-4.279030e+00,-5.610046e+00,-4.458195e+00,-3.609639e+00,-2.828267e+00,1.821303e-01,5.156831e-01,6.795711e-01,1.076463e+00,1.459683e+00,1.604493e+00,1.887456e+00,2.624629e+00,2.151403e+02,5.825516e-01,-4.391794e-02,-6.220856e-02,-6.332744e-01,2.399084e-01,1.221722e+00,4.299528e-01,-5.621787e-01,-4.822542e-01,1.150817e+00,3.234218e+00,2.076339e+00,-2.008723e+00,-1.521807e+00,-1.185544e+00,2.806389e-01,-6.796795e-01,-8.186660e-02,-3.875036e-02,-9.048001e-02,-2.150387e-01,8.962726e-03,3.060560e-02,6.346528e-02,3.470211e-02,-2.020660e-02,-1.052383e-02,3.095764e-03,1.593575e-02,-2.154267e-03,-1.240969e-05,-2.192466e-02,-8.731127e-04,0,9.977736e-02,0,0,0,0,0,0,0,0
602,6.020000,2.448590e-01,-3.753764e+01,-9.057794e+00,7.550574e+00,-1.331833e+01,-1.885023e+01,1.616369e+00,8.892464e+00,8.157882e+00,-4.470903e+00,1.103409e+01,-1.871627e+00,6.157162e+00,-4.885494e+00,1.090264e+01,-4.960738e+00,-5.379381e+00,-4.123600e+00,-3.502699e+00,-4.412720e+00,-5.503869e+00,-4.294092e+00,-3.432092e+00,-2.785559e+00,1.599190e-01,4.916700e-01,6.776269e-01,1.069739e+00,1.462184e+00,1.606375e+00,1.840336e+00,2.617456e+00,2.151403e+02,5.940191e-01,4.021141e-03,5.153431e-01,-3.602148e-01,-1.375926e+00,6.015439e-01,2.356767e+00,3.440779e-01,-3.016011e+00,3.469168e-01,4.640678e+00,2.087712e+00,-2.007939e+00,-2.085547e+00,-1.924093e+00,-1.824926e-01,-1.248351e+00,-4.952154e-02,3.766284e-02,-2.828720e-02,5.935025e-02,3.722457e-01,5.685458e-02,1.070663e-01,6.023402e-02,-1.563518e-02,-3.620255e-03,9.426391e-03,1.198363e-02,-7.368183e-03,3.610134e-04,-1.242747e-02,-7.677483e-03,8.658142e-02,5.227821e-02,0,0,0,0,1.468901e+01,0,0,9.956082e-03
603,6.030000,2.789241e-01,-3.773069e+01,-1.003332e+01,6.616833e+00,-1.090693e+01,-1.521657e+01,4.425623e+00,5.379688e+00,8.071079e+00,-1.233285e+00,1.101543e+01,-3.082276e+00,5.725929e+00,-1.100705e+01,8.754088e+00,-6.477245e+00,-5.486639e+00,-4.393525e+00,-3.835574e+00,-4.492247e+00,-5.258796e+00,-4.367710e+00,-3.298695e+00,-2.726375e+00,1.551659e-01,5.071332e-01,7.152465e-01,1.094744e+00,1.474713e+00,1.617576e+00,1.864077e+00,2.641032e+00,2.151403e+02,5.952329e-01,3.314508e-02,1.878022e+00,3.366871e-02,-4.068823e+00,-1.705276e+00,3.777501e+00,1.557515e-01,-6.140288e+00,1.008367e+00,6.668271e+00,3.165983e+00,-1.856308e+00,-2.325761e+00,8.733713e-01,-1.496436e+00,-1.362221e+00,-2.895260e-03,3.345692e-01,2.654924e-01,5.723511e-01,9.633791e-01,1.957434e-01,1.370418e-01,2.115890e-01,1.260693e-02,2.091488e-03,2.384253e-02,-1.053762e-03,-3.424001e-02,-1.183292e-02,-9.888696e-03,-1.968970e-02,2.048996e-01,2.773051e-02,0,0,0,0,3.641656e+01,9.755758e-04,0,8.160079e-02
604,6.040000,3.522073e-01,-3.579291e+01,-9.645057e+00,-2.569516e-03,-1.470881e+01,-1.006074e+01,3.344988e+00,-3.534756e+00,7.077961e+00,6.527311e+00,1.442793e+01,-6.711504e+00,2.889623e+00,-7.386690e+00,7.222252e+00,-8.816932e+00,-5.604982e+00,-3.967651e+00,-3.464742e+00,-3.614733e+00,-3.897370e+00,-4.165755e+00,-3.286813e+00,-2.666869e+00,1.630948e-01,5.071855e-01,7.021005e-01,1.093679e+00,1.429190e+00,1.598858e+00,1.785108e+00,2.557112e+00,2.155732e+02,6.427679e-01,5.780644e-02,3.708305e+00,9.341121e-01,-5.907366e+00,-4.607684e+00,4.175586e+00,-1.413210e+00,-8.035831e+00,1.520808e+00,7.453229e+00,2.781931e+00,-1.786488e+00,-3.191630e+00,5.253273e+00,-2.355448e+00,-5.468522e-01,2.069594e-01,7.649159e-01,7.290488e-01,1.040348e+00,1.470546e+00,3.755236e-01,1.489595e-01,3.674648e-01,4.341561e-02,1.630321e-02,4.428329e-02,-1.038396e-03,-4.342549e-02,-2.465224e-03,4.080074e-02,-1.184561e-02,2.585571e-01,4.979230e-02,7.344505e+01,0,0,4.978041e-02,5.779027e+01,1.647547e-02,8.947523e-03,1.816008e-01
605,6.050000,3.667437e-01,-2.966565e+01,-8.581734e+00,-9.208597e+00,-2.220653e+01,-4.740333e+00,2.987695e+00,-1.520783e+01,1.324682e+01,1.887984e+01,2.236326e+01,-5.906834e+00,7.196272e-01,4.208437e+00,3.719394e+00,-6.733943e+00,-5.372774e+00,-2.693761e+00,-2.245973e+00,-1.816268e+00,-1.596400e+00,-3.543647e+00,-2.997069e+00,-1.829667e+00,2.435770e-01,5.183827e-01,7.865469e-01,1.059224e+00,1.304980e+00,1.549086e+00,1.865627e+00,2.556353e+00,2.159483e+02,6.968297e-01,4.296339e-02,5.622406e+00,2.296064e+00,-6.231461e+00,-6.788432e+00,3.641792e+00,-4.295991e+00,-6.203465e+00,1.957389e+00,5.418936e+00,6.676263e-01,-1.071983e+00,-4.125401e+00,6.890228e+00,-1.401672e+00,-3.742861e-01,6.047480e-01,1.195403e+00,1.237537e+00,1.326523e+00,1.656969e+00,6.808082e-01,1.883520e-01,4.439680e-01,6.364275e-02,1.849132e-02,5.170911e-02,-1.154822e-02,-5.135451e-02,-6.769204e-03,5.030085e-02,-2.080488e-03,6.472321e-02,6.301592e-02,1.453603e+02,4.877879e-03,0,3.831137e-01,5.685397e+01,3.051114e-02,1.879914e-02,2.348549e-01
606,6.060000,4.899814e-01,-2.302864e+01,-5.113027e+00,-1.407354e+01,-3.070695e+01,-3.210414e+00,-4.730718e+00,-2.099293e+01,1.317405e+01,2.273868e+01,1.926983e+01,-9.391788e+00,-7.297836e+00,1.377312e+01,1.642748e+00,-7.566650e+00,-4.401516e+00,-1.148903e+00,-6.522554e-01,-5.489700e-01,1.766325e-02,-2.828505e+00,-2.838107e+00,-1.396589e+00,3.327915e-01,5.675613e-01,8.633931e-01,1.082307e+00,1.329923e+00,1.628293e+00,2.043565e+00,2.600567e+00,2.160290e+02,7.921821e-01,2.071310e-02,6.014758e+00,3.404333e+00,-4.920269e+00,-6.541429e+00,2.842372e+00,-6.588515e+00,-1.767028e+00,4.756334e-01,-3.051476e-01,-3.553580e+00,-9.588455e-01,-3.838113e+00,2.811359e+00,9.015285e-01,-1.158173e+00,9.467520e-01,1.221153e+00,1.393402e+00,1.189280e+00,1.325647e+00,8.621605e-01,1.969322e-01,2.796893e-01,6.396298e-02,1.944490e-02,4.752512e-02,-9.464920e-03,-2.048346e-02,3.384984e-03,5.760250e-02,1.913374e-02,-3.994217e-01,5.711881e-02,2.162712e+02,7.993842e-02,4.473762e-02,7.164471e-01,3.406486e+01,3.310511e-02,2.286763e-02,1.404664e-01
607,6.070000,4.248540e-01,-1.600080e+01,-8.190187e-01,-1.750499e+01,-3.685002e+01,-4.327686e-01,-1.301648e+01,-1.690854e+01,1.480998e+01,1.775571e+01,1.193261e+01,-7.102051e+00,-9.807351e+00,1.286418e+01,4.535478e+00,-8.973817e+00,-3.064632e+00,1.741169e-01,9.458665e-01,6.074855e-01,1.068532e+00,-1.632294e+00,-2.581288e+00,-1.141676e+00,3.885312e-01,5.694020e-01,8.931457e-01,1.042690e+00,1.267574e+00,1.569012e+00,1.986353e+00,2.608901e+00,2.152360e+02,8.356054e-01,1.746181e-03,5.071910e+00,3.642799e+00,-4.095201e+00,-4.850410e+00,2.997661e+00,-6.946012e+00,2.326179e+00,-1.126260e+00,-5.875452e+00,-5.595225e+00,-1.789170e+00,-1.898160e+00,-2.382072e+00,3.849545e+00,-2.031291e+00,9.800256e-01,9.026173e-01,1.224162e+00,9.381117e-01,9.002900e-01,9.306648e-01,1.860117e-01,3.839538e-02,4.544542e-02,2.816886e-03,1.499506e-02,-1.600577e-02,-1.339750e-02,-1.345148e-02,-2.080259e-02,-9.101558e-03,-9.349136e-01,3.972479e-02,2.128567e+02,1.125865e-01,7.162686e-02,8.409412e-01,1.180129e+01,1.050441e-02,1.109455e-02,-5.648799e-02
608,6.080000,4.267177e-01,-1.255155e+01,3.495251e+00,-2.045572e+01,-4.009421e+01,1.997342e+00,-2.159550e+01,-1.151954e+01,8.674550e+00,5.563639e+00,1.875358e+00,-1.090812e+01,-1.103745e+01,2.342232e+00,1.132185e+01,-1.348786e+01,-2.025293e+00,7.041746e-01,1.906346e+00,1.119788e+00,1.398400e+00,-8.106292e-01,-2.510043e+00,-1.612419e+00,4.104326e-01,5.789004e-01,8.864267e-01,1.054622e+00,1.345476e+00,1.605820e+00,2.012758e+00,2.626506e+00,2.139323e+02,8.589742e-01,1.520230e-02,3.329648e+00,2.569733e+00,-3.838586e+00,-2.550837e+00,3.696906e+00,-3.765982e+00,3.694356e+00,-1.357453e+00,-8.383533e+00,-3.902311e+00,-2.194472e+00,1.198930e+00,-4.751391e+00,5.430845e+00,-1.973950e+00,6.635489e-01,3.862173e-01,7.999578e-01,7.173554e-01,5.800276e-01,7.825086e-01,1.719982e-01,-3.247356e-02,3.233355e-02,-5.915898e-03,7.827878e-04,-2.195626e-02,-1.310813e-02,-2.543681e-02,-6.088712e-02,-2.048850e-02,-1.386520e+00,1.710775e-02,2.100211e+02,1.116712e-01,7.852475e-02,5.231984e-01,-2.741357e+00,-2.055020e-02,-9.706734e-03,-1.988841e-01
609,6.090000,4.071065e-01,-9.544642e+00,5.328122e+00,-2.649351e+01,-4.176495e+01,7.644093e+00,-2.330997e+01,-8.313636e+00,9.865273e+00,-1.909897e+00,3.084366e+00,-1.409451e+01,-6.901365e+00,-1.986477e+00,1.812757e+01,-1.392979e+01,-1.660758e+00,8.927873e-01,2.595536e+00,2.039911e+00,2.214681e+00,1.007393e-01,-2.231043e+00,-1.529775e+00,4.319836e-01,5.267976e-01,8.500054e-01,9.930375e-01,1.230217e+00,1.493066e+00,1.777018e+00,2.497875e+00,2.123221e+02,8.620577e-01,3.552071e-02,1.432144e+00,1.041989e+00,-3.002226e+00,-8.637703e-01,3.988452e+00,2.104340e-01,2.591924e+00,-1.348480e+00,-7.640251e+00,-1.560723e+00,-2.949509e+00,3.473775e+00,-3.377363e+00,4.738557e+00,-1.497491e+00,2.522557e-01,-6.443582e-02,3.299291e-01,4.689905e-01,3.384844e-01,4.322543e-01,8.874311e-02,9.563565e-03,2.607656e-02,-4.991948e-04,-3.459376e-03,-1.586552e-02,-1.318321e-02,-1.847814e-02,-6.916740e-02,-2.188034e-02,-1.629587e+00,6.036150e-03,2.074918e+02,4.153353e-02,3.857920e-02,1.972981e-01,-2.358780e+00,-3.032583e-02,-1.940729e-02,-2.086121e-01
610,6.100000,5.748667e-01,-9.608476e+00,4.662066e+00,-2.877221e+01,-4.100367e+01,1.123569e+01,-1.841388e+01,-6.818605e+00,8.859140e+00,-9.346184e+00,4.182397e+00,-1.686792e+01,-2.756178e+00,-2.558502e+00,2.200093e+01,-1.495841e+01,-1.785709e+00,4.228485e-01,2.522699e+00,2.321594e+00,2.344727e+00,2.175211e-01,-2.153239e+00,-1.364907e+00,4.727330e-01,5.592840e-01,8.888772e-01,9.973516e-01,1.283061e+00,1.539083e+00,1.843797e+00,2.553638e+00,2.105533e+02,8.644947e-01,-6.690928e-03,1.341662e-01,-1.942143e-01,-1.631938e+00,4.373894e-02,3.562482e+00,3.482491e+00,8.102320e-01,-7.364811e-01,-4.772379e+00,-3.862243e-01,-1.796874e+00,4.301167e+00,-5.305791e-01,2.940134e+00,-1.136967e+00,-3.432462e-02,-2.993793e-01,-1.530967e-02,2.590537e-01,1.634518e-01,7.876477e-02,-1.155117e-02,8.911874e-02,2.209316e-02,8.149755e-03,-6.970525e-04,-1.176721e-02,-2.319230e-02,-1.909090e-02,-5.423687e-02,3.904677e-03,-1.730721e+00,3.190458e-04,2.052469e+02,1.271393e-02,1.272778e-02,4.384818e-02,-2.034116e+00,-2.395226e-02,-1.807866e-02,-1.108255e-01
611,6.110000,5.283831e-01,-1.031162e+01,3.807517e+00,-2.835787e+01,-4.071414e+01,1.489032e+01,-1.355512e+01,-6.299392e+00,7.975282e+00,-1.299063e+01,2.975472e+00,-1.886970e+01,3.420887e+00,-1.572262e+00,2.288872e+01,-1.572600e+01,-1.923146e+00,-7.399142e-03,2.287335e+00,2.351535e+00,2.287791e+00,1.490253e-02,-2.315974e+00,-1.217614e+00,4.877638e-01,5.767142e-01,8.746236e-01,9.919971e-01,1.232865e+00,1.509990e+00,1.724996e+00,2.535934e+00,2.087775e+02,8.630258e-01,-4.430227e-02,-8.839206e-01,-4.504291e-01,-7.199650e-02,2.836655e-01,2.185603e+00,4.047689e+00,-8.082060e-01,-1.538566e+00,-2.021936e+00,-8.644732e-01,-4.815367e-01,3.547953e+00,6.974066e-01,8.393019e-01,-1.267522e+00,-1.312561e-01,-3.511992e-01,-2.432376e-01,5.638742e-03,-4.315669e-02,-2.358100e-01,-1.447455e-01,-4.817414e-03,1.365245e-02,2.025791e-02,3.377175e-03,2.308398e-03,-8.785283e-03,4.405463e-03,1.533326e-02,3.662608e-02,-1.735011e+00,-1.506066e-03,2.034499e+02,1.043598e-02,7.488882e-03,3.755598e-02,-1.747871e+00,-7.759931e-03,-7.658920e-03,-2.976311e-02
612,6.120000,3.326247e-01,-1.149723e+01,3.284482e+00,-2.768323e+01,-4.040092e+01,1.618664e+01,-9.060474e+00,-8.475502e+00,5.937140e+00,-1.275789e+01,-1.316448e-03,-1.750490e+01,5.307256e+00,-5.177711e-01,2.364194e+01,-1.827460e+01,-2.065722e+00,-3.426286e-01,1.983898e+00,2.259245e+00,2.179105e+00,-3.738870e-01,-2.525333e+00,-1.322906e+00,4.930083e-01,5.946909e-01,8.706324e-01,9.963059e-01,1.228190e+00,1.501903e+00,1.767584e+00,2.627000e+00,2.070510e+02,8.600853e-01,-7.212736e-02,-1.248355e+00,-2.192590e-01,4.929100e-01,1.055481e-01,7.270812e-01,2.809024e+00,-1.948344e+00,-2.079666e+00,-1.051300e-01,-9.010634e-01,5.811424e-01,2.074109e+00,8.883291e-01,-3.377035e-01,-1.319363e+00,-1.139355e-01,-2.580150e-01,-3.016181e-01,-1.149569e-01,-1.198415e-01,-3.446722e-01,-1.868251e-01,-1.124492e-01,3.040868e-03,1.485060e-02,-1.981825e-03,3.427190e-03,-1.471174e-02,8.301223e-03,3.890214e-02,3.043437e-02,-1.690546e+00,-2.509260e-03,2.018715e+02,7.458694e-03,3.676614e-03,4.894185e-02,-1.557141e+00,-2.192073e-03,-1.803400e-03,3.157728e-03
613,6.130000,3.067161e-01,-1.301987e+01,3.764768e+00,-2.739798e+01,-4.064799e+01,1.609663e+01,-7.748232e+00,-1.152622e+01,3.633445e+00,-1.031372e+01,8.538570e-01,-1.618371e+01,6.806680e+00,4.801903e-01,2.150357e+01,-1.860931e+01,-2.177032e+00,-4.804700e-01,1.648748e+00,2.099280e+00,2.081709e+00,-7.826069e-01,-2.768724e+00,-1.574863e+00,4.901082e-01,6.103837e-01,8.760138e-01,1.005102e+00,1.213726e+00,1.533683e+00,1.891791e+00,2.644325e+00,2.053983e+02,8.567321e-01,-2.442217e-02,-1.395069e+00,1.413374e-02,4.713472e-01,3.722084e-01,-8.992550e-01,1.590745e+00,-2.254616e+00,-2.733788e+00,4.812075e-01,-4.722323e-01,6.129912e-01,3.426511e-01,6.294012e-01,-1.029551e+00,-8.601463e-01,-7.720339e-02,-1.777955e-01,-3.093676e-01,-1.798818e-01,-1.694251e-01,-3.484787e-01,-1.539822e-01,-1.961772e-01,-1.872942e-03,1.012617e-02,2.040869e-03,4.000926e-03,-3.190696e-03,2.038165e-02,6.399791e-02,2.476549e-02,-1.637373e+00,-2.716243e-03,2.004402e+02,5.361493e-03,4.810177e-03,4.593574e-02,-1.477864e+00,-1.738430e-03,-3.820513e-04,7.293616e-03
614,6.140000,3.250633e-01,-1.449612e+01,3.587146e+00,-2.678760e+01,-4.050900e+01,1.426794e+01,-7.272203e+00,-1.394691e+01,6.317300e-01,-1.121029e+01,7.378876e-01,-1.530520e+01,5.921469e+00,8.569179e-01,2.100499e+01,-2.011357e+01,-2.228443e+00,-6.306911e-01,1.333902e+00,1.872938e+00,1.848560e+00,-1.107085e+00,-2.860990e+00,-1.748528e+00,4.867651e-01,6.167023e-01,8.782730e-01,1.007935e+00,1.219072e+00,1.568742e+00,1.954910e+00,2.651614e+00,2.037902e+02,8.550953e-01,2.906829e-03,-1.282225e+00,-1.855414e-01,6.819572e-01,6.748974e-01,-1.900734e+00,5.738927e-01,-1.916868e+00,-3.250603e+00,-2.070532e-02,-6.657317e-01,-5.232815e-01,-9.433915e-01,-1.163071e-03,-1.674588e+00,-3.313095e-01,-3.489065e-02,-1.406844e-01,-2.961044e-01,-2.200661e-01,-2.093604e-01,-2.983283e-01,-8.748691e-02,-1.770778e-01,-5.376074e-03,2.785897e-03,3.581703e-04,-3.433228e-05,-8.629966e-03,1.087132e-02,1.198589e-02,-1.500440e-03,-1.602402e+00,-3.293467e-03,1.989661e+02,4.290809e-03,5.050137e-03,5.544694e-02,-1.497493e+00,-9.066753e-04,2.028932e-04,1.664784e-02
615,6.150000,4.100529e-01,-1.578752e+01,3.726854e+00,-2.644895e+01,-3.879906e+01,1.135339e+01,-6.495529e+00,-1.483677e+01,-3.040956e+00,-1.135839e+01,2.447083e-01,-1.690459e+01,4.827036e+00,8.874000e-01,1.905945e+01,-1.910724e+01,-2.227802e+00,-7.523454e-01,1.065495e+00,1.645280e+00,1.605938e+00,-1.360892e+00,-2.918056e+00,-1.985688e+00,4.815207e-01,6.163394e-01,8.810076e-01,1.006187e+00,1.221470e+00,1.578479e+00,1.951323e+00,2.647454e+00,2.022210e+02,8.519396e-01,-4.728678e-03,-1.056870e+00,-3.691769e-01,1.026497e+00,1.245257e+00,-2.323120e+00,8.097946e-01,-1.349692e+00,-2.738206e+00,-5.715790e-02,-8.312780e-01,-7.359685e-01,-2.380976e+00,-4.132468e-01,-1.934136e+00,1.118011e-02,-2.952275e-02,-1.315351e-01,-2.739815e-01,-2.321994e-01,-2.370478e-01,-2.471547e-01,-2.655554e-02,-1.291431e-01,-8.069637e-03,-2.944493e-03,-2.622098e-03,-5.747229e-03,-1.213263e-02,-7.562888e-03,-4.020208e-02,-8.769130e-03,-1.621403e+00,-5.301440e-03,1.975133e+02,3.327777e-03,4.891864e-03,7.077152e-02,-1.678424e+00,-7.742932e-05,-3.492839e-04,2.617166e-02
616,6.160000,2.954905e-01,-1.652453e+01,2.375732e+00,-2.474796e+01,-3.795090e+01,9.054587e+00,-6.817362e+00,-1.640457e+01,-6.978676e+00,-1.233908e+01,-3.025401e+00,-1.976086e+01,1.580121e+00,-7.271913e-01,1.649107e+01,-1.968218e+01,-2.214790e+00,-9.101127e-01,7.950023e-01,1.385914e+00,1.370188e+00,-1.576386e+00,-2.888101e+00,-2.002882e+00,4.704217e-01,6.056425e-01,8.699263e-01,9.955918e-01,1.181168e+00,1.533862e+00,1.797748e+00,2.617933e+00,2.006276e+02,8.460142e-01,-3.873968e-03,-9.468610e-01,-4.476822e-01,1.391801e+00,1.516378e+00,-2.311125e+00,1.089877e+00,-5.188794e-01,-1.800056e+00,5.774276e-01,1.707557e-01,-3.068546e-01,-3.558220e+00,-9.025569e-01,-2.090865e+00,-4.169464e-02,-7.423816e-02,-1.237953e-01,-2.674605e-01,-2.415717e-01,-2.630564e-01,-2.131613e-01,6.900596e-03,-9.287648e-02,-9.606284e-03,-4.231298e-03,-1.649779e-03,-8.520323e-03,-3.985882e-04,-1.072303e-02,-3.307103e-02,-4.010701e-03,-1.733220e+00,-8.208794e-03,1.958474e+02,3.942175e-03,4.650237e-03,1.197631e-01,-2.068675e+00,7.411994e-04,-4.102593e-04,2.779972e-02
617,6.170000,2.978592e-01,-1.729001e+01,2.524590e+00,-2.328532e+01,-3.570076e+01,7.087702e+00,-3.926680e+00,-1.704585e+01,-6.252381e+00,-1.003512e+01,-1.420889e+00,-1.763572e+01,-2.927527e+00,-7.939892e-01,1.408985e+01,-1.876911e+01,-2.331473e+00,-9.984345e-01,5.482907e-01,1.181794e+00,1.135656e+00,-1.783730e+00,-2.887946e+00,-2.093402e+00,4.579318e-01,6.011911e-01,8.670766e-01,9.825377e-01,1.172015e+00,1.513309e+00,1.769361e+00,2.617319e+00,1.988726e+02,8.347654e-01,1.174152e-03,-1.154486e+00,-1.850837e-01,2.090027e+00,1.553706e+00,-2.510553e+00,1.549910e+00,3.356918e-01,-2.800331e-01,8.223495e-01,2.245858e+00,1.058063e+00,-4.439601e+00,-1.483044e+00,-1.628131e+00,-3.853188e-02,-1.316701e-01,-1.064030e-01,-2.659208e-01,-2.909524e-01,-3.736642e-01,-2.402825e-01,-1.979871e-02,-8.175655e-02,-1.227633e-02,-8.381808e-03,-5.966621e-03,-1.311639e-02,8.955347e-03,-6.708622e-04,-8.703208e-03,-3.440378e-02,-1.935268e+00,-1.066815e-02,1.936074e+02,5.148664e-03,3.263708e-03,1.446359e-01,-2.541409e+00,9.634467e-04,-2.203047e-04,1.665682e-02
618,6.180000,3.617904e-01,-1.847918e+01,1.949866e+00,-2.141042e+01,-3.447626e+01,4.845156e+00,-3.107245e+00,-1.543676e+01,-6.762839e+00,-8.984789e+00,2.424464e+00,-1.647391e+01,-7.992349e+00,-2.815172e+00,1.303546e+01,-2.049111e+01,-2.547799e+00,-1.126623e+00,2.552024e-01,8.968222e-01,7.684188e-01,-1.961473e+00,-2.841542e+00,-2.159054e+00,4.505282e-01,6.031199e-01,8.769896e-01,9.771581e-01,1.241807e+00,1.547712e+00,1.880536e+00,2.646628e+00,1.967983e+02,8.226385e-01,2.138006e-02,-1.751493e+00,7.902513e-02,3.517658e+00,1.727756e+00,-3.460930e+00,1.254292e+00,9.621094e-01,3.045398e-01,1.737865e+00,3.993953e+00,1.762722e+00,-4.005495e+00,-2.414810e+00,-1.638275e+00,4.651201e-01,-1.739928e-01,-7.581161e-02,-3.138313e-01,-4.685205e-01,-6.039684e-01,-3.668455e-01,-7.570980e-02,-1.132404e-01,-1.962891e-02,-1.974133e-02,-1.684557e-02,-1.557380e-02,9.336543e-03,1.016691e-02,6.957459e-03,-6.981482e-02,-2.132764e+00,-1.246269e-02,1.905757e+02,7.086363e-03,3.812918e-03,1.575133e-01,-2.725246e+00,2.467973e-03,1.712736e-03,2.571647e-03
619,6.190000,3.827737e-01,-2.058262e+01,3.014368e+00,-1.766759e+01,-3.276785e+01,9.053443e-01,-6.010374e-01,-1.364221e+01,-4.549039e+00,-8.923791e+00,8.749067e+00,-1.325775e+01,-1.258473e+01,-5.483831e+00,1.264660e+01,-1.889544e+01,-2.719648e+00,-1.176105e+00,5.791555e-03,4.350637e-01,3.850138e-02,-2.369761e+00,-3.040329e+00,-2.316385e+00,4.300858e-01,5.756916e-01,8.476428e-01,9.498221e-01,1.235927e+00,1.568199e+00,1.866413e+00,2.461088e+00,1.944593e+02,8.102868e-01,-1.548066e-02,-2.361149e+00,-7.271001e-02,5.667345e+00,2.186054e+00,-4.387946e+00,-1.397978e-01,1.045385e+00,2.828991e-01,1.970161e+00,3.788832e+00,1.365734e+00,-2.663397e+00,-2.492867e+00,-1.444389e+00,8.052309e-01,-1.530157e-01,-7.447703e-02,-4.098303e-01,-7.464074e-01,-8.870136e-01,-4.806105e-01,-1.316795e-01,-1.073815e-01,-3.083823e-02,-3.608486e-02,-3.571126e-02,-1.502495e-02,1.448703e-03,1.008889e-02,-2.390214e-02,-8.871849e-02,-2.218690e+00,-1.166905e-02,1.874421e+02,6.572917e-03,4.208999e-03,1.351805e-01,-2.476471e+00,3.587521e-03,3.398520e-03,7.673740e-03
620,6.200000,3.599335e-01,-2.363569e+01,2.525969e+00,-9.968535e+00,-3.077857e+01,-5.158885e+00,-2.208723e+00,-1.329584e+01,-6.307648e+00,-4.205418e+00,1.185939e+01,-1.313624e+01,-1.361875e+01,-1.045632e+01,9.021321e+00,-1.729342e+01,-2.890666e+00,-1.200335e+00,-5.029047e-01,-5.833232e-01,-1.101077e+00,-3.117598e+00,-3.190458e+00,-2.457592e+00,3.862002e-01,5.196856e-01,7.954153e-01,9.340806e-01,1.195894e+00,1.557251e+00,1.784009e+00,2.346975e+00,1.921704e+02,7.959401e-01,-6.059223e-02,-2.561295e+00,-4.525202e-01,7.066516e+00,3.293687e+00,-4.472139e+00,-1.489134e+00,1.227110e+00,3.682683e-01,2.126553e+00,2.735120e+00,1.199166e+00,-5.675632e-01,-1.389573e+00,-1.652797e+00,6.941618e-01,-1.177983e-01,-8.929670e-02,-5.108420e-01,-9.584497e-01,-1.048661e+00,-4.731882e-01,-1.249023e-01,-8.043762e-02,-4.062434e-02,-4.489064e-02,-4.699693e-02,-5.481935e-03,-1.728785e-03,5.384946e-03,-5.208414e-02,-5.255144e-02,-2.155699e+00,-8.468777e-03,1.853038e+02,1.556991e-02,1.274127e-02,1.373491e-01,-1.966725e+00,3.703956e-03,4.054368e-03,8.613721e-03
621,6.210000,2.213843e-01,-2.651750e+01,1.872989e+00,-6.695356e-01,-2.661933e+01,-9.850005e+00,-5.074930e+00,-1.288939e+01,-5.065481e+00,-2.574001e+00,1.280581e+01,-1.247589e+01,-1.343131e+01,-9.437747e+00,8.874974e+00,-1.634180e+01,-2.925117e+00,-1.333964e+00,-1.121807e+00,-1.810170e+00,-2.364665e+00,-3.608720e+00,-3.371886e+00,-2.481040e+00,3.359046e-01,4.624840e-01,7.293075e-01,9.289517e-01,1.202214e+00,1.558984e+00,1.698114e+00,2.323554e+00,1.900931e+02,7.897694e-01,-6.384765e-02,-2.257092e+00,-8.670513e-01,6.510886e+00,3.586161e+00,-3.589505e+00,-2.548899e+00,1.992906e+00,7.555112e-01,1.685456e+00,1.494358e+00,7.762880e-01,9.355246e-01,6.503817e-01,-1.707816e+00,-6.433464e-01,-1.184839e-01,-1.080710e-01,-5.081217e-01,-9.456100e-01,-9.720491e-01,-3.113075e-01,-8.533106e-02,-5.907593e-02,-3.742217e-02,-3.853149e-02,-4.113854e-02,6.395054e-03,2.112474e-02,1.226116e-02,-3.662794e-02,1.728106e-02,-2.003351e+00,-3.887141e-03,1.838609e+02,1.884449e-02,1.579214e-02,1.930867e-01,-1.546304e+00,1.137058e-03,2.295474e-03,9.249536e-03
622,6.220000,1.395239e-01,-2.831821e+01,2.579546e-01,5.423139e+00,-2.108209e+01,-1.213787e+01,-8.315969e+00,-9.677624e+00,-4.663276e+00,-1.526920e+00,1.407169e+01,-1.086902e+01,-1.040688e+01,-7.786080e+00,6.657284e+00,-1.829712e+01,-3.034056e+00,-1.494177e+00,-1.735208e+00,-2.772809e+00,-3.273305e+00,-3.707934e+00,-3.300276e+00,-2.478914e+00,2.944970e-01,4.352705e-01,7.011726e-01,9.601836e-01,1.250019e+00,1.579245e+00,1.704264e+00,2.452638e+00,1.882030e+02,7.905533e-01,-1.695668e-02,-1.568747e+00,-8.430406e-01,4.323969e+00,2.842899e+00,-2.117874e+00,-2.275330e+00,2.721584e+00,1.854795e+00,1.106038e+00,9.767044e-01,9.174026e-01,1.615772e+00,1.706575e+00,-1.569867e+00,-1.291045e+00,-1.407586e-01,-1.050228e-01,-3.627548e-01,-6.934515e-01,-6.924158e-01,-1.280868e-01,-6.699014e-02,-4.743972e-02,-2.217558e-02,-2.374511e-02,-2.146330e-02,1.295098e-02,3.817962e-02,1.886146e-02,-1.420383e-02,4.328439e-02,-1.857957e+00,1.978874e-06,1.825326e+02,1.947035e-02,1.829319e-02,1.716288e-01,-1.421768e+00,-2.757091e-03,-6.809615e-04,-9.027444e-03
623,6.230000,1.737403e-01,-2.952682e+01,-1.868819e-01,7.191006e+00,-1.968529e+01,-1.355269e+01,-1.029191e+01,-5.486786e+00,-1.593669e+00,-1.835762e+00,1.511471e+01,-1.050992e+01,-9.513050e+00,-3.567043e+00,5.289533e+00,-2.161032e+01,-3.240373e+00,-1.569539e+00,-1.918665e+00,-3.198243e+00,-3.735630e+00,-3.631130e+00,-3.412076e+00,-2.601104e+00,2.888265e-01,4.252417e-01,6.890715e-01,9.687459e-01,1.314489e+00,1.618508e+00,1.723145e+00,2.494662e+00,1.864263e+02,7.935445e-01,4.397666e-02,-1.097517e+00,-6.497701e-01,2.390721e+00,1.620667e+00,-1.640198e+00,-1.442947e+00,2.186467e+00,2.185466e+00,1.348633e+00,6.161176e-01,6.915072e-01,1.960365e+00,1.185954e+00,-1.494123e+00,-1.188565e+00,-1.694510e-01,-7.353578e-02,-2.052877e-01,-4.479240e-01,-4.409759e-01,-8.745577e-02,-5.269446e-02,-4.861925e-02,-5.112618e-03,-1.363673e-02,-4.999459e-03,1.087697e-02,4.468527e-02,1.737053e-02,2.096772e-02,4.946265e-02,-1.758972e+00,-6.705403e-04,1.810962e+02,1.030798e-02,1.291041e-02,1.642883e-01,-1.462006e+00,-3.857590e-03,-2.189760e-03,-1.783842e-02
624,6.240000,2.989721e-01,-2.997477e+01,-6.592990e-01,7.721040e+00,-2.003110e+01,-1.389691e+01,-1.097688e+01,-3.389219e+00,1.230420e+00,9.556510e-01,1.558846e+01,-9.532207e+00,-7.499021e+00,-4.858796e+00,2.964709e+00,-2.111438e+01,-3.436831e+00,-1.607662e+00,-1.918250e+00,-3.356544e+00,-3.877673e+00,-3.746827e+00,-3.505314e+00,-2.634759e+00,2.988613e-01,4.195812e-01,7.082168e-01,9.789384e-01,1.330655e+00,1.621796e+00,1.700474e+00,2.477843e+00,1.847140e+02,7.940624e-01,6.300472e-02,-9.025894e-01,-4.934462e-01,1.551939e+00,1.174967e+00,-1.743717e+00,-4.411316e-01,1.010916e+00,1.860559e+00,4.325959e-01,3.166805e-01,1.011413e+00,1.195163e+00,-1.372946e-01,-7.705213e-01,-4.633522e-02,-1.433377e-01,-9.342841e-02,-1.460200e-01,-3.087388e-01,-3.319328e-01,-8.709550e-02,-4.576809e-02,-2.663064e-02,3.534388e-03,-8.266658e-03,5.845463e-03,1.232424e-02,5.407570e-02,1.109297e-02,5.464406e-02,4.361796e-02,-1.714874e+00,-3.424728e-03,1.795773e+02,6.052713e-03,1.077733e-02,1.066111e-01,-1.582588e+00,-3.140646e-03,-2.805046e-03,-1.322497e-02
625,6.250000,3.615435e-01,-3.117681e+01,-9.172350e-01,1.013512e+01,-1.904149e+01,-1.717147e+01,-1.095921e+01,-5.101254e+00,2.915000e+00,2.927876e+00,1.512801e+01,-9.686757e+00,-5.083414e+00,-4.971621e+00,3.250646e+00,-2.087599e+01,-3.570985e+00,-1.644900e+00,-2.056725e+00,-3.757923e+00,-4.267360e+00,-4.026553e+00,-3.532839e+00,-2.646214e+00,3.081594e-01,4.021450e-01,7.007881e-01,9.739591e-01,1.385323e+00,1.624561e+00,1.804847e+00,2.558264e+00,1.830427e+02,7.846621e-01,2.312315e-02,-9.331083e-01,-5.502196e-01,1.554942e+00,1.335962e+00,-2.195299e+00,2.350007e-01,-2.652001e-02,1.354809e+00,-5.173658e-01,-3.674979e-01,1.579356e+00,1.624306e+00,-1.332139e+00,-3.562575e-01,5.853533e-01,-1.257492e-01,-1.193198e-01,-1.773197e-01,-2.765943e-01,-3.447049e-01,-1.323473e-01,-6.222153e-03,8.175206e-03,4.800439e-04,-7.353565e-03,3.637850e-04,1.299108e-02,3.404729e-02,5.999207e-04,5.866062e-02,1.872621e-02,-1.673950e+00,-1.083158e-02,1.780286e+02,6.265369e-03,8.601266e-03,1.364035e-01,-1.551190e+00,-8.367242e-04,-1.943164e-03,-1.277411e-02
626,6.260000,3.606459e-01,-3.200616e+01,-1.844100e+00,1.171078e+01,-1.552915e+01,-1.904706e+01,-1.018798e+01,-4.815813e+00,2.385186e+00,-1.745759e+00,1.564844e+01,-6.223531e+00,-6.645879e+00,-7.770264e+00,3.824121e+00,-1.889596e+01,-3.585438e+00,-1.923639e+00,-2.396278e+00,-4.036664e+00,-4.667104e+00,-3.945701e+00,-3.468735e+00,-2.589513e+00,3.025025e-01,4.054856e-01,7.245417e-01,1.019198e+00,1.484981e+00,1.631683e+00,1.936634e+00,2.638926e+00,1.813204e+02,7.778708e-01,-1.365230e-02,-1.046561e+00,-7.434393e-01,1.141282e+00,1.142260e+00,-2.070245e+00,6.902188e-01,6.179810e-01,1.654463e+00,-1.507803e+00,-2.003556e+00,8.765837e-01,1.716551e+00,-8.066664e-01,-3.537385e-01,1.224174e-01,-1.552043e-01,-2.240624e-01,-1.842002e-01,-2.311996e-01,-3.252184e-01,-1.216196e-01,4.208731e-03,6.845331e-03,1.985788e-04,-2.095848e-04,-1.511419e-03,2.303177e-02,2.107655e-02,2.541733e-03,5.335482e-02,1.039362e-03,-1.517149e+00,-2.174187e-02,1.761535e+02,5.788429e-03,6.422529e-03,1.194464e-01,-1.293824e+01,-4.942772e-04,-1.934164e-03,-1.732488e-02
627,6.270000,2.585191e-01,-3.317667e+01,-2.345579e+00,1.297085e+01,-1.525646e+01,-2.195411e+01,-9.511360e+00,-4.906089e+00,4.602992e+00,-3.071886e+00,1.324723e+01,-4.267476e+00,-1.818091e+00,-8.772004e+00,3.078540e+00,-1.979276e+01,-3.794816e+00,-2.008149e+00,-2.566250e+00,-4.241155e+00,-5.064439e+00,-4.193430e+00,-3.461476e+00,-2.582851e+00,2.894061e-01,3.955216e-01,6.827280e-01,1.013571e+00,1.407562e+00,1.616564e+00,1.898369e+00,2.507751e+00,1.797533e+02,7.474824e-01,-3.380019e-02,-1.069479e+00,-1.326500e+00,-1.732865e-01,2.177211e-01,-1.308302e+00,1.245286e+00,1.612245e+00,2.004834e+00,-1.314018e+00,-3.712902e+00,-8.231173e-01,1.933552e+00,-6.110471e-01,-1.980116e-01,-5.145845e-01,-2.776258e-01,-3.710719e-01,-1.545080e-01,-1.404191e-01,-2.106225e-01,-1.011748e-01,3.948738e-02,8.598471e-03,5.941665e-03,1.120820e-02,-4.107708e-03,2.384396e-02,-8.577347e-04,3.103292e-03,2.526641e-04,-3.698172e-02,-1.188805e+00,-3.030801e-02,1.750522e+02,6.256504e-03,5.371988e-03,9.400014e-02,-2.993251e+01,-9.918173e-04,-1.842794e-03,-3.117951e-02
628,6.280000,2.822228e-01,-3.420765e+01,-3.662323e+00,1.200959e+01,-1.621232e+01,-2.185682e+01,-8.249714e+00,-3.968965e-01,8.658737e+00,-3.583484e+00,6.511075e+00,-7.858929e+00,-5.489253e-01,-6.991936e+00,1.282070e+00,-2.104391e+01,-4.100937e+00,-2.546349e+00,-2.584489e+00,-4.270926e+00,-5.105226e+00,-4.271486e+00,-3.519952e+00,-2.632214e+00,3.092308e-01,4.218449e-01,7.096898e-01,1.074291e+00,1.424918e+00,1.638503e+00,1.920488e+00,2.508296e+00,1.787729e+02,7.039430e-01,-3.699098e-02,-1.208250e+00,-1.891238e+00,-1.624020e+00,-3.185883e-01,-4.358211e-01,1.785783e+00,2.468849e+00,1.830444e+00,-7.789251e-01,-3.961337e+00,-2.619915e+00,1.373273e+00,-2.117701e-01,1.707341e-01,-4.656170e-01,-4.240729e-01,-5.254756e-01,-1.559753e-01,-8.596893e-02,-9.911094e-02,-5.942016e-02,4.535220e-02,-2.540808e-02,1.238745e-02,2.145630e-02,-4.077882e-03,1.200080e-02,-1.133069e-02,-4.021931e-03,-3.223861e-02,-8.001852e-02,-7.277039e-01,-3.284812e-02,1.163743e+02,3.585759e-03,2.721148e-03,4.118832e-02,-4.691036e+01,-1.542574e-03,-1.697906e-03,-3.132579e-02
629,6.290000,2.317541e-01,-3.542347e+01,-6.640621e+00,9.119283e+00,-1.761130e+01,-2.230810e+01,-5.701910e+00,7.505128e-01,9.802392e+00,-2.723351e+00,1.132189e+00,-1.298464e+01,1.535869e+00,-8.416020e+00,3.531613e+00,-2.237494e+01,-4.701364e+00,-3.188905e+00,-2.735160e+00,-4.342887e+00,-5.101412e+00,-4.369534e+00,-3.309793e+00,-2.581871e+00,3.345036e-01,4.500063e-01,6.876755e-01,1.065632e+00,1.411065e+00,1.636667e+00,1.814184e+00,2.438671e+00,1.783724e+02,6.700860e-01,-3.519099e-02,-1.240292e+00,-2.374032e+00,-2.928828e+00,-4.146020e-01,9.661026e-02,1.471442e+00,2.444323e+00,3.096076e-01,-1.507768e+00,-1.516126e+00,-2.241203e+00,-7.231728e-01,-2.749190e-01,1.531247e+00,1.205246e+00,-5.208710e-01,-5.885406e-01,-2.001751e-01,-5.357323e-02,-4.058719e-02,6.604953e-02,3.508735e-02,-5.086892e-02,1.604352e-02,2.729138e-02,8.379000e-03,5.245507e-03,1.206492e-02,-9.205532e-03,-2.812829e-02,-7.072666e-02,-3.162552e-01,-2.465398e-02,5.825563e+01,2.407617e-03,1.237984e-03,1.963499e-02,-4.664787e+01,-1.609877e-03,-1.346512e-03,-2.291886e-02
630,6.300000,1.890735e-01,-3.692402e+01,-9.152768e+00,5.516466e+00,-1.594467e+01,-2.104917e+01,-3.163786e+00,4.700133e+00,8.937705e+00,-5.814653e+00,1.899273e+00,-1.496452e+01,-1.456496e+00,-9.007106e+00,4.451254e+00,-1.993295e+01,-5.252529e+00,-3.960639e+00,-3.091699e+00,-4.415642e+00,-5.144173e+00,-4.154749e+00,-3.317815e+00,-2.717043e+00,3.418911e-01,4.855247e-01,7.016785e-01,1.053172e+00,1.426576e+00,1.601522e+00,1.817533e+00,2.273374e+00,1.783724e+02,6.523284e-01,-4.056423e-02,-1.268914e+00,-2.162782e+00,-2.894346e+00,-3.096502e-01,4.326176e-01,9.048198e-01,2.096816e+00,-4.203995e-01,-1.585298e+00,7.611101e-01,-5.628777e-01,-6.702722e-01,9.972976e-01,2.506696e+00,4.116919e+00,-5.283982e-01,-5.284389e-01,-1.957213e-01,-7.121606e-02,-5.561505e-02,6.892572e-02,-4.475639e-02,-8.847792e-02,1.430159e-02,2.201604e-02,1.367183e-02,-4.220724e-03,9.115708e-03,-1.661583e-02,-1.355312e-02,-5.064800e-02,-8.011780e-02,-1.481904e-02,0,0,0,0,-2.910043e+01,-9.579135e-04,-6.680280e-04,-1.020116e-02
631,6.310000,1.291388e-01,-3.801994e+01,-1.147052e+01,1.573267e+00,-1.746329e+01,-2.187488e+01,-4.697117e+00,4.767009e+00,6.011546e+00,-9.495143e+00,7.972497e+00,-1.192070e+01,-4.980169e+00,-9.139014e+00,9.150182e+00,-1.432201e+01,-5.823375e+00,-4.243707e+00,-3.313520e+00,-4.436663e+00,-5.247902e+00,-3.921551e+00,-3.387108e+00,-2.794781e+00,3.532936e-01,5.001386e-01,7.286286e-01,1.050359e+00,1.467058e+00,1.589027e+00,1.809205e+00,2.271579e+00,1.783724e+02,6.500197e-01,-1.343274e-02,-1.108260e+00,-1.540532e+00,-2.067783e+00,-9.115871e-01,-2.165445e-01,3.601747e-02,1.993729e+00,-4.794006e-02,-1.855223e+00,1.494815e+00,1.497902e+00,-3.716919e-01,2.572576e+00,2.407773e+00,5.431568e+00,-4.500450e-01,-3.592832e-01,-8.798718e-02,-5.171246e-02,-1.133511e-01,4.493766e-02,-1.233428e-01,-8.538167e-02,1.482266e-02,1.405038e-02,1.882553e-02,5.223108e-03,1.985146e-02,-5.959177e-03,1.251020e-02,6.641746e-03,0,-5.045546e-02,0,0,0,0,-1.165113e+01,-4.815234e-04,-2.475969e-04,-3.926997e-03
632,6.320000,1.307093e-01,-3.925398e+01,-1.206129e+01,1.310863e+00,-1.783458e+01,-1.991034e+01,-4.228012e+00,8.078936e+00,8.452163e+00,-8.124080e+00,6.896471e+00,-1.120529e+01,-6.422674e-01,-1.643951e+00,1.100626e+01,-4.485781e+00,-6.181922e+00,-4.661142e+00,-3.273915e+00,-4.580118e+00,-5.310056e+00,-4.150849e+00,-3.705076e+00,-2.968148e+00,3.713438e-01,5.068590e-01,7.575724e-01,1.060824e+00,1.442500e+00,1.579244e+00,1.855212e+00,2.338602e+00,1.783724e+02,6.398809e-01,1.438223e-02,-7.787308e-01,-7.234973e-01,-9.331064e-01,-1.458623e+00,-8.025562e-01,4.519949e-02,1.017693e+00,4.709761e-01,-1.586388e+00,1.957937e-01,2.356036e+00,1.285313e+00,2.975429e+00,2.188952e+00,4.565253e+00,-2.883576e-01,-1.796056e-01,1.730490e-02,-1.772881e-03,-1.313321e-01,-5.540090e-02,-1.242056e-01,-4.244380e-02,1.308512e-02,6.765026e-03,4.327488e-03,5.412948e-03,7.420540e-03,4.287958e-03,-9.684312e-03,4.095569e-02,0,-6.728756e-02,0,0,0,0,0,0,0,0
633,6.330000,1.937726e-01,-3.979979e+01,-1.288902e+01,8.831685e-01,-2.122428e+01,-2.396024e+01,-4.989710e+00,9.029759e+00,9.805463e+00,-1.084475e+01,6.107663e+00,-7.374749e+00,-7.297049e-01,7.652798e-01,1.229298e+01,-2.940685e+00,-6.486892e+00,-4.635069e+00,-3.083987e+00,-4.519211e+00,-5.585226e+00,-4.146796e+00,-3.732877e+00,-2.883226e+00,3.938905e-01,5.095911e-01,7.538562e-01,1.087922e+00,1.502360e+00,1.618011e+00,1.857895e+00,2.439265e+00,1.783724e+02,4.240324e-01,2.033624e-02,-3.164528e-01,-2.375713e-01,-7.666878e-02,-1.227990e+00,-9.871296e-01,6.959831e-01,-4.452872e-02,1.070843e+00,-1.477198e+00,-1.035416e-01,2.519105e+00,2.110539e+00,1.425196e+00,9.370767e-01,1.340623e+00,-1.351366e-01,-2.951069e-02,1.428735e-02,6.260638e-02,-1.067846e-01,-7.370067e-02,-5.367677e-02,5.220933e-02,7.040235e-03,5.092531e-03,-9.511334e-03,-4.964232e-04,-4.941928e-03,3.846145e-03,-2.350334e-02,2.631464e-02,0,-6.246859e-02,0,0,0,0,0,0,0,0
634,6.340000,2.286678e-01,-3.992775e+01,-1.206100e+01,1.195983e+00,-2.135729e+01,-2.401927e+01,-2.791492e+00,7.657225e+00,9.395627e+00,-1.307179e+01,3.810658e+00,-5.457312e+00,2.844835e+00,9.178924e-01,1.382462e+01,-2.797351e+00,-6.362558e+00,-4.662986e+00,-3.119941e+00,-4.383233e+00,-5.632171e+00,-4.319131e+00,-3.765959e+00,-2.885039e+00,3.870182e-01,5.146236e-01,7.107022e-01,1.061455e+00,1.446027e+00,1.608470e+00,1.744766e+00,2.394309e+00,1.783724e+02,4.288843e-01,8.218900e-04,7.076015e-01,1.889887e-02,-6.722639e-01,-8.324770e-01,4.073038e-01,-4.422662e-01,-2.538187e+00,8.612892e-01,3.941515e-01,-9.159565e-04,1.864193e+00,2.138410e+00,-1.776723e-01,5.758190e-01,-8.412790e-01,5.668926e-02,1.774988e-01,3.376150e-02,1.782956e-01,1.982284e-01,6.539998e-02,6.453066e-02,1.368018e-01,1.133314e-03,7.217574e-03,-2.947444e-03,4.955232e-03,-2.259493e-03,8.386111e-03,1.787961e-03,4.557722e-02,-2.218628e-02,1.194935e-02,0,0,0,0,1.180276e+01,0,0,3.218230e-02
635,6.350000,1.818408e-01,-3.926532e+01,-1.265852e+01,1.247363e+00,-2.184188e+01,-2.475607e+01,-1.935461e+00,4.755221e+00,1.089403e+01,-1.440728e+01,8.997695e+00,-2.199161e+00,3.828977e+00,-3.293957e+00,1.242639e+01,-8.463107e+00,-6.408741e+00,-4.390338e+00,-3.319071e+00,-4.222074e+00,-5.620768e+00,-4.205913e+00,-3.625050e+00,-2.575289e+00,3.806575e-01,5.217190e-01,7.045071e-01,1.047561e+00,1.440585e+00,1.593645e+00,1.746911e+00,2.375299e+00,1.783724e+02,4.431751e-01,-2.279490e-02,1.803645e+00,6.738472e-02,-1.423119e+00,-3.019947e-01,3.100433e+00,-2.504809e+00,-3.996103e+00,1.594369e+00,4.188274e+00,-4.802952e-01,2.122453e-01,2.146142e+00,-8.057789e-01,-3.792558e-01,-9.680562e-01,1.764998e-01,3.341500e-01,1.235538e-01,2.404547e-01,6.067372e-01,2.287264e-01,1.426499e-01,1.881833e-01,6.082654e-04,6.029374e-03,2.414149e-02,1.114855e-02,-1.486388e-02,-4.110229e-03,2.777971e-02,3.405035e-02,-8.861694e-02,9.009898e-02,0,0,0,0,2.944082e+01,0,0,8.045576e-02
636,6.360000,1.407847e-01,-3.598320e+01,-1.208205e+01,-2.232554e+00,-2.168816e+01,-1.747591e+01,-7.966467e+00,-2.474730e+00,1.221432e+01,-4.372059e+00,5.446875e+00,-4.472121e+00,7.770441e+00,-5.026937e-01,1.381865e+01,-5.930965e+00,-5.937552e+00,-3.896013e+00,-2.987566e+00,-3.837209e+00,-4.301143e+00,-3.794291e+00,-3.436336e+00,-2.438108e+00,3.836268e-01,5.368829e-01,7.675097e-01,1.105781e+00,1.462091e+00,1.633358e+00,1.919644e+00,2.598472e+00,1.782614e+02,6.900563e-01,-1.919845e-02,3.089249e+00,1.039154e+00,-2.469259e+00,-1.492494e+00,3.902451e+00,-4.860421e+00,-4.639729e+00,1.001147e+00,6.154811e+00,-6.694236e-01,-1.420062e+00,1.363661e-02,-6.142344e-01,-6.627287e-01,-3.969473e-01,3.868398e-01,6.487371e-01,4.566503e-01,4.415395e-01,9.674818e-01,3.878837e-01,1.613450e-01,1.721483e-01,3.387102e-03,-2.389455e-03,4.130112e-02,1.202699e-02,-2.470428e-02,-4.023230e-03,3.122312e-02,1.852918e-02,-2.303574e-01,1.036221e-01,5.901382e+01,0,0,1.609115e-01,4.691039e+01,0,0,1.287292e-01
637,6.370000,1.237396e-01,-3.275383e+01,-1.254158e+01,-4.518158e+00,-2.256882e+01,-1.172976e+01,-1.492627e+01,-5.884777e+00,1.636796e+01,5.746756e+00,2.888078e+00,-6.806118e+00,7.538199e+00,-2.553322e+00,1.039968e+01,-6.214159e+00,-5.816896e+00,-3.347806e+00,-2.532406e+00,-3.589950e+00,-3.217054e+00,-3.265584e+00,-3.184438e+00,-2.165776e+00,3.986275e-01,5.286083e-01,8.461599e-01,1.121501e+00,1.420009e+00,1.585016e+00,1.909355e+00,2.507436e+00,1.779847e+02,7.439413e-01,8.949121e-03,3.791806e+00,2.817977e+00,-2.887990e+00,-3.480983e+00,3.399405e+00,-4.226880e+00,-3.529681e+00,-8.749623e-01,4.892034e+00,6.298401e-02,-2.011555e+00,-2.823949e+00,-5.991279e-01,-6.065760e-01,6.997695e-02,6.065835e-01,9.111522e-01,8.066692e-01,7.151103e-01,1.066442e+00,3.633394e-01,8.414344e-02,7.276981e-02,4.501280e-03,-1.401827e-02,3.161706e-02,-1.369768e-02,-5.197167e-02,-1.491059e-02,-7.808924e-04,-7.293010e-03,-4.393616e-01,8.790751e-02,1.176972e+02,0,0,3.218230e-01,4.649958e+01,1.776870e-02,0,1.190867e-01
638,6.380000,1.617261e-01,-2.773724e+01,-6.923701e+00,-8.267550e+00,-2.845629e+01,-1.102017e+01,-2.059820e+01,-1.022142e+01,1.166440e+01,7.625254e+00,3.518348e+00,-1.025414e+01,1.058406e+00,-2.523597e+00,1.152433e+01,-5.906561e+00,-4.724281e+00,-1.940567e+00,-1.230021e+00,-2.491597e+00,-1.996619e+00,-2.849877e+00,-3.179540e+00,-2.229054e+00,3.949687e-01,4.992317e-01,8.463814e-01,1.084620e+00,1.332794e+00,1.592668e+00,1.819660e+00,2.420886e+00,1.774144e+02,7.966115e-01,3.366784e-02,3.848614e+00,4.312270e+00,-2.625960e+00,-5.327876e+00,8.432344e-01,-7.150299e-01,-6.665476e-01,-3.613421e+00,7.185552e-01,3.281542e+00,-1.186634e+00,-5.364194e+00,-1.507661e+00,-1.468973e-02,-8.147229e-01,7.248886e-01,1.071793e+00,1.015535e+00,9.892017e-01,8.555068e-01,2.520970e-01,4.436109e-02,7.805633e-03,7.591873e-04,-1.956796e-02,-1.210463e-03,-5.048152e-02,-5.987834e-02,-1.456549e-02,-9.630108e-03,-1.506534e-02,-6.564163e-01,3.642655e-02,1.757034e+02,0,0,4.827345e-01,2.842112e+01,2.933938e-02,1.436639e-02,3.521543e-02
639,6.390000,2.161157e-01,-2.442927e+01,-1.147801e+00,-1.017509e+01,-3.586273e+01,-1.098691e+01,-1.675400e+01,-9.019837e+00,6.794182e+00,4.054230e+00,1.027688e+01,-9.365926e+00,-6.934750e+00,-5.279145e+00,1.054067e+01,-8.125424e+00,-3.982458e+00,-8.123003e-01,-1.644970e-01,-1.319328e+00,-1.440817e+00,-2.861423e+00,-3.332731e+00,-2.315967e+00,3.974930e-01,4.704533e-01,8.231565e-01,9.896533e-01,1.245375e+00,1.539436e+00,1.792998e+00,2.427626e+00,1.765991e+02,8.294351e-01,5.745018e-02,3.211226e+00,4.444497e+00,-2.160738e+00,-5.227227e+00,-8.053074e-01,2.454881e+00,1.780696e+00,-5.292890e+00,-2.318879e+00,4.748820e+00,7.004840e-01,-5.337892e+00,-1.558986e+00,9.705520e-01,-9.640867e-01,6.819726e-01,9.481291e-01,9.330537e-01,1.035136e+00,5.752782e-01,1.548359e-01,5.582089e-02,-4.348094e-02,-1.860177e-03,-1.441666e-02,-2.258958e-02,-6.328882e-02,-3.906816e-02,-1.412153e-04,1.690512e-02,3.643694e-02,-7.865341e-01,1.590824e-02,1.741532e+02,8.884352e-02,0,4.345222e-01,1.071462e+01,3.132335e-02,2.356927e-02,-4.655366e-02
640,6.400000,2.629359e-01,-2.090241e+01,3.782415e+00,-1.253389e+01,-4.168058e+01,-1.363116e+01,-1.062775e+01,-4.239937e+00,-1.065893e+00,6.697940e-02,1.816018e+01,-9.125385e+00,-1.181405e+01,-6.678089e+00,1.367471e+01,-9.048947e+00,-3.230328e+00,1.951983e-01,9.061549e-01,-2.651087e-02,-9.117275e-01,-2.735886e+00,-3.140384e+00,-2.323984e+00,3.879900e-01,4.681207e-01,7.729591e-01,9.192972e-01,1.250016e+00,1.583320e+00,1.929672e+00,2.563050e+00,1.756722e+02,8.294422e-01,1.080697e-01,1.637741e+00,2.681284e+00,-4.828941e-01,-2.572688e+00,-1.794169e+00,4.080782e+00,3.605461e+00,-5.281984e+00,-3.199004e+00,4.797225e+00,2.840339e+00,-3.098400e+00,-1.615155e+00,1.152926e+00,-6.455110e-01,3.868777e-01,4.972191e-01,4.725279e-01,6.714621e-01,1.631903e-01,6.861021e-02,1.218161e-01,-3.417206e-02,-5.033153e-03,-7.543919e-03,-2.522122e-02,-5.587968e-02,-2.614816e-02,6.403732e-03,8.421230e-03,9.574985e-03,-7.444580e-01,-5.608662e-02,1.728915e+02,1.022751e-01,7.183196e-02,2.806391e-01,-1.224585e+01,4.990708e-03,2.457912e-02,-1.055082e-01
641,6.410000,3.603856e-01,-2.011512e+01,4.327852e+00,-1.318868e+01,-4.209281e+01,-1.445080e+01,-7.637082e+00,2.796117e-02,-3.731342e+00,-2.068503e+00,1.931126e+01,-3.868076e+00,-1.271503e+01,-8.271007e+00,1.417725e+01,-9.463400e+00,-3.154010e+00,3.249566e-01,1.064774e+00,3.531848e-01,-8.831086e-01,-2.548400e+00,-2.924912e+00,-2.335715e+00,3.928160e-01,4.720805e-01,7.699232e-01,8.877186e-01,1.266057e+00,1.588984e+00,1.938875e+00,2.618539e+00,1.749232e+02,8.070672e-01,1.067867e-01,-3.714232e-01,8.020269e-01,1.615328e+00,6.632984e-01,-2.124794e+00,3.324176e+00,2.918317e+00,-4.606053e+00,-2.980509e+00,2.997041e+00,4.070889e+00,4.199451e-01,-6.327056e-01,1.450401e+00,3.263810e-01,1.002063e-01,-6.628804e-03,-1.110178e-01,1.025307e-01,-2.633319e-01,-8.909917e-02,6.705885e-02,-8.029532e-02,-1.380101e-02,-4.588908e-03,-2.194241e-02,-3.786135e-02,-8.248663e-03,1.556795e-02,-2.862163e-02,-3.110652e-02,-5.511643e-01,-1.447982e-01,1.726762e+02,1.054792e-01,8.193040e-02,1.901025e-01,-2.904034e+01,-2.569183e-02,3.029533e-03,-9.315302e-02
642,6.420000,6.299397e-01,-2.170561e+01,3.744894e+00,-9.175227e+00,-3.820470e+01,-1.825907e+01,-4.752743e+00,3.281983e+00,-9.482760e+00,-5.308399e+00,2.298728e+01,1.198627e+00,-1.154345e+01,-9.103442e+00,1.547067e+01,-8.465129e+00,-3.204117e+00,-2.310018e-02,5.179825e-01,2.945628e-02,-1.459522e+00,-2.663337e+00,-2.774369e+00,-2.390040e+00,3.721415e-01,4.606985e-01,7.468920e-01,8.561887e-01,1.191712e+00,1.599913e+00,1.788828e+00,2.373305e+00,1.745300e+02,5.273623e-01,6.690325e-02,-2.616084e+00,-1.111606e+00,3.788778e+00,3.579002e+00,-1.877180e+00,2.509381e+00,2.024219e+00,-2.031342e+00,-2.328717e+00,1.097514e+00,4.396990e+00,3.337776e+00,4.101602e-01,1.142960e+00,1.234997e+00,-2.425788e-01,-5.500112e-01,-6.942654e-01,-5.466590e-01,-7.427964e-01,-2.918938e-01,-8.069728e-02,-1.318720e-01,-3.035785e-02,2.099436e-03,-1.407386e-02,6.891548e-04,1.223822e-02,1.330296e-02,-2.582482e-02,-5.217848e-02,-3.024567e-01,-1.778750e-01,1.152126e+02,1.663570e-02,8.193040e-02,7.740333e-02,-4.606682e+01,-3.068254e-02,-2.154959e-02,-6.810057e-02
643,6.430000,5.665473e-01,-2.588479e+01,2.881094e+00,-3.777782e+00,-3.428418e+01,-1.929692e+01,-3.070621e+00,1.810787e+00,-1.202765e+01,-8.160627e+00,2.284853e+01,5.826515e+00,-4.970324e+00,-7.229996e+00,1.689469e+01,-6.785429e+00,-3.494533e+00,-7.362950e-01,-5.254997e-01,-8.346586e-01,-2.483579e+00,-3.343193e+00,-3.180445e+00,-2.684416e+00,3.364122e-01,4.512198e-01,7.264780e-01,8.319008e-01,1.233284e+00,1.608979e+00,1.720312e+00,2.366966e+00,1.744143e+02,2.564842e-01,-3.627650e-02,-3.917030e+00,-2.666946e+00,4.364537e+00,4.841533e+00,-1.648854e+00,2.139304e+00,1.260846e+00,5.621355e-01,-2.092558e+00,-6.666937e-01,2.259764e+00,5.002791e+00,1.311117e+00,1.193779e+00,1.129323e+00,-5.046027e-01,-9.159523e-01,-9.887922e-01,-9.319429e-01,-1.016860e+00,-3.928447e-01,-1.522270e-01,-1.140782e-01,-3.682920e-02,1.442602e-02,-9.983396e-03,4.080259e-02,6.525745e-02,1.819453e-02,2.685266e-02,1.333461e-02,-1.133423e-01,-1.036842e-01,5.779091e+01,3.204071e-03,1.009844e-02,7.037493e-02,-4.605650e+01,-2.275941e-02,-2.457912e-02,-4.576083e-02
644,6.440000,4.943713e-01,-3.109800e+01,-1.052234e+00,1.704549e+00,-2.768989e+01,-2.059400e+01,-3.640778e-01,4.989747e+00,-7.074450e+00,-8.530541e+00,2.187912e+01,8.012270e+00,1.002473e+00,-5.147793e+00,1.803079e+01,-4.212946e+00,-4.272961e+00,-2.024232e+00,-1.770035e+00,-2.165884e+00,-3.825474e+00,-3.797959e+00,-3.416104e+00,-2.808994e+00,2.644027e-01,4.890482e-01,7.243123e-01,9.506518e-01,1.327594e+00,1.639837e+00,1.909829e+00,2.427943e+00,1.744143e+02,2.153590e-01,-1.052087e-01,-4.045470e+00,-3.809711e+00,2.991914e+00,4.334841e+00,-1.444590e+00,2.007814e+00,1.177897e+00,3.741982e+00,-1.374358e+00,-2.707210e+00,3.865397e-01,4.185648e+00,1.076614e+00,6.277231e-01,-4.896641e-04,-7.265170e-01,-1.059738e+00,-9.435906e-01,-9.901665e-01,-1.011334e+00,-3.270385e-01,-1.040387e-01,-4.302592e-02,-2.068997e-02,2.479913e-02,-1.779592e-03,6.560819e-02,9.818401e-02,1.407045e-02,7.416238e-02,8.556418e-02,-2.314453e-02,4.322587e-02,0,0,0,0,-2.882160e+01,-3.647546e-03,-1.739592e-02,-2.251816e-02
645,6.450000,2.467874e-01,-3.500407e+01,-6.608316e+00,3.194118e+00,-2.314255e+01,-2.152760e+01,8.651060e-01,5.478308e+00,-2.124820e+00,-1.092022e+01,1.653188e+01,4.023925e+00,6.025967e+00,-3.693248e+00,1.886609e+01,-5.942877e+00,-5.142601e+00,-3.254239e+00,-2.735178e+00,-3.208859e+00,-4.784432e+00,-3.945313e+00,-3.365179e+00,-2.696629e+00,2.625394e-01,5.300357e-01,7.312960e-01,1.044500e+00,1.524404e+00,1.659995e+00,2.012637e+00,2.657892e+00,1.744143e+02,4.446480e-01,-9.556223e-02,-3.043720e+00,-4.072546e+00,8.399922e-01,2.805717e+00,-1.113346e+00,1.796392e+00,1.678395e+00,5.013818e+00,-4.008546e-01,-3.097569e+00,-2.135236e+00,1.733388e+00,-2.309161e-01,-1.227913e-01,-1.722442e+00,-7.705002e-01,-9.244177e-01,-6.466145e-01,-7.554368e-01,-7.131659e-01,-1.520555e-01,2.022500e-02,4.748256e-02,1.097512e-02,2.112885e-02,3.588015e-03,5.695779e-02,8.343095e-02,3.033221e-03,3.774964e-02,7.605238e-02,0,1.214696e-01,0,0,0,0,-1.155818e+01,-6.408143e-04,-2.019689e-03,-1.407499e-02
646,6.460000,2.637763e-01,-3.737332e+01,-1.055896e+01,2.298391e+00,-2.210131e+01,-2.436668e+01,3.318466e+00,7.337707e+00,4.275733e+00,-1.080039e+01,1.260956e+01,4.032621e+00,3.886643e+00,-5.488746e+00,1.762359e+01,-8.888853e+00,-6.012667e+00,-4.062819e+00,-3.095132e+00,-3.734276e+00,-5.365766e+00,-3.997470e+00,-3.202195e+00,-2.599063e+00,3.056280e-01,5.452862e-01,7.355850e-01,1.077930e+00,1.537072e+00,1.644758e+00,2.013477e+00,2.655663e+00,1.744143e+02,6.494098e-01,-8.017549e-02,-1.788425e+00,-2.924893e+00,-2.878583e-01,1.279228e+00,-2.831385e-01,1.338329e+00,1.696218e+00,4.868716e+00,8.786775e-01,-3.126711e+00,-3.387971e+00,-2.385323e-01,-7.835100e-01,-2.170757e-01,-2.164403e+00,-5.877646e-01,-6.243922e-01,-2.711412e-01,-4.433930e-01,-3.728246e-01,-9.268262e-02,4.565752e-02,4.961796e-02,3.102611e-02,5.372822e-03,-2.229559e-03,2.197272e-02,3.847375e-02,-8.545185e-03,-4.005384e-02,3.536153e-02,0,6.064763e-02,0,0,0,0,0,0,0,0
647,6.470000,2.040336e-01,-3.796573e+01,-1.272828e+01,1.252580e-01,-2.304989e+01,-2.297731e+01,4.070069e+00,9.028782e+00,7.366348e+00,-9.029975e+00,1.199547e+01,-2.859842e+00,2.254529e+00,-8.214100e+00,1.648433e+01,-1.305968e+01,-6.477180e+00,-4.339090e+00,-3.096024e+00,-3.827647e+00,-5.279263e+00,-4.003715e+00,-3.186274e+00,-2.551968e+00,3.706751e-01,5.287451e-01,7.387818e-01,1.053051e+00,1.545699e+00,1.621685e+00,1.857236e+00,2.633368e+00,1.744143e+02,6.468068e-01,-5.099155e-02,-8.863026e-01,-1.480427e+00,1.007811e-01,9.544992e-01,9.436814e-01,-5.383043e-02,1.408307e+00,4.110657e+00,1.846280e+00,-1.932671e+00,-3.840413e+00,-6.345519e-01,-2.929165e-01,-9.138469e-02,-1.126163e+00,-2.908391e-01,-3.410439e-01,-7.750241e-02,-2.980139e-01,-1.415373e-01,-7.772996e-02,-3.835976e-02,6.037665e-03,2.045948e-02,-5.335611e-03,-8.016640e-03,1.459883e-02,-4.050255e-03,-9.675205e-03,-6.490724e-02,-1.231537e-02,0,-2.695024e-02,0,0,0,0,0,0,0,0
648,6.480000,1.148707e-01,-3.855930e+01,-1.261672e+01,1.799687e+00,-2.134008e+01,-2.128483e+01,4.725087e+00,1.169560e+01,1.252355e+01,-5.082278e+00,8.513767e+00,-5.485704e+00,1.695531e+00,-6.804917e+00,1.813628e+01,-1.147656e+01,-6.544495e+00,-4.603767e+00,-2.945318e+00,-4.073455e+00,-5.442182e+00,-4.232171e+00,-3.277269e+00,-2.633235e+00,3.654653e-01,5.165576e-01,7.094216e-01,1.056240e+00,1.509315e+00,1.616266e+00,1.787260e+00,2.617013e+00,1.744143e+02,4.175178e-01,-4.807005e-02,-4.261471e-01,-2.159929e-01,9.125054e-01,1.555978e+00,1.971141e+00,-1.866895e+00,-7.835003e-01,2.482522e+00,1.430692e+00,-1.840422e+00,-2.999511e+00,3.580155e-01,1.024285e+00,1.976191e-01,8.646975e-01,1.912885e-02,-1.495087e-01,-7.679777e-02,-2.725054e-01,-1.251688e-02,-9.754710e-02,-1.404006e-01,-4.324780e-02,-5.641088e-03,-7.741809e-03,-4.635692e-03,1.899917e-02,-1.142188e-02,-4.202199e-03,-3.749477e-02,-7.113027e-03,0,-6.519137e-02,0,0,0,0,0,0,0,0
649,6.490000,6.628243e-02,-3.884259e+01,-1.298157e+01,3.947375e+00,-1.875067e+01,-1.835012e+01,-1.073564e-01,1.034089e+01,1.430456e+01,-4.547878e+00,8.916416e+00,-1.041898e+01,3.948763e+00,-4.499745e+00,1.815282e+01,-1.027984e+01,-6.330884e+00,-4.688984e+00,-3.197597e+00,-4.529339e+00,-5.453911e+00,-4.216612e+00,-3.519441e+00,-2.649355e+00,3.349181e-01,5.177220e-01,7.042945e-01,1.128339e+00,1.518031e+00,1.625865e+00,1.801210e+00,2.615640e+00,1.744143e+02,4.258429e-01,-1.035821e-02,-3.598656e-01,3.072453e-01,9.091339e-01,1.527620e+00,1.491723e+00,-3.129758e+00,-2.548849e+00,1.580010e+00,8.335856e-01,-1.639538e+00,-8.683555e-01,5.600362e-01,9.554939e-01,-4.900150e-02,2.023962e+00,1.038935e-01,-3.182249e-02,-1.213202e-01,-2.760173e-01,2.682633e-02,-9.423981e-02,-1.694549e-01,-7.401705e-02,-1.873417e-02,-5.264521e-03,3.577203e-03,2.656201e-02,-1.803705e-02,-3.508818e-03,8.954560e-03,1.335549e-03,0,4.223281e-03,0,0,0,0,0,0,0,0
650,6.500000,9.230170e-02,-3.906562e+01,-1.151228e+01,4.949860e+00,-1.647103e+01,-1.682457e+01,-3.927298e+00,2.764150e+00,1.321924e+01,-5.887981e+00,4.946978e+00,-7.185367e+00,4.829604e+00,-2.224500e+00,1.777744e+01,-5.955287e+00,-5.990171e+00,-4.635415e+00,-3.428334e+00,-4.745957e+00,-5.341026e+00,-4.378757e+00,-3.737615e+00,-2.766609e+00,2.953011e-01,5.120887e-01,7.296502e-01,1.135282e+00,1.493797e+00,1.621657e+00,1.854016e+00,2.628962e+00,1.744143e+02,4.339348e-01,3.712936e-02,-2.793087e-01,2.306059e-01,-2.231891e-01,1.298464e+00,6.078270e-01,-2.535172e+00,-2.791638e+00,8.456668e-01,9.980311e-02,-1.382586e+00,3.239976e-01,-7.397522e-01,1.030684e-01,-1.072441e+00,1.275314e+00,4.603992e-02,1.002970e-02,-1.323572e-01,-1.850572e-01,9.162965e-02,-6.317616e-04,-9.424996e-02,-6.708612e-02,-1.224585e-02,-2.277529e-03,1.739566e-02,2.133960e-02,-1.140016e-02,-4.519320e-03,1.338556e-02,7.968354e-03,0,7.238626e-02,0,0,0,0,0,0,0,0
651,6.510000,1.635271e-01,-3.951189e+01,-1.174427e+01,3.095841e+00,-1.784632e+01,-1.774883e+01,-7.252531e+00,7.502639e-01,1.491855e+01,-4.459196e+00,5.581171e+00,-6.351788e+00,3.487674e+00,-5.726839e+00,1.641875e+01,-5.700508e+00,-6.234875e+00,-4.482378e+00,-3.461117e+00,-4.871483e+00,-5.195709e+00,-4.401621e+00,-3.803376e+00,-2.855366e+00,3.120864e-01,5.046570e-01,7.465535e-01,1.146340e+00,1.463273e+00,1.601445e+00,1.868631e+00,2.634072e+00,1.744143e+02,6.597146e-01,4.407177e-02,1.248730e-01,1.065367e-01,-2.071738e+00,-6.016616e-01,-3.230198e-01,-5.496677e-01,-1.790080e+00,-3.255301e-01,8.556468e-01,-7.166465e-01,1.138368e+00,-2.314280e+00,-2.073253e-01,-2.075317e+00,1.048234e-01,-8.565374e-02,8.906712e-02,3.905077e-02,1.054844e-01,2.235936e-01,6.484647e-02,1.986465e-02,-4.249258e-02,5.281481e-03,-1.160681e-03,1.749547e-02,6.014132e-03,-4.846871e-03,-3.827512e-03,7.272148e-03,7.587719e-03,2.122461e+00,7.691183e-02,0,0,0,0,2.011747e+01,0,0,0
652,6.520000,2.518952e-01,-3.962119e+01,-1.208234e+01,1.109509e+00,-1.529993e+01,-1.854634e+01,-4.378184e+00,2.532726e+00,1.644488e+01,-4.627604e+00,3.268459e+00,-5.899311e+00,-1.772685e+00,-5.676028e+00,1.364111e+01,-7.389655e+00,-6.362299e+00,-4.656921e+00,-3.475344e+00,-4.827669e+00,-5.113135e+00,-4.142825e+00,-3.606551e+00,-2.865659e+00,3.156519e-01,5.117025e-01,7.752705e-01,1.153938e+00,1.479693e+00,1.605879e+00,1.820477e+00,2.647639e+00,1.744143e+02,6.625132e-01,1.400490e-02,1.518085e+00,1.275260e-01,-3.608029e+00,-2.433248e+00,8.588194e-01,1.106706e+00,-1.617408e+00,-1.861529e+00,2.113567e+00,1.131116e+00,5.078340e-02,-3.398846e+00,1.264406e+00,-3.815151e+00,-1.162217e+00,-2.179861e-03,2.858569e-01,2.623223e-01,5.204590e-01,5.838485e-01,2.298758e-01,1.256650e-01,1.057259e-01,1.924375e-02,6.799251e-03,2.502801e-02,-5.286896e-03,-4.757774e-03,1.290774e-03,5.684257e-03,8.528233e-05,6.956946e+00,6.723049e-02,0,0,0,0,5.052945e+01,1.305708e-02,1.317799e-02,3.296681e-02
653,6.530000,2.068445e-01,-3.794044e+01,-1.216386e+01,-4.491139e+00,-2.234452e+01,-1.910433e+01,-2.630252e+00,1.506204e+00,1.106408e+01,-8.998332e-01,6.172443e+00,-5.370166e+00,-4.321490e+00,-3.810608e+00,9.844399e+00,-9.038541e+00,-6.573088e+00,-4.232895e+00,-2.978838e+00,-3.961061e+00,-4.449889e+00,-4.010346e+00,-3.485649e+00,-2.812292e+00,3.511501e-01,5.121117e-01,7.689617e-01,1.149082e+00,1.500849e+00,1.614616e+00,1.854340e+00,2.644240e+00,1.850266e+02,6.961128e-01,-2.116291e-02,3.897227e+00,1.539324e+00,-4.519974e+00,-5.102431e+00,3.327459e+00,4.852610e-01,-4.044799e+00,-3.168822e+00,3.866381e+00,1.765952e+00,-1.277457e+00,-2.583912e+00,3.141284e+00,-4.940897e+00,-5.742453e-01,4.375444e-01,7.901827e-01,7.018036e-01,1.054220e+00,1.158009e+00,3.751631e-01,1.499958e-01,2.737011e-01,2.013962e-02,5.073690e-03,3.389348e-02,-2.220587e-02,-2.781718e-02,1.065199e-02,4.205287e-02,-2.962351e-03,1.396191e+01,4.234605e-02,1.005873e+02,0,0,0,8.148729e+01,3.488392e-02,2.745531e-02,9.998062e-02
654,6.540000,1.406675e-01,-3.226093e+01,-1.066485e+01,-9.296795e+00,-2.638816e+01,-1.185272e+01,-7.049071e-01,-5.700862e+00,5.838823e+00,2.900172e+00,1.030692e+01,-7.422261e+00,-8.260045e+00,3.139417e+00,1.988865e+00,-1.009736e+01,-5.831964e+00,-3.330872e+00,-2.357862e+00,-2.598873e+00,-2.794694e+00,-3.425015e+00,-3.268153e+00,-2.259516e+00,3.719880e-01,5.423576e-01,8.435861e-01,1.107476e+00,1.451220e+00,1.621525e+00,1.889583e+00,2.624304e+00,2.038929e+02,7.518882e-01,-1.902403e-02,6.249510e+00,3.105586e+00,-4.607535e+00,-6.928815e+00,6.047778e+00,-2.047099e+00,-5.624346e+00,-1.569994e+00,5.054749e+00,1.263929e+00,-3.693383e+00,-1.296297e+00,2.738231e+00,-4.615232e+00,1.317810e-01,9.774652e-01,1.339843e+00,1.177917e+00,1.429119e+00,1.680716e+00,5.795554e-01,1.579391e-01,4.555707e-01,1.919819e-02,-1.018947e-03,3.479259e-02,-3.504342e-02,-7.383982e-02,1.030830e-02,7.499935e-02,-3.560114e-03,1.958210e+01,5.366957e-02,2.023536e+02,6.528539e-02,6.588995e-02,1.648341e-01,8.295316e+01,4.389395e-02,3.823189e-02,1.275899e-01
655,6.550000,1.133264e-01,-2.370589e+01,-4.756395e+00,-1.430088e+01,-3.781436e+01,-4.458349e+00,-6.662865e+00,-1.535694e+01,4.377469e+00,1.110882e+01,1.089170e+01,-1.197760e+01,-6.188205e+00,5.571857e+00,-2.459615e+00,-7.217883e+00,-4.312320e+00,-1.194490e+00,-5.108399e-01,-7.147782e-01,-5.648843e-01,-2.884710e+00,-3.222596e+00,-1.789933e+00,3.846165e-01,5.146978e-01,8.818631e-01,1.058541e+00,1.338424e+00,1.646882e+00,2.044342e+00,2.630928e+00,2.294846e+02,8.267574e-01,4.539640e-02,7.066469e+00,4.190217e+00,-3.938669e+00,-7.110281e+00,7.009170e+00,-4.295391e+00,-4.749936e+00,2.315811e+00,3.308623e+00,-8.115302e-01,-5.372832e+00,-2.432390e-01,1.441905e-01,-2.906450e+00,5.887116e-01,1.318225e+00,1.584460e+00,1.481211e+00,1.477654e+00,1.750234e+00,7.345384e-01,1.028280e-01,5.309685e-01,1.316901e-02,-8.726043e-03,3.010676e-02,-3.001735e-02,-8.283417e-02,2.165506e-02,9.626383e-02,1.163857e-02,2.107341e+01,4.761665e-02,3.062597e+02,1.417769e-01,1.043316e-01,4.174861e-01,5.461639e+01,2.584011e-02,2.265332e-02,8.200371e-02
656,6.560000,2.035341e-01,-1.549092e+01,-2.581433e-01,-1.702330e+01,-4.220909e+01,4.369556e+00,-1.259737e+01,-1.715743e+01,1.193822e+01,1.464182e+01,7.228476e+00,-2.106251e+01,-7.320812e+00,3.323894e+00,-3.283036e+00,-7.641079e+00,-2.605358e+00,5.230924e-01,1.180240e+00,6.947868e-01,1.347944e+00,-1.807866e+00,-2.948382e+00,-1.098986e+00,3.949097e-01,5.053146e-01,8.927827e-01,1.023991e+00,1.191706e+00,1.641287e+00,2.100473e+00,2.636495e+00,2.500959e+02,8.655388e-01,1.503941e-01,5.906330e+00,3.641338e+00,-3.438456e+00,-6.784952e+00,5.515154e+00,-4.401387e+00,-1.566506e+00,4.915987e+00,-4.811773e-01,-2.440627e+00,-5.014947e+00,9.456849e-02,-2.981690e+00,-7.171521e-01,2.911581e-01,1.155054e+00,1.360484e+00,1.460239e+00,1.280367e+00,1.330099e+00,7.380263e-01,3.325159e-02,4.962386e-01,1.560448e-02,-6.830952e-03,2.304774e-03,-1.688563e-02,-5.915837e-02,2.367508e-02,9.086158e-02,2.145324e-02,1.938277e+01,3.125834e-02,3.119297e+02,1.485813e-01,1.389937e-01,4.292066e-01,2.593849e+01,-1.579057e-02,-8.147106e-03,-3.748510e-02
657,6.570000,4.023931e-01,-1.099310e+01,3.583876e+00,-2.032123e+01,-4.998546e+01,7.830381e+00,-1.816097e+01,-1.651519e+01,1.959344e+01,9.772460e+00,3.654015e+00,-2.541420e+01,-6.007301e+00,-3.181894e+00,-2.051902e+00,-7.323123e+00,-1.595264e+00,1.762424e+00,2.658167e+00,1.780382e+00,2.229963e+00,-1.146229e+00,-3.131395e+00,-7.377153e-01,4.055343e-01,4.870029e-01,8.948972e-01,1.040738e+00,1.216435e+00,1.713010e+00,2.230214e+00,2.696337e+00,2.672922e+02,8.773708e-01,1.902833e-01,3.709859e+00,1.978339e+00,-2.403679e+00,-5.152312e+00,3.098351e+00,-2.319090e+00,1.330975e+00,4.137656e+00,-4.743945e+00,-2.664184e+00,-2.504274e+00,2.050543e-01,-3.754311e+00,9.158417e-02,-7.955616e-01,7.176220e-01,8.187128e-01,1.065846e+00,9.237357e-01,6.667531e-01,5.959845e-01,1.387048e-03,4.161544e-01,1.950808e-02,6.857979e-03,-1.545155e-02,-5.264628e-03,-1.115370e-02,2.636992e-02,5.832403e-02,2.121143e-02,1.612194e+01,1.453854e-02,3.188813e+02,8.755263e-02,7.671477e-02,2.778323e-01,6.339441e+00,-3.933971e-02,-2.906486e-02,-1.118144e-01
658,6.580000,7.481045e-01,-9.085670e+00,3.371701e+00,-2.347890e+01,-5.422737e+01,9.578682e+00,-1.696279e+01,-1.295427e+01,2.281077e+01,1.162467e+00,1.722626e+00,-2.577869e+01,-7.877655e+00,-7.392157e+00,-1.800753e+00,-8.588948e+00,-1.415219e+00,1.993091e+00,3.358831e+00,2.555383e+00,2.458375e+00,-6.041246e-01,-3.147496e+00,-3.044320e-01,4.395515e-01,5.220503e-01,8.485929e-01,1.031950e+00,1.216423e+00,1.706837e+00,2.250955e+00,2.698865e+00,2.819030e+02,8.828732e-01,1.992264e-01,1.816062e+00,6.797942e-01,-1.230365e+00,-4.059131e+00,6.128138e-01,-8.564301e-02,2.857349e+00,1.544542e-01,-5.553524e+00,-1.965727e+00,8.911592e-01,1.518602e+00,-2.352209e+00,3.365756e-01,-1.439918e+00,3.021263e-01,3.994487e-01,6.554321e-01,6.345947e-01,1.457767e-01,3.043516e-01,1.929638e-02,2.448729e-01,1.807036e-02,1.243319e-02,-3.392565e-02,-8.188737e-03,7.491112e-03,6.455409e-03,2.510631e-02,1.187220e-02,1.348741e+01,7.748157e-03,3.257352e+02,1.344470e-02,3.896283e-02,4.723548e-02,5.583819e+00,-3.495644e-02,-3.314356e-02,-1.006245e-01
659,6.590000,7.924576e-01,-8.359221e+00,3.320377e+00,-2.309147e+01,-5.756678e+01,8.428843e+00,-1.607561e+01,-1.080364e+01,1.962947e+01,-5.871227e+00,3.237022e-01,-2.214088e+01,-4.884512e+00,-7.841675e+00,-2.742836e+00,-1.072176e+01,-1.319279e+00,2.164075e+00,3.729094e+00,2.973602e+00,2.213666e+00,-5.066589e-01,-3.116104e+00,-1.064375e-01,4.598360e-01,5.406199e-01,8.267002e-01,1.028239e+00,1.270297e+00,1.745957e+00,2.260721e+00,2.705800e+00,2.941907e+02,8.907828e-01,1.484768e-01,8.167896e-01,-2.415304e-02,1.006735e-01,-2.240355e+00,-4.770288e-01,1.193643e+00,4.004812e+00,-3.512327e+00,-3.734306e+00,-1.217603e+00,2.440812e+00,2.397487e+00,3.432644e-01,7.323604e-01,-2.021681e+00,1.080565e-01,1.472030e-01,3.323652e-01,4.107681e-01,-6.542899e-02,6.972511e-02,1.260967e-01,8.267345e-02,9.440819e-03,1.241756e-02,-4.342373e-02,-1.797332e-02,-7.856655e-03,-2.574320e-02,-3.089392e-02,-1.089640e-02,1.106254e+01,6.708145e-03,3.310541e+02,1.264671e-02,9.022709e-03,4.939942e-02,3.787942e+00,-1.580344e-02,-1.718793e-02,-5.046901e-02
660,6.600000,1.004634e+00,-7.727551e+00,3.272577e+00,-2.179000e+01,-5.871408e+01,7.134394e+00,-1.406827e+01,-5.726459e+00,1.269247e+01,-5.303957e+00,-9.350044e-01,-1.824338e+01,-2.891944e-01,-6.107260e+00,-1.254691e+00,-1.314135e+01,-1.232719e+00,2.319511e+00,3.921937e+00,3.271150e+00,2.084976e+00,-6.058930e-01,-2.859546e+00,-1.902604e-01,4.581107e-01,5.406721e-01,7.572530e-01,9.892967e-01,1.202231e+00,1.657091e+00,2.210751e+00,2.691125e+00,3.040836e+02,8.975735e-01,1.085326e-01,3.603541e-01,8.768634e-02,8.770235e-01,-1.139318e+00,-1.197463e+00,1.487536e+00,4.232282e+00,-4.999330e+00,-1.879463e+00,9.669972e-03,1.729411e+00,2.510465e+00,2.388116e+00,1.221390e+00,-1.790809e+00,7.149754e-02,7.459939e-02,1.947999e-01,2.751345e-01,-6.008913e-02,-1.200231e-01,1.701158e-01,-3.974802e-02,6.453693e-05,4.385722e-03,-3.839886e-02,-2.121359e-02,-1.964456e-02,-3.041090e-02,-4.733350e-02,-1.645348e-02,8.690226e+00,5.399060e-03,3.337623e+02,1.125205e-02,7.121873e-03,4.030052e-02,1.573279e+00,-2.112545e-03,-7.489710e-03,-5.821605e-03
661,6.610000,1.016513e+00,-7.588214e+00,3.512672e+00,-2.066231e+01,-5.894388e+01,6.667381e+00,-1.364001e+01,-1.050344e-01,7.090951e+00,-5.665859e+00,-1.105184e+00,-1.697779e+01,2.185905e+00,-2.108020e+00,1.336870e+00,-1.515533e+01,-1.146232e+00,2.335230e+00,4.038440e+00,3.476339e+00,2.089517e+00,-7.967189e-01,-2.644886e+00,-3.814339e-01,4.434588e-01,5.397798e-01,7.234485e-01,9.721977e-01,1.184247e+00,1.609167e+00,2.095847e+00,2.645726e+00,3.115146e+02,9.035614e-01,7.490704e-02,1.187683e-01,4.447174e-02,6.936037e-01,-5.939590e-01,-1.573502e+00,2.271652e+00,3.358127e+00,-4.785264e+00,-1.821919e+00,1.485662e+00,-5.125170e-01,6.672179e-01,3.029844e+00,1.273004e+00,-1.603837e+00,5.161474e-02,-4.337621e-03,1.471002e-01,2.197261e-01,5.817807e-02,-2.066452e-01,1.688273e-01,-3.482229e-02,-8.013844e-04,2.420402e-03,-3.005739e-02,-1.950153e-02,-3.398677e-02,-3.166007e-02,-5.349479e-02,-1.869688e-02,6.398285e+00,3.012049e-03,3.338074e+02,9.631772e-03,6.695617e-03,2.895473e-02,-4.775543e-01,-2.680640e-03,-1.915907e-03,-3.964872e-03
662,6.620000,1.178740e+00,-7.669403e+00,3.713985e+00,-2.030836e+01,-5.923541e+01,4.472098e+00,-1.074290e+01,2.857835e+00,4.083385e+00,-8.337531e+00,2.485420e+00,-1.971318e+01,1.139463e+00,1.681594e+00,2.266345e+00,-1.532621e+01,-1.144256e+00,2.280511e+00,4.178158e+00,3.679687e+00,2.220004e+00,-1.059210e+00,-2.532526e+00,-3.656739e-01,4.480627e-01,5.443990e-01,7.082245e-01,9.539024e-01,1.161225e+00,1.623177e+00,2.096725e+00,2.646635e+00,3.166922e+02,9.034793e-01,-4.171053e-02,-1.908312e-02,-1.368249e-01,-2.645740e-02,-6.100006e-01,-2.090312e+00,3.055243e+00,1.220016e+00,-4.490484e+00,-3.049279e+00,2.915548e+00,-2.755865e+00,-1.521117e+00,2.782352e+00,2.178876e-01,-1.526456e+00,3.236889e-02,-7.070649e-02,1.378571e-01,1.893800e-01,1.561802e-01,-2.044313e-01,1.587121e-01,3.445667e-02,8.560303e-03,4.562062e-03,-3.562701e-03,-7.647222e-03,-7.837499e-03,1.305383e-02,-1.156359e-02,-1.455045e-03,4.265936e+00,3.161550e-04,3.322249e+02,4.389441e-03,2.677829e-03,2.834980e-02,-2.131134e+00,-2.548874e-03,-1.506667e-03,-5.623046e-04
663,6.630000,1.079940e+00,-7.794454e+00,3.322032e+00,-2.036427e+01,-6.027591e+01,1.892483e+00,-6.380028e+00,1.694844e+00,7.700125e-03,-1.346404e+01,6.041800e+00,-2.396856e+01,-2.262751e+00,3.413116e+00,1.861667e+00,-1.764851e+01,-1.105437e+00,2.161887e+00,4.336485e+00,3.867965e+00,2.437043e+00,-1.313226e+00,-2.435477e+00,-1.928422e-01,4.608530e-01,5.508585e-01,7.009275e-01,9.484282e-01,1.120866e+00,1.604614e+00,2.050260e+00,2.634560e+00,3.198779e+02,9.028902e-01,-9.933640e-02,5.081616e-02,-3.505128e-01,-1.123551e+00,-5.664116e-01,-1.981161e+00,3.084661e+00,-3.941647e-01,-4.799780e+00,-3.162780e+00,3.345075e+00,-3.779087e+00,-3.283820e+00,2.051299e+00,-8.595354e-01,-1.545685e+00,2.334977e-02,-1.118105e-01,1.205113e-01,1.621750e-01,2.168895e-01,-8.068652e-02,2.129955e-01,4.272112e-02,1.713397e-02,5.736119e-03,1.754879e-02,-2.719688e-03,1.340207e-02,3.486122e-02,2.187533e-02,1.364472e-02,2.336090e+00,-1.847512e-03,3.294350e+02,2.674810e-03,1.665195e-03,3.555043e-02,-3.453470e+00,-1.367060e-03,-8.293377e-04,-2.882466e-04
664,6.640000,7.643676e-01,-7.719846e+00,2.683773e+00,-2.207130e+01,-6.109807e+01,-9.297178e-01,-2.422051e+00,-5.263202e-01,-6.218318e+00,-1.665126e+01,1.006924e+01,-2.852732e+01,-5.670452e+00,5.043934e+00,-4.276519e-01,-1.952704e+01,-1.091272e+00,2.052650e+00,4.462200e+00,4.022238e+00,2.692115e+00,-1.369796e+00,-2.170690e+00,-1.122729e-01,4.922151e-01,5.579431e-01,7.507000e-01,9.629454e-01,1.194734e+00,1.724637e+00,2.175726e+00,2.689432e+00,3.212317e+02,8.994899e-01,-1.287377e-01,2.022602e-01,-3.556395e-01,-2.413258e+00,-3.649055e-01,-6.155756e-01,1.218215e+00,-4.094970e-01,-4.585671e+00,-1.800479e+00,2.582053e+00,-3.743660e+00,-4.375350e+00,1.059550e+00,-1.406060e+00,-9.989046e-01,1.194056e-02,-1.293306e-01,7.487264e-02,1.263897e-01,2.316600e-01,1.245092e-01,2.760251e-01,-5.253969e-02,1.783434e-02,5.876464e-03,3.632716e-02,2.556998e-03,5.025887e-02,5.013632e-02,4.339559e-02,2.011907e-02,6.066712e-01,-3.031129e-03,3.252928e+02,1.986161e-03,2.103747e-03,3.419115e-02,-4.581546e+00,1.685310e-03,1.343423e-03,-1.929456e-03
665,6.650000,7.270167e-01,-7.308912e+00,2.275214e+00,-2.539860e+01,-6.084460e+01,-5.375170e-01,-2.377134e+00,-3.837804e-01,-1.175710e+01,-1.732289e+01,1.182828e+01,-3.146616e+01,-1.082823e+01,6.467303e+00,-1.613809e+00,-2.078333e+01,-1.055975e+00,1.890108e+00,4.498975e+00,4.115939e+00,2.937909e+00,-1.044859e+00,-1.760827e+00,-2.945288e-01,5.070525e-01,5.616884e-01,7.899547e-01,9.540778e-01,1.234503e+00,1.732743e+00,2.165723e+00,2.692551e+00,3.209253e+02,8.963185e-01,-6.154421e-02,3.423807e-01,-2.554165e-01,-3.118815e+00,-4.256168e-01,1.303372e+00,-4.928368e-01,-4.906178e-02,-2.696830e+00,4.983403e-01,7.760897e-01,-3.201563e+00,-4.491786e+00,-6.327609e-01,-9.724733e-01,7.202383e-01,-1.191294e-02,-1.538427e-01,1.148872e-02,9.527197e-02,2.168022e-01,2.389296e-01,2.250082e-01,-1.219566e-01,1.372938e-02,5.058629e-03,4.020488e-02,-4.543066e-04,5.596656e-02,3.915145e-02,4.610588e-02,1.758828e-02,-9.185089e-01,-4.518467e-03,3.200061e+02,3.998111e-03,2.835969e-03,2.459282e-02,-5.494019e+00,4.087931e-03,2.596426e-03,-2.090811e-03
666,6.660000,7.115131e-01,-6.900873e+00,2.459196e+00,-2.985749e+01,-6.077559e+01,2.609220e+00,-6.653276e+00,1.849662e+00,-1.296257e+01,-1.541050e+01,1.250244e+01,-3.468268e+01,-1.645455e+01,5.452251e+00,-3.026218e+00,-1.875332e+01,-1.109284e+00,1.769747e+00,4.471276e+00,4.187648e+00,3.127871e+00,-5.708479e-01,-1.489726e+00,-5.775290e-01,5.141347e-01,5.683663e-01,8.453467e-01,9.638626e-01,1.355700e+00,1.809794e+00,2.255971e+00,2.718235e+00,3.192018e+02,8.916095e-01,1.471595e-02,4.498776e-01,-1.332630e-01,-2.716556e+00,-5.631412e-01,3.150767e+00,-5.344657e-01,3.257786e-02,2.075056e-01,2.282004e+00,-1.288478e+00,-2.030102e+00,-3.511642e+00,-2.305368e+00,1.945017e-01,2.457690e+00,-3.006240e-02,-2.001847e-01,-4.614916e-02,8.266792e-02,1.939963e-01,1.941711e-01,6.783362e-02,-9.830894e-02,7.477230e-03,5.614442e-03,2.823457e-02,-3.615445e-03,2.832781e-02,1.502132e-03,2.196991e-02,3.834248e-03,-2.244141e+00,-5.687296e-03,3.140317e+02,1.215434e-02,8.809554e-03,2.418132e-02,-6.221033e+00,4.519153e-03,3.116309e-03,7.352473e-04
667,6.670000,7.986460e-01,-6.492037e+00,2.157238e+00,-3.206526e+01,-6.256524e+01,6.639875e+00,-6.728599e+00,2.615441e-01,-1.010432e+01,-1.159272e+01,8.705647e+00,-3.689870e+01,-1.932963e+01,4.515298e-02,-1.701417e+00,-1.443418e+01,-1.155996e+00,1.534124e+00,4.389390e+00,4.261619e+00,3.303176e+00,-5.180522e-01,-1.650918e+00,-5.699970e-01,5.185401e-01,5.709400e-01,8.546286e-01,9.456980e-01,1.320216e+00,1.757792e+00,2.240667e+00,2.708100e+00,3.163003e+02,8.842381e-01,4.925967e-02,4.258480e-01,-7.666735e-02,-1.548558e+00,-7.151234e-01,3.929632e+00,1.694727e+00,-7.287178e-01,2.208561e+00,3.006893e+00,-3.318640e+00,-1.124483e+00,-1.185129e+00,-3.204347e+00,8.328428e-01,3.184720e+00,-3.589785e-02,-2.703201e-01,-7.519889e-02,8.324661e-02,1.764165e-01,2.862155e-03,-1.263317e-01,-8.378121e-03,5.089891e-03,6.901026e-03,1.168126e-02,-3.177112e-03,-1.546837e-02,-3.118975e-02,8.967829e-03,-3.378296e-03,-3.406998e+00,-6.747699e-03,3.075955e+02,1.803038e-02,1.129442e-02,3.010128e-02,-6.895578e+00,2.165614e-03,1.982857e-03,2.471578e-03
668,6.680000,8.021327e-01,-5.878895e+00,2.076446e+00,-3.232075e+01,-6.305346e+01,1.123542e+01,-2.918647e+00,-6.860932e-01,-6.007179e+00,-8.106330e+00,5.188169e+00,-3.596156e+01,-1.897796e+01,-3.271833e+00,5.886605e-01,-1.041317e+01,-1.191573e+00,1.229718e+00,4.286247e+00,4.362737e+00,3.479463e+00,-6.623434e-01,-1.886476e+00,-4.660835e-01,5.238574e-01,5.813895e-01,8.595359e-01,9.490581e-01,1.293517e+00,1.719623e+00,2.248104e+00,2.700829e+00,3.123235e+02,8.770936e-01,6.928392e-02,3.930533e-01,3.849933e-02,-5.344321e-01,-2.562760e-01,3.740467e+00,3.819703e+00,-8.940266e-01,2.442172e+00,2.698590e+00,-3.565652e+00,1.771938e-01,1.357563e+00,-1.699511e+00,7.436795e-01,2.341748e+00,-5.967553e-02,-2.961930e-01,-6.909475e-02,8.994484e-02,1.705422e-01,-1.215086e-01,-1.856827e-01,3.211621e-02,3.813177e-03,7.739943e-03,-5.389380e-03,-2.825481e-03,-6.079674e-02,-6.714863e-02,-2.155047e-02,-1.255350e-02,-4.447782e+00,-7.084012e-03,3.003930e+02,1.756579e-02,1.345607e-02,3.511316e-02,-7.570151e+00,-9.083106e-04,8.065677e-04,1.561037e-03
669,6.690000,9.280053e-01,-5.690660e+00,2.083253e+00,-3.190976e+01,-6.328128e+01,1.479754e+01,4.229187e+00,-2.759492e+00,-4.191991e+00,-5.940508e+00,-1.107784e+00,-3.644913e+01,-1.549217e+01,-5.192390e+00,7.429664e-01,-9.029809e+00,-1.194320e+00,8.085217e-01,4.215496e+00,4.444627e+00,3.644196e+00,-9.848000e-01,-2.194110e+00,-3.921422e-01,5.276406e-01,5.896819e-01,8.412664e-01,9.455945e-01,1.188253e+00,1.621880e+00,2.214496e+00,2.684362e+00,3.073295e+02,8.698379e-01,8.877014e-02,1.669983e-01,3.467080e-01,-2.041260e-01,-5.952416e-02,2.744344e+00,3.711614e+00,-3.071939e-01,8.312734e-01,1.472700e+00,-2.263417e+00,1.176868e+00,3.051956e+00,9.252833e-01,1.005289e-01,8.310840e-01,-1.094907e-01,-2.160641e-01,-1.940327e-02,1.032582e-01,1.466888e-01,-1.458986e-01,-1.620325e-01,-3.126610e-02,1.770139e-03,7.607299e-03,-1.407746e-02,5.459964e-04,-6.829496e-02,-6.402186e-02,-2.626398e-02,-1.275516e-02,-5.402130e+00,-6.887632e-03,2.923476e+02,1.212045e-02,1.042700e-02,3.148479e-02,-8.265167e+00,-8.953472e-04,1.218701e-03,1.794260e-04
670,6.700000,9.932531e-01,-5.336295e+00,2.688685e+00,-3.260740e+01,-6.169894e+01,1.723272e+01,6.966343e+00,-1.109953e+00,-3.707876e+00,-4.743650e+00,-4.190984e-01,-3.402150e+01,-1.158546e+01,-4.265316e-01,-5.300117e-01,-9.746765e+00,-1.388500e+00,6.515836e-01,4.212750e+00,4.545868e+00,3.810072e+00,-9.450168e-01,-2.146544e+00,-5.058753e-01,5.286503e-01,5.976951e-01,8.250809e-01,9.497870e-01,1.117698e+00,1.542007e+00,2.161305e+00,2.667336e+00,3.014483e+02,8.633895e-01,2.320092e-02,3.634848e-02,6.784393e-01,1.745123e-01,-1.522076e-01,7.715907e-01,1.950616e+00,6.654238e-01,-7.755199e-01,-1.543663e-01,4.291310e-02,2.209709e+00,2.980262e+00,2.800453e+00,2.700211e-01,-5.329855e-01,-1.227411e-01,-2.535694e-02,5.010219e-02,1.110766e-01,7.809150e-02,-9.204359e-02,-7.161095e-02,-8.136042e-02,-9.757221e-04,5.218971e-03,-1.634887e-02,-1.552165e-03,-5.388220e-02,-2.284311e-02,-1.759675e-02,-7.051921e-03,-6.260180e+00,-7.069361e-03,2.838049e+02,1.056775e-02,1.327610e-02,3.129475e-02,-8.834330e+00,4.177284e-04,1.282222e-03,1.545064e-04
671,6.710000,1.146937e+00,-5.928346e+00,3.584659e+00,-3.294256e+01,-6.354012e+01,1.736294e+01,6.886974e+00,-1.062496e+00,-7.097605e+00,-5.910559e+00,1.921940e-01,-3.198439e+01,-7.766107e+00,3.248919e+00,-6.394362e-01,-1.061196e+01,-1.604986e+00,7.428710e-01,4.329123e+00,4.686345e+00,3.871316e+00,-1.106208e+00,-2.331047e+00,-7.064316e-01,5.249943e-01,6.008237e-01,8.014688e-01,9.480636e-01,1.066650e+00,1.526491e+00,2.152747e+00,2.661071e+00,2.947272e+02,8.566520e-01,8.015203e-02,8.030581e-02,7.140419e-01,1.148828e+00,-3.584446e-01,-1.332898e+00,-4.288215e-01,2.050633e+00,-9.964343e-01,-1.873322e+00,2.407884e+00,2.883937e+00,1.659753e+00,2.920055e+00,1.170373e+00,-1.379518e+00,-9.402277e-02,1.821804e-01,8.939805e-02,7.537909e-02,-7.483087e-02,-2.087650e-02,3.387334e-02,-3.080930e-02,-1.822215e-03,1.545334e-03,-1.361722e-02,-6.103611e-03,-1.287520e-02,2.872161e-02,2.817392e-03,3.116822e-03,-7.034760e+00,-7.866597e-03,2.745637e+02,1.705266e-02,1.747791e-02,3.290762e-02,-9.358518e+00,1.935776e-03,1.201298e-03,4.532432e-03
672,6.720000,8.086717e-01,-5.578310e+00,4.717939e+00,-3.093179e+01,-6.368509e+01,1.381067e+01,5.505539e+00,1.792528e+00,-8.431972e+00,-8.893136e+00,4.752745e+00,-2.714539e+01,-7.939686e+00,6.509779e+00,2.629967e+00,-1.228702e+01,-1.599946e+00,1.135759e+00,4.479944e+00,4.797262e+00,3.756360e+00,-1.061857e+00,-2.176062e+00,-7.157409e-01,5.203019e-01,6.019135e-01,7.976904e-01,9.400627e-01,1.084907e+00,1.653102e+00,2.190995e+00,2.677215e+00,2.873237e+02,8.483398e-01,3.727197e-02,1.855518e-01,3.355599e-01,2.148657e+00,-3.088577e-01,-2.436438e+00,-2.306943e+00,2.981341e+00,3.257348e-01,-2.678010e+00,3.081987e+00,2.327044e+00,3.480894e-01,7.757522e-01,1.879963e+00,-2.253273e+00,-3.183910e-02,2.649813e-01,5.688677e-02,-2.951822e-02,-2.417006e-01,3.821648e-02,1.008344e-01,1.017092e-01,-1.255166e-03,-2.806294e-03,-8.513749e-03,-9.169656e-03,2.457885e-02,5.213407e-02,1.614733e-02,1.024048e-02,-7.747104e+00,-9.529185e-03,2.651133e+02,1.718833e-02,1.634172e-02,3.517428e-02,-9.884130e+00,1.108379e-03,-5.737984e-04,1.047385e-02
673,6.730000,1.421056e+00,-5.168124e+00,4.638835e+00,-2.700342e+01,-6.408044e+01,9.844077e+00,2.815482e+00,6.042432e+00,-6.812115e+00,-1.323237e+01,8.345714e+00,-2.546750e+01,-9.016293e+00,5.939730e+00,5.014843e+00,-1.465727e+01,-1.558711e+00,1.477336e+00,4.528889e+00,4.695826e+00,3.296897e+00,-1.030762e+00,-2.009984e+00,-4.412559e-01,5.227037e-01,5.952994e-01,7.868755e-01,9.199386e-01,1.140273e+00,1.709941e+00,2.213738e+00,2.695007e+00,2.792180e+02,8.380298e-01,5.406343e-02,1.638630e-01,-1.460174e-01,2.096151e+00,5.692398e-01,-2.186684e+00,-3.457798e+00,2.912212e+00,2.128103e+00,-1.957823e+00,3.263358e+00,1.277017e+00,1.812884e-01,-1.521994e+00,1.714906e+00,-2.580723e+00,-1.838440e-02,2.151083e-01,-5.691919e-02,-1.718552e-01,-3.272815e-01,1.098209e-01,1.289445e-01,1.739827e-01,-4.954279e-04,-7.105112e-03,-1.265240e-03,-7.799536e-03,4.213637e-02,2.458115e-02,-8.554650e-03,6.500697e-03,-8.382071e+00,-1.122093e-02,2.549008e+02,1.848904e-02,1.490068e-02,5.220719e-02,-1.028697e+01,8.490114e-04,1.064845e-03,1.198651e-02
674,6.740000,1.042553e+00,-4.788647e+00,3.839396e+00,-2.483369e+01,-6.297307e+01,8.809960e+00,-2.532626e+00,1.024429e+01,-2.221947e+00,-1.447279e+01,1.091407e+01,-2.564472e+01,-9.219921e+00,2.106824e+00,6.042665e+00,-1.899047e+01,-1.570833e+00,1.609257e+00,4.397301e+00,4.393537e+00,2.888778e+00,-7.916574e-01,-1.802903e+00,-1.299173e-01,5.235198e-01,5.864258e-01,7.898088e-01,9.180012e-01,1.203781e+00,1.710953e+00,2.211546e+00,2.701571e+00,2.704674e+02,8.250546e-01,-6.251905e-02,-3.808777e-01,-2.213606e-01,1.194764e+00,7.833385e-01,-9.465831e-01,-2.736653e+00,5.377858e-01,2.362734e+00,-1.540024e-01,2.123568e+00,5.414736e-01,1.415153e+00,-3.263295e+00,9.991045e-01,-2.005101e+00,-4.988166e-02,5.987296e-02,-1.959259e-01,-2.641246e-01,-2.930849e-01,2.181414e-02,-1.366580e-02,1.038915e-01,-6.964398e-03,-8.007586e-03,4.118681e-05,-3.103316e-03,2.450982e-02,-2.357081e-02,-3.262274e-02,-5.546021e-03,-8.980072e+00,-1.275364e-02,2.442157e+02,1.539145e-02,1.169573e-02,7.401421e-02,-1.077408e+01,1.727273e-03,2.415185e-03,8.734873e-03
675,6.750000,1.300313e+00,-5.503863e+00,3.293843e+00,-2.551086e+01,-6.104992e+01,8.929882e+00,-6.382934e+00,9.272683e+00,4.378984e-01,-1.290985e+01,1.342832e+01,-2.634964e+01,-6.219547e+00,-2.159573e+00,6.228745e+00,-2.016385e+01,-1.711465e+00,1.581663e+00,4.085848e+00,4.028931e+00,2.668699e+00,-6.922038e-01,-1.872904e+00,-1.294301e-01,5.209082e-01,5.730420e-01,7.990834e-01,9.200966e-01,1.217895e+00,1.620471e+00,2.099698e+00,2.681396e+00,2.612450e+02,8.121899e-01,-1.343379e-01,-1.019825e+00,1.192807e-01,7.800684e-01,1.074784e+00,-6.439431e-01,-4.159912e-01,-1.985305e+00,7.724767e-01,1.191415e+00,1.081320e+00,8.949305e-01,2.680979e+00,-3.035323e+00,6.791271e-01,-7.005615e-01,-5.906354e-02,-1.126989e-01,-3.047622e-01,-2.898096e-01,-2.602850e-01,-1.546448e-01,-1.612739e-01,-4.501339e-02,-1.370042e-02,-5.138040e-03,-3.530383e-03,-2.486455e-03,-4.880488e-03,-4.464470e-02,-4.691184e-02,-1.414263e-02,-9.519577e+00,-1.404685e-02,2.335777e+02,2.219616e-02,2.512513e-02,7.342022e-02,-1.113809e+01,1.944010e-03,2.714320e-03,6.878651e-03
676,6.760000,5.564480e-01,-7.314829e+00,4.283633e+00,-2.570425e+01,-6.128365e+01,9.534856e+00,-3.578517e+00,2.866331e+00,-2.433074e-01,-9.824410e+00,1.282928e+01,-2.399695e+01,-2.262295e+00,-5.757045e+00,7.018539e+00,-1.955924e+01,-1.772977e+00,1.382960e+00,3.721835e+00,3.810086e+00,2.605035e+00,-1.122066e+00,-2.312931e+00,-3.521964e-01,4.863777e-01,5.730042e-01,7.917924e-01,9.244671e-01,1.168645e+00,1.579982e+00,2.084901e+00,2.656290e+00,2.514099e+02,7.974916e-01,-1.015202e-01,-1.519941e+00,2.910632e-01,1.312309e+00,7.186669e-01,-1.054620e+00,1.895735e+00,-2.885610e+00,-1.918943e+00,1.035047e+00,1.734323e-02,1.411958e+00,2.890530e+00,-1.080164e+00,1.136465e+00,5.806702e-01,-6.832244e-02,-2.674469e-01,-3.460384e-01,-2.745655e-01,-2.912613e-01,-3.505886e-01,-2.475991e-01,-1.560955e-01,-1.420669e-02,-4.662871e-04,-9.604943e-03,-5.853325e-03,-1.953468e-02,-3.345435e-02,-3.222036e-02,-1.288958e-02,-1.000039e+01,-1.489536e-02,2.219044e+02,2.397114e-02,2.330542e-02,6.824213e-02,-1.144288e+01,1.623763e-03,-7.931717e-04,4.730399e-03
677,6.770000,9.924189e-01,-9.004157e+00,5.013121e+00,-2.266780e+01,-5.955123e+01,6.261914e+00,1.258472e+00,-1.951113e-01,-3.939051e+00,-9.599490e+00,1.279471e+01,-2.181673e+01,9.097915e-01,-5.304948e+00,7.922541e+00,-1.787570e+01,-1.752956e+00,1.026990e+00,3.342810e+00,3.538503e+00,2.137344e+00,-1.638782e+00,-2.561339e+00,-5.551834e-01,4.727727e-01,5.763200e-01,7.682318e-01,9.042733e-01,1.133438e+00,1.552202e+00,2.042501e+00,2.646934e+00,2.411489e+02,7.815771e-01,-9.944890e-02,-1.622109e+00,9.850631e-02,1.977318e+00,9.691704e-01,-1.306288e+00,2.253500e+00,-9.295462e-01,-3.676394e+00,5.707569e-02,-1.473983e-01,1.656029e+00,1.840390e+00,1.550964e+00,2.062046e+00,1.201314e+00,-7.229058e-02,-3.701320e-01,-3.534587e-01,-2.756181e-01,-3.684371e-01,-3.617522e-01,-1.809124e-01,-2.056478e-01,-7.864502e-03,3.148347e-03,-1.339282e-02,-9.572333e-03,-1.975886e-02,-8.327508e-03,-3.544815e-02,-2.312973e-02,-1.037677e+01,-1.559590e-02,2.103660e+02,2.391925e-02,2.266743e-02,8.948649e-02,-1.150586e+01,4.033436e-03,-1.399507e-03,7.153344e-03
678,6.780000,6.888993e-01,-1.063821e+01,4.435074e+00,-1.969367e+01,-6.012909e+01,4.870844e+00,3.125346e+00,5.501351e-01,-9.628188e+00,-1.095273e+01,1.131760e+01,-2.085138e+01,1.668057e+00,-1.721310e+00,1.087809e+01,-1.723120e+01,-1.891699e+00,5.493593e-01,3.038628e+00,3.265923e+00,1.698149e+00,-2.071311e+00,-2.696681e+00,-6.975181e-01,4.765542e-01,5.824553e-01,7.572098e-01,8.966462e-01,1.148336e+00,1.577816e+00,2.079042e+00,2.654354e+00,2.305135e+02,7.658842e-01,-6.467502e-02,-1.557112e+00,-3.960941e-01,2.030476e+00,1.844584e+00,-1.328565e+00,1.519557e+00,1.710028e+00,-3.865861e+00,-6.666082e-01,-2.020672e-01,1.394773e+00,4.253205e-01,2.868515e+00,2.654815e+00,1.252313e+00,-1.143806e-01,-4.175770e-01,-3.530672e-01,-3.073965e-01,-4.231545e-01,-2.427135e-01,-4.784653e-02,-2.274377e-01,1.158953e-04,3.242892e-03,-1.150895e-02,-9.088230e-03,-1.250228e-02,2.782261e-03,-6.995364e-02,-3.307476e-02,-1.057081e+01,-1.302441e-02,1.986072e+02,2.264873e-02,8.958720e-03,8.963307e-02,-1.115291e+01,1.016175e-02,3.694560e-03,3.437552e-03
679,6.790000,7.368429e-01,-1.195272e+01,3.710654e+00,-1.862956e+01,-5.678135e+01,4.730445e+00,1.532637e+00,5.783051e+00,-1.325163e+01,-1.206031e+01,1.344717e+01,-1.964227e+01,1.017229e+00,3.577378e+00,1.460920e+01,-1.532130e+01,-2.013556e+00,1.478041e-01,2.660158e+00,2.922922e+00,1.279957e+00,-2.026342e+00,-2.585591e+00,-9.850082e-01,4.864975e-01,5.840582e-01,7.494106e-01,8.861454e-01,1.129255e+00,1.579917e+00,1.925386e+00,2.566716e+00,2.198093e+02,7.500141e-01,-1.395542e-01,-1.708735e+00,-4.801539e-01,1.758529e+00,2.588372e+00,-8.915435e-01,8.361667e-01,3.101537e+00,-1.701558e+00,-7.703741e-01,-2.379495e-01,1.240659e+00,-9.225436e-02,2.722759e+00,2.285137e+00,8.247169e-01,-1.821787e-01,-4.139902e-01,-3.550283e-01,-3.550018e-01,-4.728352e-01,-1.563281e-01,-3.674598e-02,-2.559589e-01,-5.453053e-03,2.413309e-03,-1.326515e-02,3.038227e-04,1.548910e-03,9.491193e-03,-7.304193e-02,-3.519347e-02,-1.059278e+01,-1.016890e-02,1.876970e+02,4.302454e-02,2.530095e-02,9.849147e-02,-1.065868e+01,1.429864e-02,7.840985e-03,1.680560e-02
680,6.800000,3.608609e-01,-1.362611e+01,2.954396e+00,-1.757099e+01,-5.344567e+01,3.657768e+00,3.882185e+00,8.427388e+00,-1.491632e+01,-1.192704e+01,1.149271e+01,-1.811031e+01,-1.894114e-01,4.144368e+00,1.694929e+01,-1.457487e+01,-2.214580e+00,-2.653317e-01,2.297825e+00,2.580894e+00,9.179556e-01,-2.141853e+00,-2.540038e+00,-1.274472e+00,4.800948e-01,5.853496e-01,7.436582e-01,8.880899e-01,1.108225e+00,1.580036e+00,1.793690e+00,2.531026e+00,2.092256e+02,7.481510e-01,-7.032267e-02,-2.024200e+00,-4.874141e-01,1.927607e+00,3.301997e+00,-1.387104e+00,1.158614e+00,2.891911e+00,9.154221e-01,-1.114611e+00,-3.894246e-01,1.168642e+00,-3.394578e-01,1.285328e+00,1.400275e+00,-1.723175e-02,-2.683903e-01,-4.249498e-01,-3.764103e-01,-4.409754e-01,-5.650344e-01,-1.506647e-01,-8.815436e-02,-2.487796e-01,-8.418751e-03,-2.642810e-04,-1.286897e-02,5.010128e-03,2.347921e-02,9.560240e-03,-6.010276e-02,-8.067680e-03,-1.039567e+01,-4.613876e-03,1.774744e+02,6.522724e-02,4.046147e-02,8.092739e-02,-9.804303e+00,1.416564e-02,8.686861e-03,2.712996e-02
681,6.810000,4.586671e-01,-1.605388e+01,3.352691e+00,-1.493650e+01,-4.995108e+01,2.410735e+00,5.060887e+00,1.137395e+01,-9.802775e+00,-1.296421e+01,1.151740e+01,-1.698397e+01,1.377254e+00,5.376005e+00,1.631263e+01,-1.508028e+01,-2.502410e+00,-6.356152e-01,1.938070e+00,2.106009e+00,1.632643e-01,-2.385151e+00,-2.823390e+00,-1.546501e+00,4.437371e-01,5.869394e-01,7.086819e-01,9.100706e-01,1.161238e+00,1.598548e+00,1.819968e+00,2.532631e+00,1.988289e+02,7.395992e-01,-1.583079e-02,-2.415158e+00,-5.852693e-01,1.922115e+00,3.055902e+00,-1.763124e+00,1.514021e+00,8.768753e-01,3.208274e+00,-1.254339e+00,-4.975205e-01,7.378414e-01,-4.003548e-01,-4.579993e-01,1.041289e+00,-6.324173e-01,-3.806157e-01,-4.463071e-01,-4.163538e-01,-5.356671e-01,-5.964881e-01,-2.313120e-01,-1.812623e-01,-2.016759e-01,-8.690724e-03,-4.431433e-03,-9.663200e-03,7.476640e-03,3.860573e-02,1.232693e-02,-1.506025e-02,1.400521e-02,-9.443520e+00,-6.945980e-03,1.676390e+02,7.412318e-02,4.612098e-02,1.778673e-01,-1.856588e+01,2.680748e-03,-3.349200e-04,2.072879e-02
682,6.820000,4.763738e-01,-1.870863e+01,2.176985e+00,-1.190217e+01,-4.703424e+01,-9.048188e-01,7.154293e+00,1.221424e+01,-6.775506e+00,-1.607384e+01,1.033536e+01,-1.633732e+01,-2.092439e-01,3.806017e+00,1.702775e+01,-1.743787e+01,-2.989224e+00,-1.183680e+00,1.517620e+00,1.469503e+00,-5.686767e-01,-2.645230e+00,-3.018553e+00,-1.660670e+00,4.558406e-01,5.796933e-01,7.132294e-01,9.097342e-01,1.249741e+00,1.616302e+00,1.831238e+00,2.631058e+00,1.890253e+02,7.480223e-01,6.140801e-02,-2.313011e+00,-1.057270e+00,8.710097e-01,2.793227e+00,-1.692211e+00,1.397220e+00,-1.627391e+00,3.895648e+00,-1.391961e+00,2.751080e-01,6.216097e-01,-4.073887e-01,-1.568432e+00,1.960755e+00,-5.310479e-01,-4.484377e-01,-4.486669e-01,-4.487622e-01,-5.379421e-01,-4.502059e-01,-1.789397e-01,-1.526258e-01,-9.997161e-02,3.703809e-03,-4.853725e-03,6.450391e-03,2.010620e-03,3.893994e-02,6.372190e-03,-1.005650e-02,1.452096e-02,-7.522458e+00,-1.504412e-02,1.596146e+02,7.792763e-02,4.198301e-02,1.855949e-01,-3.170624e+01,-9.119160e-03,-7.421942e-03,-1.028787e-02
683,6.830000,5.999325e-01,-2.148725e+01,1.173013e+00,-1.185339e+01,-4.470755e+01,-1.803882e+00,7.466688e+00,8.274001e+00,-1.280668e+00,-1.625860e+01,1.153825e+01,-1.683956e+01,-9.746287e-01,1.456557e+00,1.977641e+01,-1.705189e+01,-3.529312e+00,-1.624557e+00,9.684918e-01,8.002827e-01,-9.591680e-01,-2.931214e+00,-3.252645e+00,-1.800289e+00,4.551710e-01,5.647292e-01,7.163090e-01,9.127064e-01,1.251526e+00,1.623419e+00,1.831311e+00,2.586726e+00,1.826918e+02,7.153485e-01,1.678196e-02,-1.978431e+00,-1.409534e+00,-4.669937e-01,2.762510e+00,-1.571130e+00,1.722498e+00,-3.286719e+00,2.685541e+00,9.278584e-02,1.267686e-01,1.074158e+00,-2.598897e-01,-2.349845e+00,2.496245e+00,2.562204e-01,-4.496201e-01,-4.219854e-01,-4.627234e-01,-4.714421e-01,-2.419076e-01,-1.288274e-01,-2.962532e-02,-6.584694e-02,1.380070e-02,-3.306139e-03,2.156475e-02,-1.567841e-03,1.277058e-02,-4.096615e-03,-3.099675e-02,-3.821325e-03,-4.763770e+00,-6.771918e-02,1.037974e+02,5.007809e-02,2.286558e-02,1.498017e-01,-4.440287e+01,-1.945200e-02,-1.192455e-02,-4.978087e-02
684,6.840000,5.972683e-01,-2.247448e+01,-1.242113e+00,-1.475749e+01,-4.210129e+01,-2.695981e+00,9.665386e+00,1.840405e+00,3.008631e-01,-1.723965e+01,1.285783e+01,-1.507447e+01,-1.050413e+00,-1.738067e+00,2.502117e+01,-1.624431e+01,-3.943317e+00,-2.014195e+00,5.388029e-01,5.440469e-01,-7.718577e-01,-2.763520e+00,-3.088539e+00,-1.647436e+00,4.928969e-01,5.721861e-01,7.720966e-01,8.968251e-01,1.257781e+00,1.599461e+00,1.737736e+00,2.576583e+00,1.796818e+02,6.850557e-01,-5.050161e-02,-1.652657e+00,-1.128420e+00,-9.556251e-01,2.583147e+00,-1.145617e+00,1.963677e+00,-2.747571e+00,1.013908e+00,1.588264e+00,-1.966324e-02,2.066586e+00,2.553245e-01,-1.571419e+00,1.601844e+00,9.972658e-01,-3.666577e-01,-3.582839e-01,-4.283448e-01,-3.551788e-01,-1.453465e-01,-1.145680e-01,2.672114e-02,-1.140469e-01,9.899425e-03,1.254022e-03,1.973453e-02,-2.075374e-03,-1.591695e-02,-1.277540e-02,-4.024317e-02,-6.629606e-02,-2.169702e+00,-1.355087e-01,5.086394e+01,3.165398e-02,1.497946e-02,4.352089e-02,-4.230267e+01,-2.059333e-02,-1.068316e-02,-5.209916e-02
685,6.850000,4.821297e-01,-2.406311e+01,-1.985432e+00,-1.584380e+01,-3.860500e+01,-4.549336e+00,1.241783e+01,1.272691e-01,8.674335e-02,-1.191737e+01,1.089001e+01,-1.224461e+01,4.983904e-01,-3.601177e+00,2.479714e+01,-1.439596e+01,-4.273464e+00,-2.330285e+00,1.138616e-01,2.115262e-01,-9.446831e-01,-2.970143e+00,-2.936524e+00,-1.882352e+00,4.942125e-01,5.741623e-01,7.870720e-01,9.086860e-01,1.221071e+00,1.586485e+00,1.711735e+00,2.540762e+00,1.796818e+02,4.324866e-01,-1.084598e-01,-2.169175e+00,-1.165597e+00,4.269993e-01,3.059161e+00,-1.038596e+00,2.294873e+00,-1.020871e+00,-8.482440e-01,3.314683e+00,-4.414597e-01,2.549365e+00,-1.034587e-01,-1.052735e+00,-1.743027e-01,1.928553e+00,-3.653528e-01,-4.283253e-01,-5.629445e-01,-4.518153e-01,-3.290292e-01,-2.712741e-01,5.348993e-03,-2.287010e-01,-7.021278e-04,3.699648e-03,1.312412e-02,-1.465601e-03,-1.906765e-02,-1.453192e-02,-3.169604e-02,-7.695778e-02,-6.020020e-01,-1.903843e-01,0,0,0,0,-2.584588e+01,-1.318102e-02,-6.071062e-03,-3.431242e-02
686,6.860000,2.827671e-01,-2.568398e+01,-1.885895e+00,-1.468509e+01,-3.716978e+01,-5.260178e+00,1.449710e+01,2.549754e+00,-2.389673e+00,-1.030314e+01,1.056116e+01,-8.301868e+00,3.308693e-01,-1.522208e+00,2.252661e+01,-1.377950e+01,-4.450437e+00,-2.622236e+00,-1.967890e-01,-1.201322e-02,-1.302652e+00,-3.198605e+00,-3.043008e+00,-2.189873e+00,4.858170e-01,5.812469e-01,7.765205e-01,9.013676e-01,1.185383e+00,1.570892e+00,1.689810e+00,2.322560e+00,1.796818e+02,2.119100e-01,-1.132407e-01,-3.022055e+00,-1.471695e+00,2.327142e+00,3.340691e+00,-1.460787e+00,4.239350e-01,-1.716289e-01,-1.426929e+00,3.880105e+00,4.965029e-02,1.621654e+00,-2.633336e-01,-1.013011e+00,-4.924328e-01,2.136184e+00,-3.926829e-01,-4.800433e-01,-7.487285e-01,-7.127007e-01,-6.257583e-01,-4.282475e-01,-8.973427e-02,-3.031910e-01,-2.299024e-02,-3.848791e-04,3.184646e-03,3.998548e-03,-1.339710e-03,-9.448302e-03,-4.312515e-03,-7.874008e-02,0,-1.374132e-01,0,0,0,0,-1.017279e+01,-6.330797e-03,-2.995892e-03,-8.704179e-03
687,6.870000,2.148842e-01,-3.072837e+01,-4.333081e+00,-9.754599e+00,-3.187750e+01,-5.714763e+00,1.652519e+01,2.814972e+00,-4.176620e+00,-3.153444e+00,1.047928e+01,-7.479037e+00,-2.182564e+00,-3.915045e+00,2.015218e+01,-8.641524e+00,-5.102517e+00,-3.462163e+00,-1.478435e+00,-1.180764e+00,-2.338917e+00,-4.070042e+00,-3.248666e+00,-2.672576e+00,4.552003e-01,5.786970e-01,7.797177e-01,9.031072e-01,1.192387e+00,1.565045e+00,1.696794e+00,2.328949e+00,1.796818e+02,0,-7.516468e-02,-3.525031e+00,-2.295078e+00,3.385625e+00,4.032896e+00,-1.671820e+00,-1.667759e+00,-3.317692e-01,-2.955216e-01,2.773998e+00,8.492290e-01,5.594872e-01,-1.392556e-01,-1.579010e+00,-6.092888e-01,2.071270e+00,-4.517964e-01,-5.338262e-01,-9.147127e-01,-9.398748e-01,-8.189753e-01,-4.215546e-01,-1.515358e-01,-2.486459e-01,-3.666768e-02,-2.871800e-03,2.848542e-03,1.608944e-02,3.919177e-02,-2.308571e-03,9.022618e-03,-9.491825e-03,0,-4.341839e-02,0,0,0,0,0,0,0,0
688,6.880000,1.646875e-01,-3.425212e+01,-7.426764e+00,-6.166382e+00,-2.876159e+01,-9.417201e+00,9.731381e+00,-3.615914e-01,-4.702100e+00,-2.221088e+00,1.331145e+01,-9.348983e+00,-1.026605e+00,-6.646189e+00,2.488149e+01,-8.440601e+00,-5.492205e+00,-3.848473e+00,-2.408691e+00,-2.323312e+00,-3.203532e+00,-4.354808e+00,-3.381140e+00,-2.768279e+00,3.974518e-01,5.679944e-01,7.916970e-01,9.196072e-01,1.265425e+00,1.562940e+00,1.723644e+00,2.288789e+00,1.796818e+02,2.142331e-01,-4.113198e-02,-3.059289e+00,-2.481337e+00,3.261421e+00,4.056605e+00,-2.555315e+00,-3.316760e+00,-1.126639e+00,5.578059e-01,7.992972e-01,6.431092e-01,-7.196365e-02,8.418580e-01,-1.621677e+00,-1.013972e+00,1.036033e+00,-3.792671e-01,-4.273544e-01,-8.431614e-01,-9.428665e-01,-8.212472e-01,-2.849287e-01,-1.227933e-01,-1.371772e-01,-4.316537e-02,-6.648385e-03,8.668780e-04,2.667880e-02,5.573602e-02,4.837513e-04,1.339571e-02,5.384760e-02,0,6.207662e-02,0,0,0,0,0,0,0,0
689,6.890000,1.653461e-01,-3.740419e+01,-1.069039e+01,-3.175030e+00,-2.264462e+01,-1.082992e+01,6.461899e+00,-7.590437e-02,-2.346509e-01,-2.088407e+00,1.376101e+01,-8.923615e+00,4.808493e-01,-8.934236e+00,2.057326e+01,-6.709057e+00,-6.011562e+00,-4.386298e+00,-3.353751e+00,-3.332199e+00,-4.089119e+00,-4.499815e+00,-3.525137e+00,-2.836379e+00,3.550566e-01,5.664296e-01,7.937264e-01,9.800134e-01,1.377009e+00,1.578918e+00,1.739931e+00,2.510188e+00,1.796818e+02,2.142331e-01,-1.862727e-02,-1.733415e+00,-1.662142e+00,2.268700e+00,2.787116e+00,-2.802032e+00,-2.720252e+00,-7.067856e-01,1.524880e+00,-1.811491e+00,-1.601707e-01,1.421091e-01,1.694707e+00,-3.326317e-01,-2.666629e+00,7.709278e-01,-1.960676e-01,-2.282015e-01,-4.856652e-01,-6.159724e-01,-6.242397e-01,-9.922104e-02,-8.943460e-02,-4.439306e-03,-3.352755e-02,-6.102634e-03,-1.028394e-02,3.204969e-02,5.235279e-02,4.275155e-03,3.551064e-02,7.323146e-02,0,1.013938e-01,0,0,0,0,0,0,0,0
690,6.900000,1.018763e-01,-3.764252e+01,-1.111392e+01,-1.667767e+00,-2.150320e+01,-1.547918e+01,2.944954e+00,-1.638004e+00,-1.571628e+00,-6.839169e+00,1.213584e+01,-7.939397e+00,3.208453e+00,-7.120996e+00,1.724621e+01,-9.565572e+00,-5.892250e+00,-4.296941e+00,-3.474938e+00,-3.650628e+00,-4.533786e+00,-4.408363e+00,-3.518739e+00,-2.793857e+00,3.200619e-01,5.541387e-01,7.738505e-01,9.963085e-01,1.371752e+00,1.566374e+00,1.735220e+00,2.501178e+00,1.796818e+02,4.151765e-01,-6.487221e-04,-7.342716e-01,-6.485490e-01,1.526398e+00,1.651036e+00,-2.690103e+00,-1.152887e+00,-3.825242e-01,8.354077e-01,-2.550130e+00,-1.251447e+00,3.174830e-03,1.276678e+00,7.065307e-01,-3.644585e+00,8.418869e-01,-3.223257e-02,-9.414482e-02,-2.030329e-01,-3.227610e-01,-4.185558e-01,-3.397017e-02,-3.278158e-02,3.719616e-02,-1.936855e-02,-6.683946e-03,-1.192317e-02,2.558966e-02,4.044765e-02,8.495891e-03,4.884647e-02,7.706664e-02,0,1.019653e-01,0,0,0,0,0,0,0,0
691,6.910000,1.531535e-01,-3.770024e+01,-1.080021e+01,-6.604043e-01,-2.157112e+01,-1.669394e+01,6.317146e+00,-8.074979e-02,1.882545e+00,-9.901858e+00,1.026623e+01,-7.473284e+00,4.173442e+00,-5.340800e+00,1.063668e+01,-4.224400e+00,-5.882832e+00,-4.378936e+00,-3.373637e+00,-3.596967e+00,-4.794989e+00,-4.539370e+00,-3.627039e+00,-2.681983e+00,3.262575e-01,5.551117e-01,7.372212e-01,1.025005e+00,1.400987e+00,1.584703e+00,1.868559e+00,2.588912e+00,1.796818e+02,4.064974e-01,9.620204e-03,-4.126434e-02,1.487936e-01,1.079837e+00,2.073725e-01,-2.777034e+00,-9.487898e-01,1.219939e+00,1.246393e+00,-1.964985e+00,-2.061563e+00,-3.771354e-01,1.041919e+00,-1.729360e-02,-2.401526e+00,9.370506e-01,6.610284e-02,6.024537e-02,8.224106e-02,-1.103023e-01,-2.687711e-01,1.244736e-02,1.925998e-02,4.347036e-02,-9.696141e-03,-9.444100e-03,-1.768562e-02,2.125252e-02,2.811018e-02,8.343088e-03,6.668427e-02,4.092143e-02,0,1.054990e-01,0,0,0,0,0,0,0,0
692,6.920000,1.675402e-01,-3.777546e+01,-1.061460e+01,2.082940e-01,-2.104316e+01,-1.993571e+01,4.039325e+00,-2.271790e+00,-1.583660e+00,-1.106501e+01,8.801602e+00,-1.005827e+01,3.510490e+00,-4.910254e+00,1.162685e+01,-5.473495e+00,-5.717733e+00,-4.322877e+00,-3.413913e+00,-3.804732e+00,-4.943377e+00,-4.504881e+00,-3.494097e+00,-2.659496e+00,3.150086e-01,5.402336e-01,7.603338e-01,1.025060e+00,1.455674e+00,1.602527e+00,1.903562e+00,2.634760e+00,1.796818e+02,6.279275e-01,2.063187e-02,-5.677300e-02,2.250678e-01,8.305956e-01,7.435951e-02,-2.330317e+00,-1.580194e+00,2.888982e+00,2.325832e+00,-5.403463e-01,-2.350371e+00,6.693304e-01,6.930613e-01,-1.150668e+00,-1.083033e+00,7.830199e-01,1.323986e-02,9.210896e-02,1.326342e-01,-7.615175e-02,-2.247318e-01,4.763017e-02,4.006298e-02,-1.345830e-02,-4.877749e-03,-1.064283e-02,-1.807572e-02,2.671974e-02,2.985262e-02,8.330023e-03,6.013935e-02,3.372161e-02,0,2.580992e-02,0,0,0,0,0,0,0,0
693,6.930000,1.806152e-01,-3.754404e+01,-1.019608e+01,1.286123e+00,-2.183778e+01,-2.248683e+01,1.170764e+00,6.340685e+00,6.003331e+00,-9.800410e+00,5.120317e+00,-9.749854e+00,5.539429e+00,-1.012607e+01,1.137531e+01,-4.069842e+00,-5.768306e+00,-4.072103e+00,-2.973058e+00,-3.806659e+00,-5.228179e+00,-4.389318e+00,-3.441158e+00,-2.686208e+00,3.091026e-01,5.261616e-01,7.120567e-01,1.071900e+00,1.475599e+00,1.602557e+00,1.989182e+00,2.648004e+00,1.796818e+02,6.353526e-01,1.817515e-02,-4.335289e-02,1.852722e-02,5.811684e-01,-1.190008e-01,-1.914807e+00,-3.219500e+00,3.129553e+00,2.694912e+00,1.451882e-01,-1.456230e+00,2.544310e+00,5.881343e-01,-1.777374e+00,3.986297e-01,5.819991e-01,-3.011971e-02,1.510568e-01,1.219533e-01,-8.419828e-02,-1.764632e-01,1.082581e-01,3.574378e-02,-4.357002e-02,-5.673593e-03,-1.121048e-02,-1.881629e-02,2.596501e-02,1.794368e-02,1.828313e-04,2.383825e-02,2.931047e-03,0,-1.703223e-02,0,0,0,0,0,0,0,0
694,6.940000,1.913048e-01,-3.800449e+01,-1.029065e+01,1.511947e+00,-2.099807e+01,-2.423432e+01,-2.382823e+00,9.596189e+00,7.997141e+00,-9.591624e+00,2.956946e+00,-3.454460e+00,5.990766e+00,-1.048170e+01,1.146173e+01,-5.727751e+00,-5.883314e+00,-3.989813e+00,-3.012057e+00,-3.926542e+00,-5.440850e+00,-4.245238e+00,-3.411365e+00,-2.859037e+00,3.042506e-01,5.153996e-01,6.960542e-01,1.106459e+00,1.483709e+00,1.599097e+00,1.975605e+00,2.640240e+00,1.796818e+02,4.297985e-01,2.981440e-02,-1.247936e-01,-4.533464e-01,7.347406e-02,7.916279e-02,-7.032915e-01,-3.090046e+00,1.447422e+00,2.314998e+00,3.102703e-02,1.695691e-01,3.748727e+00,4.089420e-01,-6.306123e-01,2.118893e-02,1.225552e+00,-9.540749e-02,8.168042e-02,-1.209378e-03,-9.075554e-02,-8.315673e-02,1.160714e-01,-1.137383e-02,-2.382724e-02,-3.981498e-03,-5.170482e-03,-1.379586e-02,2.319225e-02,6.784499e-03,3.797507e-03,2.900612e-03,-1.279016e-02,0,-6.309731e-02,0,0,0,0,0,0,0,0
695,6.950000,2.321469e-01,-3.780249e+01,-1.086955e+01,1.593611e+00,-2.218867e+01,-2.411867e+01,-6.569280e+00,9.633027e+00,1.056670e+01,-9.912612e+00,5.907408e+00,1.946360e+00,5.873975e+00,-1.144195e+01,1.271239e+01,-1.187277e+00,-5.950640e+00,-3.790185e+00,-2.964799e+00,-3.957054e+00,-5.428568e+00,-4.127902e+00,-3.489686e+00,-2.800063e+00,3.032685e-01,5.114763e-01,6.752796e-01,1.114130e+00,1.476688e+00,1.587332e+00,1.951728e+00,2.600827e+00,1.796818e+02,4.204008e-01,1.932156e-02,-7.163124e-02,-8.815840e-01,-3.667800e-01,2.475325e-01,9.112784e-01,-2.062229e+00,-2.041628e+00,4.339548e-01,2.649774e-01,1.971756e+00,1.874580e+00,5.051020e-01,7.358600e-01,-7.467793e-01,9.849367e-02,-1.167887e-01,-4.426288e-03,-1.473787e-01,-1.061959e-01,9.077921e-02,6.916776e-02,-3.916214e-02,4.192424e-02,-2.559838e-03,1.609266e-04,8.604270e-03,8.697510e-03,1.000595e-03,1.056981e-02,-1.878778e-02,-1.650865e-02,0,-1.702785e-03,0,0,0,0,0,0,0,0
696,6.960000,2.908463e-01,-3.827020e+01,-1.254460e+01,4.219205e-01,-2.047190e+01,-2.263625e+01,-7.540884e+00,3.319147e+00,7.709643e+00,-1.085378e+01,9.255902e+00,2.837257e+00,5.387927e+00,-7.405379e+00,1.106425e+01,-7.870172e-01,-6.103603e+00,-4.055434e+00,-3.424089e+00,-4.183312e+00,-5.258966e+00,-4.055233e+00,-3.526702e+00,-2.721705e+00,2.980182e-01,5.217238e-01,7.097430e-01,1.119906e+00,1.489052e+00,1.629127e+00,1.936792e+00,2.594398e+00,1.796818e+02,4.199169e-01,4.509270e-03,8.013916e-02,-8.653610e-01,-6.073791e-01,3.511715e-01,1.630487e+00,2.570656e-01,-3.456245e+00,4.802876e-02,1.184840e+00,1.693723e+00,-1.811019e+00,9.139988e-01,1.218847e+00,-1.690991e+00,-1.923038e+00,-1.032941e-01,-7.325909e-02,-1.421869e-01,-7.350502e-02,2.261428e-01,-3.819227e-03,-5.505872e-03,1.105978e-01,2.270505e-03,1.010281e-03,2.171530e-02,-1.157069e-03,-1.724662e-02,1.214914e-02,-2.051271e-02,-3.147411e-02,0,6.231888e-02,0,0,0,0,0,0,0,0
697,6.970000,2.274522e-01,-3.776934e+01,-1.347703e+01,-2.763589e-03,-2.086320e+01,-1.872947e+01,-6.561352e+00,-7.289347e-01,8.316854e+00,-7.844447e+00,1.182962e+01,-3.522811e+00,8.366359e+00,-7.984934e+00,7.840147e+00,-6.047740e+00,-6.242105e+00,-4.061423e+00,-3.503936e+00,-4.209253e+00,-4.865225e+00,-4.138482e+00,-3.579300e+00,-2.545252e+00,2.994196e-01,5.238041e-01,7.482336e-01,1.108665e+00,1.477931e+00,1.640391e+00,1.914649e+00,2.588382e+00,1.796818e+02,6.317794e-01,-2.318271e-02,2.589897e-01,-1.944264e-01,-4.610284e-01,5.223131e-01,1.405819e+00,1.889659e+00,-3.182263e+00,-3.280401e-01,1.546630e+00,9.406948e-02,-4.140298e+00,9.126120e-01,1.678466e+00,-1.736376e+00,-4.084116e+00,-4.714155e-03,-6.933670e-02,-4.957998e-02,-9.275436e-03,2.544047e-01,-4.460230e-02,3.488629e-02,9.299274e-02,7.754570e-03,-1.255322e-03,2.380186e-02,-8.791387e-03,-3.284635e-02,6.837070e-03,-4.226751e-02,-4.755142e-02,0,6.720238e-02,0,0,0,0,0,0,0,0
698,6.980000,2.161985e-01,-3.762037e+01,-1.331371e+01,-7.267612e-01,-1.990495e+01,-1.877648e+01,-1.101460e+00,-2.504054e+00,9.362210e+00,-4.701506e+00,8.464456e+00,-9.774971e+00,9.314569e+00,-6.115970e+00,5.442893e+00,-1.291271e+01,-6.254052e+00,-4.220489e+00,-3.453423e+00,-4.167967e+00,-4.591807e+00,-4.259044e+00,-3.394087e+00,-2.433453e+00,3.175276e-01,5.142871e-01,7.681537e-01,1.103407e+00,1.396855e+00,1.633314e+00,1.891581e+00,2.489092e+00,1.796818e+02,6.357036e-01,-3.296784e-02,3.662582e-01,5.071322e-01,3.883129e-02,4.666719e-01,6.125010e-01,2.608267e+00,-1.689215e+00,1.761808e-01,1.594255e+00,-1.839954e+00,-3.873401e+00,3.107420e-01,1.356537e+00,-9.582383e-01,-3.380679e+00,1.013365e-01,-2.613435e-02,7.296953e-02,5.137868e-02,1.759003e-01,-7.598452e-02,7.090106e-02,5.938747e-02,1.242599e-02,-3.355819e-03,1.166420e-02,-1.347493e-02,-4.223217e-02,-7.578993e-03,-5.299679e-02,-5.303304e-02,0,4.971443e-02,0,0,0,0,0,0,0,0
699,6.990000,1.535573e-01,-3.683246e+01,-1.145712e+01,-1.371903e-01,-1.986058e+01,-1.901945e+01,-3.406973e-01,-3.366688e+00,8.100221e+00,-5.255599e+00,6.773479e+00,-1.244902e+01,8.473714e+00,-3.694321e+00,6.841188e+00,-1.554501e+01,-5.898987e+00,-4.054341e+00,-3.198032e+00,-4.011104e+00,-4.490124e+00,-4.249008e+00,-3.381562e+00,-2.479225e+00,3.322867e-01,5.089180e-01,7.650836e-01,1.078423e+00,1.358555e+00,1.619424e+00,1.762996e+00,2.415723e+00,1.796818e+02,6.485193e-01,-2.569719e-02,2.213909e-01,5.712487e-01,9.529279e-02,1.842468e-01,-1.315804e-01,1.696650e+00,-6.333424e-01,-2.246609e-01,4.727864e-01,-3.064998e+00,-1.766267e+00,-6.485301e-01,1.491902e+00,1.618808e-01,-6.456008e-01,1.261493e-01,-4.232359e-02,9.254782e-02,6.335278e-02,5.779400e-02,-5.794234e-02,6.223142e-02,7.416963e-04,1.677697e-02,9.337962e-04,9.037125e-03,-5.165494e-03,-1.682715e-02,-5.467928e-03,-1.923590e-02,-7.361484e-03,0,9.268677e-03,0,0,0,0,0,0,0,0
700,7.000000,1.629546e-01,-3.690735e+01,-1.101889e+01,6.832903e-01,-1.863985e+01,-1.942875e+01,2.390126e+00,-3.808049e+00,8.698863e+00,-4.176924e+00,2.584201e+00,-1.206665e+01,6.887959e+00,-2.768001e+00,6.772543e+00,-1.294178e+01,-5.768480e+00,-4.189647e+00,-3.212193e+00,-4.025493e+00,-4.567015e+00,-4.379893e+00,-3.271065e+00,-2.457781e+00,3.437146e-01,5.123878e-01,7.596390e-01,1.067652e+00,1.337579e+00,1.601715e+00,1.747635e+00,2.415562e+00,1.796818e+02,6.601191e-01,-1.936393e-02,-7.640877e-02,-1.928908e-01,-2.153366e-01,-4.746781e-02,1.982588e-01,-1.730636e-01,-2.427465e-01,7.850523e-02,6.341951e-01,-2.573276e+00,4.671063e-01,-1.252648e+00,1.945673e-01,3.207262e-01,1.343436e+00,-2.915759e-02,-6.976604e-02,3.821945e-03,-9.799480e-03,2.247434e-02,-2.011809e-02,2.607348e-02,-2.624929e-02,1.788702e-02,3.889477e-03,2.119454e-02,9.228969e-03,1.855434e-02,-1.739645e-03,2.149951e-02,4.468606e-02,0,7.462823e-03,0,0,0,0,0,0,0,0
701,7.010000,1.255882e-01,-3.701890e+01,-1.176820e+01,-2.313253e-01,-2.057451e+01,-1.906124e+01,1.761051e-01,-3.243649e+00,7.525223e+00,-5.742805e+00,-5.552431e-01,-1.120831e+01,6.337013e+00,-2.199408e+00,7.984726e+00,-9.261211e+00,-5.854145e+00,-4.288462e+00,-3.161811e+00,-3.963726e+00,-4.588651e+00,-4.367769e+00,-3.329654e+00,-2.529380e+00,3.702110e-01,5.294228e-01,7.976766e-01,1.100714e+00,1.423432e+00,1.628851e+00,1.890443e+00,2.588339e+00,1.796818e+02,6.659151e-01,6.000251e-04,-3.782871e-01,-1.093631e+00,-1.148767e+00,-7.763588e-01,5.031412e-01,-1.127319e+00,1.786185e-01,6.350082e-01,1.368977e+00,-1.381829e+00,1.869161e+00,-1.749274e+00,-1.289881e+00,-1.048939e-01,6.819523e-01,-2.671248e-01,-9.989166e-02,-6.294771e-02,-4.098377e-02,5.743895e-02,1.965218e-02,6.973219e-03,-3.288901e-02,1.984819e-02,8.138835e-03,3.642058e-02,1.951993e-02,3.531945e-02,4.697311e-03,6.838367e-02,6.623204e-02,0,3.114241e-03,0,0,0,0,0,0,0,0
702,7.020000,1.333634e-01,-3.790919e+01,-1.412263e+01,-1.756377e+00,-1.978532e+01,-1.776430e+01,-2.225179e+00,-3.779306e+00,1.004224e+01,-1.286928e+00,-7.375615e-01,-8.059793e+00,4.119677e+00,-5.890590e+00,6.474754e+00,-9.337428e+00,-6.422261e+00,-4.452259e+00,-3.452423e+00,-4.240654e+00,-4.430171e+00,-4.300253e+00,-3.289674e+00,-2.539622e+00,3.880005e-01,5.234821e-01,8.578299e-01,1.138406e+00,1.457188e+00,1.619902e+00,1.935355e+00,2.626214e+00,1.796818e+02,6.643198e-01,3.291345e-03,-3.857407e-01,-1.415611e+00,-1.895730e+00,-1.761878e+00,5.631288e-01,-1.766168e+00,6.383388e-02,9.334304e-01,1.846584e+00,1.249636e+00,2.448308e+00,-1.554395e+00,-2.638316e+00,-3.014073e-01,-1.910912e+00,-4.197987e-01,-1.404038e-02,-5.711446e-02,-2.212667e-03,1.118430e-01,6.095205e-02,-1.704168e-02,-2.199001e-02,1.793545e-02,9.151310e-03,3.465263e-02,1.215714e-02,2.358142e-02,4.217434e-03,4.067718e-02,4.114366e-02,0,-2.828759e-03,0,0,0,0,0,0,0,0
703,7.030000,1.713530e-01,-3.822298e+01,-1.537341e+01,-4.661193e+00,-2.316964e+01,-1.733597e+01,-3.669641e+00,-2.487968e+00,1.060358e+01,1.442885e-01,1.525217e+00,-5.106636e+00,1.111484e+00,-8.582433e+00,6.465613e+00,-1.393742e+01,-6.907721e+00,-4.422493e+00,-3.392656e+00,-4.108442e+00,-4.271351e+00,-4.190567e+00,-3.337392e+00,-2.602750e+00,4.093846e-01,5.440651e-01,8.980911e-01,1.140646e+00,1.475348e+00,1.633817e+00,2.011054e+00,2.641557e+00,1.796818e+02,6.619902e-01,3.780884e-03,-1.976646e-01,-8.313872e-01,-1.858136e+00,-2.173198e+00,6.199791e-01,-8.440238e-01,-2.952841e-01,3.710609e-01,1.485175e+00,3.381222e+00,1.462753e+00,-3.424535e-01,-1.979930e+00,-1.022388e+00,-3.820685e+00,-3.473606e-01,7.046499e-02,-1.816690e-02,9.219911e-02,1.335362e-01,3.854885e-02,-3.491078e-02,-4.071402e-03,1.219561e-02,8.954483e-03,1.259203e-02,-1.214571e-02,-1.568873e-02,-2.386785e-03,-1.362160e-02,-1.700010e-02,0,-6.303489e-03,0,0,0,0,0,0,0,0
704,7.040000,1.565289e-01,-3.823401e+01,-1.629434e+01,-6.580426e+00,-2.615168e+01,-1.747574e+01,-4.517841e+00,-3.866721e+00,1.182684e+01,2.112450e+00,7.792151e+00,-2.875946e+00,1.728749e+00,-1.276807e+01,6.025063e+00,-2.015823e+01,-7.340685e+00,-4.192833e+00,-3.382343e+00,-3.964198e+00,-4.166451e+00,-4.163734e+00,-3.352405e+00,-2.531046e+00,4.138050e-01,5.508232e-01,8.826949e-01,1.108472e+00,1.429529e+00,1.620319e+00,1.890715e+00,2.594671e+00,1.796818e+02,6.479377e-01,-1.938170e-02,2.089386e-02,1.376826e-01,-1.248261e+00,-1.436935e+00,5.396450e-01,-6.287099e-01,-9.584500e-01,-4.679421e-01,4.932430e-02,3.447130e+00,-5.951322e-01,1.643234e+00,3.419186e-01,-5.487067e-01,-2.988754e+00,-1.021191e-01,1.004859e-01,2.624235e-02,1.079633e-01,1.311756e-01,2.073202e-02,-6.313054e-02,-1.581900e-02,4.607189e-03,3.091502e-03,-8.585185e-03,-2.573203e-02,-4.913192e-02,-3.213739e-03,-6.929453e-02,-5.262976e-02,0,-6.441277e-03,0,0,0,0,0,0,0,0
705,7.050000,1.329099e-01,-3.784481e+01,-1.483928e+01,-7.109979e+00,-2.825732e+01,-1.610562e+01,-2.897683e+00,-4.676363e+00,8.488226e+00,-1.662016e-02,1.208601e+01,-6.486467e+00,5.820210e+00,-8.660318e+00,3.097630e+00,-2.295423e+01,-7.131735e+00,-4.065850e+00,-3.287686e+00,-3.640958e+00,-4.052831e+00,-4.243285e+00,-3.472842e+00,-2.554025e+00,4.182868e-01,5.605246e-01,8.482042e-01,1.054953e+00,1.358818e+00,1.616708e+00,1.844656e+00,2.519110e+00,1.796818e+02,6.425887e-01,-3.022676e-02,-1.955795e-03,8.645817e-01,-1.195081e-01,9.509586e-01,7.298347e-01,-5.371310e-01,-1.081995e+00,-3.919861e-01,-3.471856e-01,1.664614e+00,-1.724608e+00,3.197827e+00,2.195708e+00,-3.350921e-01,1.326454e-01,1.285342e-01,3.062730e-02,-3.097346e-02,-1.979971e-02,9.045947e-02,2.335930e-03,-6.507115e-02,-5.515788e-02,-4.943797e-03,-9.105933e-03,-1.420579e-02,-1.823231e-02,-5.295482e-02,-9.279537e-03,-8.816111e-02,-6.390657e-02,0,-4.534435e-03,0,0,0,0,0,0,0,0
706,7.060000,5.567647e-02,-3.799380e+01,-1.370128e+01,-6.773290e+00,-2.442615e+01,-1.568125e+01,-5.754707e+00,-7.477358e+00,8.760200e+00,-9.598517e-01,1.121769e+01,-1.034554e+01,9.981484e+00,-4.142054e+00,5.415213e+00,-1.977279e+01,-6.820849e+00,-4.128151e+00,-3.373697e+00,-3.934579e+00,-3.883554e+00,-4.170234e+00,-3.537601e+00,-2.643080e+00,4.065854e-01,5.307098e-01,8.398474e-01,1.052592e+00,1.269793e+00,1.612388e+00,1.672082e+00,2.424289e+00,1.796818e+02,6.418142e-01,-2.383799e-02,-1.438980e-01,1.042114e+00,2.786492e-01,2.657654e+00,6.574785e-01,-2.459266e-01,-8.177759e-01,7.354879e-02,-4.615251e-01,-6.712992e-01,-1.033982e+00,2.544507e+00,2.105411e+00,8.014490e-01,2.480738e+00,1.998324e-01,-6.444120e-02,-8.732329e-02,-1.212396e-01,3.192012e-02,1.499958e-02,-3.787153e-02,-9.621525e-02,-7.377881e-03,-1.244435e-02,-4.400599e-03,4.392826e-03,-2.703197e-02,-7.195449e-03,-5.857829e-02,-4.521418e-02,0,-3.193277e-03,0,0,0,0,0,0,0,0
707,7.070000,7.064549e-02,-3.835286e+01,-1.234703e+01,-5.162301e+00,-1.927761e+01,-1.458405e+01,-5.736863e+00,-6.092626e+00,1.017696e+01,-5.548878e-02,8.135516e+00,-9.994880e+00,1.297425e+01,-1.916899e+00,5.095078e+00,-1.346692e+01,-6.524968e+00,-4.301698e+00,-3.551846e+00,-4.222250e+00,-3.960502e+00,-4.175637e+00,-3.570149e+00,-2.822522e+00,3.882755e-01,5.085921e-01,8.484859e-01,1.077424e+00,1.290442e+00,1.591385e+00,1.679565e+00,2.407215e+00,1.796818e+02,6.423798e-01,-6.539221e-03,-1.931313e-01,4.115409e-01,1.616056e-01,3.141412e+00,4.493732e-01,4.241508e-01,-6.134554e-01,-2.094240e-02,-9.415587e-01,-1.191594e+00,9.448887e-01,3.364862e-01,-1.320882e-01,9.847628e-01,2.130287e+00,1.114851e-01,-1.224491e-01,-1.723283e-01,-1.167457e-01,-4.190085e-02,7.356153e-02,2.648313e-02,-6.689198e-02,-6.318763e-03,-2.406991e-03,5.994665e-03,2.109481e-02,2.180343e-02,-4.724002e-03,-2.212195e-02,-8.205270e-03,0,-3.544110e-03,0,0,0,0,0,0,0,0
708,7.080000,6.847114e-02,-3.869948e+01,-1.232989e+01,-6.161019e+00,-1.735327e+01,-1.494913e+01,-4.327884e+00,-7.247469e+00,1.135021e+01,-1.757414e-01,6.410903e+00,-6.291647e+00,1.087426e+01,-5.612722e+00,9.033585e+00,-1.249820e+01,-6.644907e+00,-4.397115e+00,-3.686879e+00,-4.279750e+00,-4.053014e+00,-4.122560e+00,-3.493109e+00,-2.877873e+00,3.919213e-01,5.145677e-01,8.605511e-01,1.119201e+00,1.328557e+00,1.597003e+00,1.680369e+00,2.424548e+00,1.796818e+02,6.320758e-01,7.485125e-03,-4.849510e-02,-1.747658e-01,-2.843842e-01,1.934170e+00,3.731368e-01,1.420092e+00,-3.858862e-01,-5.042629e-01,-1.631274e+00,-6.955169e-01,1.785583e+00,-1.731718e+00,-1.707131e+00,-2.550861e-01,-7.986526e-02,9.814930e-03,-9.970446e-02,-1.641732e-01,1.669068e-02,-5.597107e-02,9.601214e-02,5.604842e-02,-4.078484e-03,4.237533e-04,1.557509e-02,6.383133e-03,1.735934e-02,3.900297e-02,-3.592730e-04,1.330796e-02,-4.345036e-03,0,-3.269821e-03,0,0,0,0,0,0,0,0
709,7.090000,9.381642e-02,-3.845763e+01,-1.346727e+01,-6.608087e+00,-1.608671e+01,-1.422481e+01,-1.490341e+00,-7.858584e+00,7.088507e+00,-5.116468e+00,8.531436e+00,-3.788969e+00,7.056252e+00,-8.585425e+00,6.212258e+00,-1.594009e+01,-6.662281e+00,-4.543613e+00,-3.992736e+00,-4.052101e+00,-4.177605e+00,-3.899314e+00,-3.362673e+00,-2.771088e+00,3.940251e-01,5.565608e-01,8.678257e-01,1.127122e+00,1.438453e+00,1.600781e+00,1.729902e+00,2.477954e+00,1.796818e+02,6.297373e-01,5.217403e-03,6.075478e-02,-6.370479e-01,-5.489001e-01,4.458391e-01,-1.250982e-01,9.626268e-01,3.137552e-01,1.566301e-01,-1.846985e+00,-2.148604e-01,1.362235e+00,-2.723239e+00,-2.169999e+00,-1.380030e+00,-1.755352e+00,-7.437577e-02,-4.229317e-02,-7.293067e-02,7.102921e-02,-4.641223e-02,1.075114e-01,4.063332e-02,4.550884e-02,4.111400e-03,1.947420e-02,-3.676295e-04,6.087410e-03,2.399318e-02,1.472640e-03,9.109914e-03,-4.962025e-02,0,-3.100175e-03,0,0,0,0,0,0,0,0
710,7.100000,8.151663e-02,-3.818390e+01,-1.401499e+01,-7.472318e+00,-1.635075e+01,-1.399518e+01,-7.775062e-01,-8.523810e+00,7.783114e+00,-6.585730e+00,7.542146e+00,-4.520576e+00,4.281894e+00,-9.343445e+00,3.581192e+00,-1.893553e+01,-6.703118e+00,-4.505716e+00,-3.974118e+00,-3.936200e+00,-4.054858e+00,-3.828335e+00,-3.361098e+00,-2.689189e+00,4.058293e-01,5.846009e-01,8.620932e-01,1.114540e+00,1.390802e+00,1.605894e+00,1.713453e+00,2.367194e+00,1.796818e+02,6.317863e-01,2.471906e-03,1.171604e-01,-4.248734e-01,-1.231141e-01,-4.329601e-01,-8.113861e-02,-2.858258e-01,1.354419e+00,1.200631e+00,-8.859211e-01,-1.125888e+00,-2.710560e-01,-1.454970e+00,-8.573982e-01,-1.700711e+00,-1.239793e+00,-4.054604e-02,5.223656e-03,5.571890e-02,3.233910e-02,-1.398711e-02,4.497612e-02,-2.554922e-02,2.383938e-02,3.507739e-03,1.033907e-02,-7.184619e-03,-1.764596e-03,1.630473e-03,-1.891899e-03,8.973825e-03,-7.315953e-02,0,-2.248585e-03,0,0,0,0,0,0,0,0
711,7.110000,9.020976e-02,-3.830688e+01,-1.468972e+01,-7.251152e+00,-1.754967e+01,-1.568651e+01,-2.698918e+00,-3.885679e+00,1.274366e+01,-6.085419e+00,6.495592e+00,-4.069239e+00,2.654240e+00,-1.090153e+01,9.211252e-01,-1.902501e+01,-6.867741e+00,-4.458864e+00,-3.772880e+00,-4.038879e+00,-4.191641e+00,-3.785192e+00,-3.432988e+00,-2.689320e+00,4.018784e-01,5.709465e-01,8.458767e-01,1.110192e+00,1.379285e+00,1.594303e+00,1.708573e+00,2.187791e+00,1.796818e+02,6.270236e-01,-4.102794e-03,-1.186066e-02,-2.424012e-01,3.664196e-01,-8.165058e-01,-4.113268e-01,-1.817038e+00,1.535665e+00,2.050745e+00,8.124971e-01,-2.472982e+00,-1.734812e+00,7.509038e-01,2.769135e-01,-2.377396e-01,2.208290e-02,-2.946167e-02,1.867943e-02,1.324441e-01,-8.738644e-02,3.290033e-03,-3.201973e-02,-5.171585e-02,-8.801031e-03,-3.521800e-04,-6.318718e-03,-1.626301e-02,2.338755e-03,-1.971450e-02,-4.010320e-03,8.403778e-04,-5.845280e-02,0,-5.972981e-04,0,0,0,0,0,0,0,0
712,7.120000,8.263400e-02,-3.818905e+01,-1.384303e+01,-6.455057e+00,-1.878658e+01,-1.462397e+01,-5.152725e+00,-2.461826e+00,1.452579e+01,-4.120872e+00,1.799386e+00,-7.506793e+00,5.800416e+00,-8.741660e+00,3.175597e+00,-1.715471e+01,-6.744907e+00,-4.413372e+00,-3.518213e+00,-4.124666e+00,-4.115932e+00,-3.954740e+00,-3.585697e+00,-2.799560e+00,4.055333e-01,5.590702e-01,8.356025e-01,1.118843e+00,1.366293e+00,1.590783e+00,1.735903e+00,2.203832e+00,1.796818e+02,6.221897e-01,2.722681e-04,-2.714920e-03,-1.564203e-01,7.221040e-01,-7.995535e-01,-2.563376e-01,-1.868424e+00,2.853665e-01,6.680722e-01,1.000466e+00,-3.130786e+00,-2.614401e+00,2.123189e+00,1.551576e+00,1.167438e+00,1.134963e+00,4.588361e-02,-3.263254e-02,1.074341e-01,-1.116105e-01,2.171640e-02,-8.351745e-02,-3.254974e-02,1.253700e-03,-2.419803e-03,-9.311360e-03,-9.763246e-03,7.368565e-03,-2.945459e-03,-2.859735e-03,1.934273e-02,4.134896e-02,0,3.076440e-03,0,0,0,0,0,0,0,0
713,7.130000,7.274377e-02,-3.851435e+01,-1.476525e+01,-5.284620e+00,-1.895132e+01,-1.596705e+01,-8.387921e+00,-3.211251e+00,1.397090e+01,-2.286412e+00,-9.620953e-01,-1.096992e+01,1.005151e+01,-7.501750e+00,5.226357e+00,-1.672009e+01,-6.788694e+00,-4.496388e+00,-3.558468e+00,-4.394801e+00,-4.130618e+00,-3.996210e+00,-3.508952e+00,-2.759907e+00,3.924122e-01,5.377325e-01,7.997560e-01,1.136665e+00,1.352135e+00,1.588285e+00,1.722879e+00,2.267371e+00,1.796818e+02,6.315491e-01,9.176369e-03,1.607513e-02,-1.327097e-01,3.127216e-01,-1.014858e+00,-5.950073e-01,-1.190862e+00,-1.503742e+00,-6.752879e-01,7.038288e-01,-2.326210e+00,-2.504525e+00,2.022669e+00,1.867570e+00,1.926852e+00,1.870497e+00,7.127686e-02,-3.872995e-02,7.424693e-02,-6.070261e-02,4.723329e-02,-1.014572e-01,4.076958e-04,2.797971e-02,-1.300335e-04,-8.452594e-03,-2.851975e-03,2.694726e-03,-4.424191e-03,5.542040e-04,3.074827e-02,1.016732e-01,0,5.592990e-03,0,0,0,0,0,0,0,0
714,7.140000,9.161097e-02,-3.809373e+01,-1.475933e+01,-4.845065e+00,-1.964770e+01,-1.513660e+01,-7.275126e+00,-7.434192e+00,1.050986e+01,-3.482901e+00,-4.382940e+00,-1.414224e+01,1.119920e+01,-3.285455e+00,7.265768e+00,-1.441317e+01,-6.513223e+00,-4.650116e+00,-3.544154e+00,-4.316292e+00,-3.976788e+00,-4.140413e+00,-3.485864e+00,-2.647627e+00,3.984635e-01,5.546511e-01,8.363373e-01,1.138146e+00,1.389650e+00,1.594604e+00,1.803013e+00,2.534149e+00,1.796818e+02,6.449057e-01,2.544280e-02,3.261757e-02,-1.968536e-02,-3.274190e-01,-7.677015e-01,-8.025135e-01,1.444158e-01,-2.061954e+00,-1.707984e+00,-3.564723e-01,2.467298e-03,-3.999443e-01,3.772068e-03,7.377806e-01,1.578027e+00,2.024081e+00,6.940007e-02,-2.319107e-02,1.653066e-02,3.825336e-02,7.511520e-03,-6.152549e-02,2.273009e-02,3.067498e-02,1.056215e-03,-5.941200e-03,1.143183e-02,-6.475711e-03,4.454696e-03,9.978175e-04,3.397021e-02,8.069668e-02,0,4.896528e-03,0,0,0,0,0,0,0,0
715,7.150000,1.316031e-01,-3.827416e+01,-1.489512e+01,-6.492540e+00,-2.219340e+01,-1.840524e+01,-7.592026e+00,-8.918204e+00,1.137519e+01,-2.885260e+00,-2.044298e+00,-1.327414e+01,1.006819e+01,-4.291785e+00,8.510301e+00,-1.104329e+01,-6.627199e+00,-4.534141e+00,-3.388675e+00,-4.246579e+00,-4.025047e+00,-4.199642e+00,-3.480866e+00,-2.625388e+00,4.047632e-01,5.308930e-01,8.312494e-01,1.114014e+00,1.345486e+00,1.595163e+00,1.828759e+00,2.530998e+00,1.796818e+02,6.436306e-01,2.624748e-02,8.637314e-02,3.564133e-01,-7.327028e-01,-3.832358e-01,-1.343895e+00,6.134011e-01,-1.380343e+00,-1.717242e+00,-5.699556e-01,1.634400e+00,1.496169e+00,-8.652954e-01,-4.817788e-01,7.817703e-01,1.990463e+00,6.637774e-02,7.283387e-02,2.555380e-02,1.016775e-01,-3.851590e-02,-1.973538e-02,3.541274e-02,-9.245062e-03,-6.958127e-04,-7.747280e-03,7.869882e-03,-1.659759e-02,-2.817893e-03,1.923180e-03,1.519098e-02,1.317263e-02,0,1.744139e-03,0,0,0,0,0,0,0,0
716,7.160000,1.804183e-01,-3.814606e+01,-1.387653e+01,-7.488192e+00,-2.100405e+01,-1.741745e+01,-4.828594e+00,-9.918118e+00,7.283722e+00,-5.603809e+00,2.352824e+00,-8.354403e+00,5.810935e+00,-6.657740e+00,9.423759e+00,-9.872703e+00,-6.478654e+00,-4.510450e+00,-3.520456e+00,-4.007510e+00,-4.131159e+00,-4.160652e+00,-3.486089e+00,-2.713445e+00,4.046389e-01,5.327839e-01,8.770149e-01,1.097790e+00,1.391891e+00,1.592332e+00,1.852814e+00,2.475502e+00,1.796818e+02,6.406316e-01,8.715488e-03,-6.096764e-02,3.740264e-01,-3.318120e-01,7.197386e-01,-1.552056e+00,5.284842e-01,2.493970e-01,-9.279340e-01,-3.779216e-01,2.331400e+00,2.870123e+00,-1.501167e+00,-1.684114e+00,-1.862839e-01,9.844589e-01,1.774063e-02,1.087277e-01,-3.266580e-02,4.330058e-02,-1.285264e-01,4.700265e-02,7.355724e-02,-3.786623e-02,-6.635353e-03,-1.211592e-02,-9.206492e-03,-1.215118e-02,-8.015394e-03,9.441972e-04,-2.949259e-02,-8.107562e-02,0,1.691008e-03,0,0,0,0,0,0,0,0
717,7.170000,1.595775e-01,-3.805632e+01,-1.342459e+01,-7.626570e+00,-2.018932e+01,-2.154610e+01,-6.544182e+00,-8.871003e+00,6.997759e+00,-4.075736e+00,3.842021e+00,-6.382993e+00,8.419167e+00,-8.224502e+00,8.056212e+00,-9.038010e+00,-6.474090e+00,-4.202052e+00,-3.442548e+00,-4.040804e+00,-4.246011e+00,-4.084768e+00,-3.331776e+00,-2.773224e+00,3.858454e-01,5.099297e-01,8.187666e-01,1.073855e+00,1.336925e+00,1.599037e+00,1.773934e+00,2.362558e+00,1.796818e+02,6.424069e-01,-1.185216e-02,-1.366898e-01,1.333334e-01,2.810066e-01,1.195973e+00,-1.182316e+00,5.019146e-01,1.134765e+00,-1.911857e-01,-4.497475e-01,1.224700e+00,2.406724e+00,-4.972158e-01,-1.006944e+00,-3.394868e-01,1.661572e-01,-1.283197e-02,6.367774e-02,-6.297746e-02,-2.111802e-02,-1.523871e-01,5.784678e-02,8.981661e-02,-1.904485e-02,-5.287290e-03,-4.349756e-03,-1.644514e-02,2.166259e-03,2.068663e-03,4.986274e-03,-2.210320e-02,-5.764193e-02,0,4.256195e-03,0,0,0,0,0,0,0,0
718,7.180000,1.212012e-01,-3.850749e+01,-1.362446e+01,-5.937109e+00,-1.705104e+01,-2.132645e+01,-5.156626e+00,-6.210808e+00,8.058904e+00,-4.777271e+00,4.330903e+00,-3.237195e+00,4.517882e+00,-9.739667e+00,6.561392e+00,-1.049352e+01,-6.501074e+00,-4.272522e+00,-3.680547e+00,-4.202677e+00,-4.508937e+00,-3.962837e+00,-3.192623e+00,-2.763041e+00,3.747456e-01,5.045531e-01,7.965462e-01,1.097470e+00,1.353853e+00,1.597389e+00,1.682963e+00,2.212991e+00,1.796818e+02,6.539726e-01,-2.260259e-02,-1.335426e-01,-1.554410e-01,5.582504e-01,5.496653e-01,-2.195065e-01,5.764161e-01,1.437443e+00,5.189911e-01,-6.138173e-01,4.157164e-02,7.282713e-01,5.326791e-01,1.387966e-01,-9.331493e-02,-7.913371e-01,-3.480797e-02,-1.130199e-02,-3.880499e-02,-2.342329e-02,-1.021115e-01,3.303676e-02,5.947628e-02,2.032850e-02,7.726103e-04,3.434175e-03,-2.003024e-02,9.891450e-03,-1.293480e-03,5.539918e-03,-7.915581e-03,-4.419899e-03,0,6.914419e-03,0,0,0,0,0,0,0,0
719,7.190000,1.019509e-01,-3.877690e+01,-1.435449e+01,-5.863049e+00,-1.819004e+01,-2.236232e+01,-4.918437e+00,-5.098035e+00,1.003167e+01,-5.547266e+00,3.090163e+00,-3.799128e+00,8.228642e+00,-7.785543e+00,8.244050e+00,-9.902099e+00,-6.680149e+00,-4.334716e+00,-3.623517e+00,-4.254586e+00,-4.598094e+00,-4.009315e+00,-3.178516e+00,-2.695815e+00,3.932734e-01,5.232596e-01,7.892581e-01,1.125005e+00,1.374848e+00,1.617566e+00,1.803168e+00,2.374044e+00,1.796818e+02,6.582410e-01,-1.210550e-02,-1.055115e-01,-2.452603e-01,3.387512e-01,-4.436235e-01,1.138485e+00,7.501804e-01,3.121802e-01,-6.702915e-01,-1.214504e+00,-7.099419e-01,-3.470327e-01,1.056419e+00,1.484410e+00,5.577272e-01,-1.613314e+00,-8.637237e-03,-9.530392e-02,-4.626522e-02,3.325401e-02,-1.036587e-02,-2.703748e-02,-2.177184e-02,2.188325e-02,7.224655e-03,1.455386e-02,-4.441374e-03,6.984854e-03,-2.244830e-04,3.234410e-03,1.410726e-02,5.887304e-02,0,6.959224e-03,0,0,0,0,0,0,0,0
720,7.200000,9.621867e-02,-3.845349e+01,-1.418878e+01,-5.578701e+00,-1.925537e+01,-1.810687e+01,-2.759386e+00,-4.617387e+00,8.361722e+00,-7.937130e+00,2.936611e+00,-6.004980e+00,8.569592e+00,-6.183237e+00,8.863266e+00,-1.339734e+01,-6.549665e+00,-4.500628e+00,-3.623996e+00,-4.017735e+00,-4.465676e+00,-4.033194e+00,-3.265338e+00,-2.650507e+00,4.047879e-01,5.432898e-01,7.916179e-01,1.121672e+00,1.366462e+00,1.610767e+00,1.798619e+00,2.447659e+00,1.796818e+02,6.672866e-01,-3.398717e-04,3.700714e-02,-1.337880e-01,-1.595459e-01,-1.040624e+00,1.250239e+00,-1.831362e-02,4.890966e-03,-1.199200e+00,-3.216802e-01,-7.467467e-01,-1.354517e+00,1.260777e+00,2.155395e+00,4.764863e-01,-1.851710e+00,-8.971691e-04,-6.722403e-02,2.081199e-02,6.337655e-02,8.425126e-02,-3.397059e-02,-6.434691e-02,-1.969066e-02,8.470982e-03,1.232914e-02,2.079540e-03,-5.613041e-03,-1.178560e-02,-1.935363e-04,-5.758417e-03,6.703506e-02,0,5.554348e-03,0,0,0,0,0,0,0,0
721,7.210000,1.115413e-01,-3.861088e+01,-1.436873e+01,-6.112019e+00,-2.130528e+01,-1.746346e+01,-3.991900e+00,-8.106812e+00,3.494892e+00,-8.568326e+00,9.894574e-01,-6.734264e+00,1.167540e+01,-2.580665e+00,9.693912e+00,-1.565267e+01,-6.492981e+00,-4.564518e+00,-3.702149e+00,-3.967005e+00,-4.319471e+00,-4.184777e+00,-3.404278e+00,-2.720074e+00,4.069475e-01,5.633307e-01,7.990239e-01,1.096678e+00,1.329498e+00,1.608520e+00,1.786642e+00,2.539589e+00,1.796818e+02,6.705460e-01,1.211067e-02,-9.134369e-02,-8.106527e-02,-1.741660e-01,-5.445701e-01,1.097323e+00,-3.498188e-01,2.525105e-01,-1.377748e+00,1.914031e-01,2.875329e-01,-7.445661e-01,1.779220e-01,1.106509e+00,-7.698811e-01,-1.154282e+00,-3.312411e-02,-5.873756e-02,-2.890069e-02,3.010955e-02,5.869846e-02,-2.280960e-02,-8.328922e-02,-6.502454e-02,7.233688e-03,7.377118e-03,8.929861e-03,-6.931770e-03,-3.004193e-03,-3.134632e-03,-2.615402e-02,2.680707e-02,0,2.246195e-03,0,0,0,0,0,0,0,0
722,7.220000,1.147067e-01,-3.840546e+01,-1.428628e+01,-6.610354e+00,-2.069654e+01,-1.752468e+01,-5.711462e+00,-4.681964e+00,5.331292e+00,-4.875143e+00,1.647522e+00,-8.542213e+00,9.098387e+00,-1.565129e+00,8.218893e+00,-1.687678e+01,-6.599144e+00,-4.493742e+00,-3.537170e+00,-4.029584e+00,-4.226992e+00,-4.044960e+00,-3.401477e+00,-2.849364e+00,4.102634e-01,5.461633e-01,8.020610e-01,1.083568e+00,1.317600e+00,1.600945e+00,1.662434e+00,2.465394e+00,1.796818e+02,6.755919e-01,1.113784e-02,-2.321514e-01,-6.756497e-03,4.992801e-01,1.215252e-01,-1.851811e-01,-4.049468e-01,1.332396e+00,5.594625e-01,1.185723e+00,1.560319e+00,-2.564281e-01,-2.219761e-01,-1.242754e+00,-1.940281e+00,3.175967e-01,-9.223785e-02,1.285377e-02,-2.189403e-02,-7.581560e-02,-7.526422e-02,-4.154158e-02,-6.199541e-02,-5.629997e-02,4.310143e-03,-2.731150e-03,1.341731e-02,6.672966e-03,2.200780e-02,5.775809e-04,1.903439e-02,2.252829e-02,0,-2.555704e-03,0,0,0,0,0,0,0,0
723,7.230000,1.532602e-01,-3.925763e+01,-1.471106e+01,-6.218052e+00,-2.019230e+01,-1.716680e+01,-5.191492e+00,-3.803194e+00,4.658144e+00,-6.121245e+00,5.172372e+00,-6.253341e+00,8.853854e+00,-4.562049e+00,4.716831e+00,-1.393379e+01,-6.821030e+00,-4.631847e+00,-3.811433e+00,-4.098114e+00,-4.423943e+00,-4.117481e+00,-3.526893e+00,-2.921509e+00,4.267041e-01,5.587085e-01,8.286858e-01,1.109398e+00,1.384258e+00,1.606804e+00,1.740491e+00,2.499212e+00,1.796818e+02,6.653194e-01,5.310792e-03,-1.983082e-01,3.087063e-01,1.437244e+00,1.757694e-01,-7.007883e-01,7.382212e-01,2.637061e+00,1.901771e+00,7.978311e-01,2.638910e+00,-2.150142e-01,-6.802288e-01,-3.347863e+00,-2.146057e+00,9.071782e-01,-5.217614e-02,5.798822e-02,2.388728e-02,-6.964240e-02,-2.133438e-01,-7.531901e-02,-4.806812e-02,-6.396723e-03,2.241343e-04,-7.240766e-03,1.264840e-02,1.538178e-02,4.900342e-02,4.271424e-03,7.806995e-02,3.761923e-02,0,-6.543869e-03,0,0,0,0,0,0,0,0
724,7.240000,1.310484e-01,-3.929087e+01,-1.405140e+01,-3.029284e+00,-1.920423e+01,-1.918111e+01,-4.184324e+00,-1.072159e-01,1.057741e+01,-3.232054e+00,8.646747e+00,-7.527582e+00,8.870487e+00,-1.140632e+01,1.650401e+00,-1.266880e+01,-6.846830e+00,-4.402695e+00,-3.678824e+00,-4.331259e+00,-4.789761e+00,-4.274550e+00,-3.514008e+00,-2.831290e+00,4.164604e-01,5.319452e-01,8.438735e-01,1.148677e+00,1.449121e+00,1.614512e+00,1.916867e+00,2.580489e+00,1.796818e+02,6.571214e-01,-3.752880e-03,-1.315525e-01,5.687147e-01,2.182923e+00,-3.030991e-01,-1.603001e+00,1.255359e+00,2.484798e+00,2.307056e+00,1.010901e+00,2.355227e+00,-5.923687e-01,-6.900179e-01,-4.107307e+00,-1.324378e+00,2.947163e-01,2.458100e-02,1.385798e-01,9.268794e-02,-8.854418e-02,-2.983287e-01,-1.412018e-01,-2.486629e-02,4.463763e-02,-6.958687e-03,-1.486152e-02,4.692763e-03,9.188903e-03,4.691480e-02,3.483438e-03,1.005113e-01,5.422928e-02,0,-6.309092e-03,0,0,0,0,0,0,0,0
725,7.250000,1.299244e-01,-3.915972e+01,-1.294264e+01,-7.163317e-01,-2.117259e+01,-2.013919e+01,-1.064364e+00,2.791118e+00,1.038069e+01,-5.400715e+00,1.068439e+01,-8.316651e+00,8.388210e+00,-1.439939e+01,2.247872e+00,-1.322077e+01,-6.630019e+00,-4.320101e+00,-3.511886e+00,-4.164380e+00,-5.104806e+00,-4.446577e+00,-3.588353e+00,-2.761095e+00,4.049697e-01,5.342359e-01,8.413596e-01,1.141033e+00,1.508755e+00,1.623093e+00,2.049775e+00,2.670138e+00,1.796818e+02,6.470619e-01,2.866327e-03,1.552448e-01,4.763604e-01,1.690729e+00,-7.580786e-01,-1.839129e+00,1.543923e+00,2.292074e+00,1.006467e+00,5.103528e-01,8.811189e-01,-1.347066e+00,-1.081292e+00,-2.092696e+00,1.143118e+00,-1.558871e-01,9.286194e-02,1.134603e-01,1.886549e-01,-1.503258e-02,-2.272304e-01,-8.361053e-02,5.219672e-02,7.585728e-02,-6.258992e-03,-1.455988e-02,-7.624227e-03,-6.764114e-03,2.833605e-02,4.181707e-03,6.133624e-02,3.660834e-02,0,-3.123647e-03,0,0,0,0,0,0,0,0
726,7.260000,1.076102e-01,-3.911218e+01,-1.232692e+01,1.553402e+00,-2.172189e+01,-2.405349e+01,-1.498231e+00,4.444871e+00,1.400530e+01,-1.809016e-01,1.066765e+01,-1.047240e+01,5.881119e+00,-1.718300e+01,2.831485e+00,-1.575971e+01,-6.571744e+00,-3.956716e+00,-3.223504e+00,-4.439172e+00,-5.378204e+00,-4.586421e+00,-3.495078e+00,-2.706383e+00,3.863372e-01,4.840920e-01,8.191879e-01,1.113696e+00,1.489926e+00,1.610218e+00,2.010348e+00,2.651078e+00,1.796818e+02,6.531752e-01,1.469150e-02,2.213531e-01,-4.056492e-02,4.071931e-01,-7.803732e-01,-1.386972e+00,1.296497e+00,7.908787e-01,-9.752487e-01,-8.980849e-01,-1.541544e+00,-1.254367e+00,-1.112753e+00,1.017381e-01,2.139448e+00,-4.376284e-01,8.576856e-02,-1.480241e-02,1.561999e-01,5.570970e-02,-8.038916e-02,-5.540848e-03,1.153136e-01,7.965264e-02,5.465135e-03,-3.450084e-03,-1.084733e-02,-1.139683e-02,7.163763e-03,4.148233e-03,1.229074e-02,9.918189e-03,0,6.193578e-04,0,0,0,0,0,0,0,0
727,7.270000,1.793110e-01,-3.857075e+01,-1.319150e+01,-5.574862e-02,-2.272386e+01,-2.392625e+01,1.185078e+00,5.381134e+00,7.976534e+00,-5.095057e+00,8.567517e+00,-1.151626e+01,4.942076e+00,-1.213719e+01,9.841878e+00,-1.316777e+01,-6.494263e+00,-4.287535e+00,-3.095818e+00,-4.119320e+00,-5.265873e+00,-4.379598e+00,-3.275374e+00,-2.604676e+00,4.104707e-01,5.098357e-01,8.029075e-01,1.093068e+00,1.505536e+00,1.629860e+00,2.000431e+00,2.646960e+00,1.796818e+02,6.516743e-01,2.107742e-02,2.274704e-01,-3.168231e-01,-8.135750e-01,-4.887856e-01,-5.169418e-01,4.777160e-01,8.639176e-02,-1.996103e+00,-2.491043e+00,-3.950471e+00,-4.005823e-01,1.880339e-01,1.867388e+00,3.236842e+00,6.124515e-02,6.634331e-02,-1.454713e-01,1.244092e-01,1.184134e-01,5.257268e-02,7.005940e-02,1.258564e-01,3.116515e-02,1.396790e-02,8.798820e-03,-1.452746e-02,-4.471242e-03,-9.950745e-03,4.022730e-03,-1.829226e-02,-1.986876e-02,0,4.479617e-03,0,0,0,0,0,0,0,0
728,7.280000,1.798126e-01,-3.847859e+01,-1.412979e+01,-1.323609e+00,-2.233046e+01,-2.422244e+01,1.173441e+00,2.552170e+00,6.903243e+00,-7.875308e+00,1.997465e+00,-1.219961e+01,5.029789e+00,-1.202872e+01,8.550639e+00,-1.488344e+01,-6.485865e+00,-4.492990e+00,-3.105859e+00,-4.075241e+00,-5.111173e+00,-4.335743e+00,-3.093929e+00,-2.511236e+00,4.410355e-01,5.268949e-01,8.088629e-01,1.115675e+00,1.486549e+00,1.631870e+00,2.002992e+00,2.641669e+00,1.796818e+02,6.579120e-01,9.640358e-03,1.793373e-01,-2.307196e-01,-1.666763e+00,-7.012060e-01,4.988674e-01,-2.954745e-01,-3.264644e-01,-1.752494e+00,-2.080184e+00,-4.532587e+00,9.392972e-01,2.260399e+00,2.863547e+00,2.717247e+00,1.576990e-01,3.090801e-02,-1.717438e-01,9.471059e-02,1.750362e-01,1.699317e-01,6.276588e-02,6.021614e-02,-4.384565e-02,1.514975e-02,1.666926e-02,-1.026621e-02,2.771616e-04,-2.539829e-02,-4.238212e-03,-4.226240e-02,-2.886238e-02,0,4.471594e-03,0,0,0,0,0,0,0,0
729,7.290000,1.992103e-01,-3.833916e+01,-1.362532e+01,-3.345701e+00,-2.331223e+01,-2.263943e+01,-1.161973e-02,4.169428e+00,3.951200e+00,-1.400873e+01,-4.732869e+00,-9.455958e+00,9.754045e+00,-7.639581e+00,1.557250e+01,-1.335268e+01,-6.341242e+00,-4.779320e+00,-2.948663e+00,-3.754278e+00,-4.975458e+00,-4.221618e+00,-3.159646e+00,-2.702843e+00,4.474601e-01,5.568286e-01,7.738848e-01,1.117687e+00,1.460690e+00,1.632380e+00,1.961992e+00,2.575498e+00,1.796818e+02,6.670915e-01,-1.155794e-02,1.556229e-01,-1.200974e-01,-1.621278e+00,-7.901689e-01,8.086773e-01,-1.576921e+00,-1.301511e+00,-1.733312e-01,1.059161e+00,-2.860594e+00,1.549886e+00,2.975825e+00,2.454175e+00,1.587260e+00,-1.632541e-01,-2.459221e-02,-2.655125e-02,5.185280e-02,8.862908e-02,2.473344e-01,1.935453e-02,2.786684e-03,-6.950207e-02,2.859145e-03,7.247680e-03,-2.503514e-04,-2.712393e-03,-3.701159e-02,-1.241965e-02,-6.076173e-02,-3.361030e-02,0,3.351867e-03,0,0,0,0,0,0,0,0
730,7.300000,1.458623e-01,-3.833129e+01,-1.326361e+01,-5.135437e+00,-2.493374e+01,-2.220257e+01,-2.377254e+00,3.418402e+00,7.255495e+00,-6.124985e+00,-5.345097e+00,-6.806066e+00,1.477713e+01,-5.114068e+00,1.355241e+01,-1.487876e+01,-6.493715e+00,-4.569542e+00,-2.823529e+00,-3.746512e+00,-4.673753e+00,-4.351581e+00,-3.251862e+00,-2.876528e+00,4.435913e-01,5.439419e-01,7.823682e-01,1.102772e+00,1.385358e+00,1.587767e+00,1.818256e+00,2.542496e+00,1.796818e+02,6.678245e-01,-1.834257e-02,5.573276e-01,-1.396497e-01,-1.896199e+00,-5.226013e-01,1.708730e+00,-1.661176e+00,-2.031440e+00,5.401491e-01,4.051835e+00,-6.943346e-01,4.174074e-01,1.486731e+00,2.198969e+00,-9.043656e-02,-2.701859e-01,-2.142472e-02,9.356103e-02,3.769393e-02,8.101793e-02,4.236938e-01,7.819023e-02,2.584445e-02,-2.832351e-02,-2.815506e-03,3.923374e-03,2.609923e-02,-4.126740e-03,-2.208719e-02,-8.052480e-03,-3.730348e-02,-9.268403e-03,3.393067e-01,9.259379e-03,0,0,0,0,1.333600e+01,0,0,0
731,7.310000,1.384964e-01,-3.786629e+01,-1.422508e+01,-6.256224e+00,-2.537307e+01,-2.089280e+01,-4.924179e+00,-1.559537e+00,6.933753e+00,-6.744134e-01,-2.064173e+00,-6.463602e+00,1.494753e+01,-3.323645e+00,1.527730e+01,-1.398638e+01,-6.613299e+00,-4.382015e+00,-2.977719e+00,-3.840539e+00,-4.247911e+00,-4.274907e+00,-3.182474e+00,-2.769541e+00,4.234886e-01,5.375506e-01,8.149031e-01,1.085958e+00,1.371074e+00,1.589814e+00,1.788991e+00,2.528495e+00,1.796818e+02,6.634774e-01,-1.304586e-02,1.615071e+00,4.353209e-01,-2.556221e+00,-1.177120e-01,3.255318e+00,-2.167591e+00,-2.636816e+00,1.330947e+00,4.148506e+00,4.814138e-01,-2.057763e+00,-2.013716e+00,6.274581e-01,-2.992036e+00,-9.313801e-01,1.434093e-01,3.068070e-01,1.581302e-01,2.262128e-01,6.921493e-01,2.898244e-01,5.906343e-02,5.436697e-02,-2.226976e-03,5.343789e-03,4.726219e-02,-1.269579e-04,-1.032150e-03,-5.342484e-04,1.739550e-03,2.089746e-02,1.086011e+00,2.481096e-02,0,0,0,0,3.327310e+01,0,0,3.799338e-02
732,7.320000,1.184567e-01,-3.592839e+01,-1.452816e+01,-9.349341e+00,-2.391305e+01,-1.655210e+01,-4.676162e+00,-4.740549e+00,8.112712e+00,5.716712e+00,-2.808557e+00,-1.160875e+01,9.866703e+00,-3.191847e+00,8.246060e+00,-1.591752e+01,-6.456960e+00,-4.223837e+00,-2.902861e+00,-3.627021e+00,-3.356477e+00,-3.918148e+00,-2.953293e+00,-2.619505e+00,4.389437e-01,5.561507e-01,9.188499e-01,1.110906e+00,1.420921e+00,1.612891e+00,1.902975e+00,2.618829e+00,1.813784e+02,7.060160e-01,1.968767e-02,2.963372e+00,1.968026e+00,-3.545814e+00,-3.905960e-01,4.921702e+00,-2.592073e+00,-1.570216e+00,7.703259e-01,1.435100e+00,-9.621905e-01,-3.820084e+00,-4.157970e+00,2.158186e-02,-2.560706e+00,-6.088043e-01,4.892226e-01,5.108776e-01,4.828486e-01,5.718313e-01,9.349724e-01,5.411693e-01,4.657423e-02,4.410329e-02,7.764011e-04,9.804934e-03,3.138279e-02,-2.548242e-03,-3.718197e-03,-3.330219e-03,4.654968e-03,7.439756e-03,2.103394e+00,4.559104e-02,6.668002e+01,0,0,0,5.307070e+01,5.540616e-03,2.453920e-03,7.618062e-02
733,7.330000,1.476838e-01,-3.146526e+01,-1.081644e+01,-1.401986e+01,-2.441114e+01,-9.188074e+00,-9.700119e+00,-4.935175e+00,1.017733e+01,8.129523e-01,-3.594070e+00,-1.734343e+01,2.140677e+00,-5.463401e+00,3.265499e+00,-1.749020e+01,-5.642572e+00,-3.418138e+00,-2.118346e+00,-2.682960e+00,-2.173349e+00,-2.989213e+00,-3.013613e+00,-2.559520e+00,4.386489e-01,5.774431e-01,9.419549e-01,1.112985e+00,1.437747e+00,1.617147e+00,1.928330e+00,2.641819e+00,1.842636e+02,7.720506e-01,3.255916e-02,4.011794e+00,3.590734e+00,-4.076020e+00,-1.598173e+00,5.430321e+00,-3.008557e+00,-5.093656e-01,3.810491e-01,-5.498629e-01,-2.221415e+00,-4.082364e+00,-4.365659e+00,5.260273e-01,-8.425820e-01,-1.550181e-01,7.902270e-01,7.458893e-01,8.457826e-01,8.858767e-01,1.062854e+00,6.589389e-01,-1.871824e-04,5.211473e-03,3.299454e-03,6.428754e-03,1.097268e-03,-1.227447e-02,-2.672141e-02,-1.625340e-02,-1.432078e-02,-8.616328e-03,2.778525e+00,5.207755e-02,1.330255e+02,0,0,1.899669e-01,5.271907e+01,8.596633e-03,9.863443e-03,8.829786e-02
734,7.340000,2.397070e-01,-2.671494e+01,-5.127800e+00,-1.898269e+01,-2.736768e+01,-3.446418e+00,-1.294965e+01,-2.744860e+00,9.485337e+00,3.068322e-01,-9.391101e+00,-2.046657e+01,3.907073e-01,-3.936280e+00,6.754776e+00,-1.617087e+01,-4.532965e+00,-2.497092e+00,-8.389725e-01,-1.466145e+00,-1.036173e+00,-2.288582e+00,-3.103421e+00,-2.761022e+00,4.398931e-01,5.730203e-01,8.757562e-01,1.076517e+00,1.333430e+00,1.557449e+00,1.771861e+00,2.523033e+00,1.879079e+02,8.414931e-01,3.432938e-02,4.096705e+00,4.156219e+00,-3.584660e+00,-2.805356e+00,4.584826e+00,-2.997824e+00,-1.005582e+00,-9.318510e-01,-1.325909e+00,-2.622097e+00,-3.046605e+00,-2.952408e+00,1.381759e+00,1.981626e+00,5.174467e-01,9.018353e-01,8.283475e-01,9.599701e-01,9.666036e-01,9.887136e-01,5.899164e-01,-2.781231e-02,-1.355288e-02,1.214147e-04,-2.346587e-03,-2.833339e-02,-2.596209e-02,-5.693588e-02,-3.209632e-02,-4.880301e-02,-3.199670e-02,2.675355e+00,3.891160e-02,1.988407e+02,2.770308e-02,1.226960e-02,2.859197e-01,3.231284e+01,9.025196e-03,1.913729e-02,3.509070e-02
735,7.350000,2.406670e-01,-2.241404e+01,-9.715849e-01,-2.181965e+01,-3.163662e+01,-2.940392e-01,-1.583022e+01,-5.104209e+00,8.152685e+00,-7.187880e-01,-9.879973e+00,-2.244651e+01,-2.142762e+00,-3.212918e-01,1.181003e+01,-1.463479e+01,-3.624161e+00,-1.515941e+00,2.192496e-01,-4.915939e-01,-9.379324e-02,-1.794995e+00,-3.108346e+00,-2.672725e+00,4.395112e-01,5.612596e-01,8.419363e-01,1.041780e+00,1.281212e+00,1.536268e+00,1.782944e+00,2.533311e+00,1.903097e+02,8.561266e-01,2.961781e-02,3.461457e+00,3.402912e+00,-2.627777e+00,-3.328969e+00,3.609247e+00,-2.096690e+00,-2.273135e+00,-1.725706e+00,-2.054048e-01,-2.230121e+00,-1.957163e+00,-1.283036e+00,1.705433e+00,2.008693e+00,7.602445e-01,7.878329e-01,7.143705e-01,8.043464e-01,8.299588e-01,8.379710e-01,4.489220e-01,-1.552234e-02,2.620704e-02,1.773199e-03,-2.392322e-03,-1.308705e-02,-1.915128e-02,-3.851000e-02,-6.169367e-03,7.261932e-03,1.713848e-03,2.011995e+00,1.929235e-02,1.975150e+02,2.913162e-02,4.318241e-02,2.985294e-01,1.200070e+01,1.580668e-03,1.931523e-02,-3.492252e-02
736,7.360000,2.436120e-01,-1.997047e+01,1.330510e+00,-2.337274e+01,-3.432709e+01,1.925017e+00,-1.660023e+01,-9.683945e+00,4.465777e+00,-1.469649e-01,-1.277609e+01,-2.429024e+01,-2.753617e+00,1.145893e+00,1.388192e+01,-1.475799e+01,-2.956989e+00,-1.033198e+00,7.281920e-01,1.103142e-01,5.473120e-01,-1.565675e+00,-3.044988e+00,-2.630666e+00,4.391197e-01,5.525095e-01,8.271923e-01,1.016698e+00,1.214509e+00,1.492849e+00,1.731653e+00,2.513099e+00,1.917321e+02,8.585360e-01,5.309999e-02,2.820819e+00,2.159285e+00,-1.999069e+00,-2.746062e+00,3.382847e+00,-2.243691e+00,-2.525017e+00,-9.978995e-01,-2.880410e-01,-9.718071e-01,-8.630535e-01,-5.837291e-01,6.635824e-01,1.531809e-01,3.855111e-01,5.804974e-01,5.498915e-01,5.503419e-01,6.346430e-01,7.015133e-01,4.485640e-01,3.359058e-02,9.705339e-02,2.498952e-03,4.552865e-03,1.958832e-02,1.682377e-03,7.094002e-03,3.935320e-02,8.210546e-02,4.227855e-02,1.132056e+00,4.299557e-03,1.959994e+02,3.056017e-02,7.409522e-02,1.211722e-01,-1.507748e+00,-6.461972e-03,7.034732e-03,-5.775174e-02
737,7.370000,2.938203e-01,-1.753021e+01,2.968966e+00,-2.496371e+01,-3.757628e+01,6.172443e+00,-1.835828e+01,-1.283131e+01,4.058578e+00,1.282708e-02,-1.305218e+01,-2.521741e+01,-2.702340e+00,5.226758e-01,9.745391e+00,-1.439542e+01,-2.491396e+00,-5.782326e-01,1.119804e+00,6.786043e-01,1.224764e+00,-1.106056e+00,-3.120441e+00,-2.493662e+00,4.479016e-01,5.757368e-01,9.008016e-01,1.047138e+00,1.304658e+00,1.618600e+00,1.984743e+00,2.655355e+00,1.924115e+02,8.599909e-01,1.124285e-01,2.384654e+00,8.637451e-01,-1.596198e+00,-1.661021e+00,3.310042e+00,-3.063873e+00,-6.141448e-01,1.888223e-01,-5.429055e-01,-4.685038e-01,4.759447e-01,-2.211232e-02,-3.126344e-01,-1.178714e+00,1.473148e-01,3.905834e-01,3.843628e-01,3.593431e-01,4.564709e-01,5.707761e-01,5.180280e-01,1.287614e-01,1.512697e-01,5.061379e-03,9.271795e-03,4.247421e-02,2.016046e-02,4.118981e-02,6.390268e-02,1.050685e-01,4.604330e-02,4.644638e-01,2.025676e-03,1.944497e+02,6.474797e-03,6.566335e-02,9.772799e-02,-1.538324e+00,-6.856100e-03,-1.084096e-02,-4.304027e-02
738,7.380000,4.786303e-01,-1.505276e+01,3.698349e+00,-2.740600e+01,-3.812816e+01,1.023458e+01,-2.290408e+01,-1.150640e+01,6.542893e+00,-1.499180e+00,-1.266403e+01,-2.339639e+01,-2.248149e+00,-1.040352e+00,8.552999e+00,-1.436301e+01,-2.196861e+00,-2.164890e-01,1.462460e+00,1.121971e+00,1.812116e+00,-3.902315e-01,-2.929420e+00,-2.365286e+00,4.481926e-01,5.885460e-01,9.442651e-01,1.082250e+00,1.357178e+00,1.713048e+00,2.081489e+00,2.673404e+00,1.925173e+02,8.610587e-01,1.307135e-01,2.089981e+00,-3.651121e-02,-1.302514e+00,-4.108086e-01,2.581130e+00,-3.687212e+00,1.538462e+00,1.670953e+00,-1.353166e+00,8.201786e-01,1.919233e+00,-6.485562e-01,-6.421037e-02,-1.125675e+00,-1.135950e-02,2.371109e-01,2.949223e-01,2.513714e-01,3.070733e-01,4.295275e-01,5.487084e-01,2.268693e-01,1.921527e-01,5.900493e-03,4.559356e-03,3.986846e-02,2.173626e-02,3.693361e-02,4.144461e-02,5.217358e-02,2.595646e-02,-7.035828e-03,1.576936e-03,1.928347e+02,6.721631e-03,3.620280e-02,9.756169e-02,-1.421541e+00,-5.059908e-03,-1.960087e-02,-1.567482e-02
739,7.390000,6.853002e-01,-1.294963e+01,2.163221e+00,-2.778401e+01,-3.804118e+01,1.210139e+01,-2.799766e+01,-7.263706e+00,8.058239e+00,-2.757208e+00,-1.227852e+01,-2.051371e+01,-2.506058e+00,-7.913412e-01,8.580923e+00,-1.409571e+01,-2.051309e+00,-2.481863e-03,1.648831e+00,1.284932e+00,2.127686e+00,2.074230e-01,-2.522323e+00,-2.049066e+00,4.602816e-01,5.896003e-01,9.957709e-01,1.109806e+00,1.415827e+00,1.745681e+00,2.133369e+00,2.683375e+00,1.922394e+02,8.649936e-01,1.637047e-01,1.550985e+00,-5.924217e-01,-8.385664e-01,5.093796e-01,1.279530e+00,-3.500194e+00,2.630794e+00,1.864697e+00,-1.317899e+00,1.827896e+00,2.551231e+00,-8.792332e-01,3.881553e-01,1.794148e-03,-3.586965e-01,1.113264e-01,2.079244e-01,1.456645e-01,1.557496e-01,2.573385e-01,4.374193e-01,2.765889e-01,1.816729e-01,3.301919e-03,-8.685255e-03,5.267477e-03,2.868807e-03,-1.701864e-02,-4.338469e-02,-8.058742e-02,-8.673024e-02,-2.930725e-01,1.158756e-03,1.914058e+02,6.770393e-03,7.923838e-03,9.513336e-02,-1.151184e+00,-2.380245e-04,-1.541380e-02,-1.482958e-02
740,7.400000,7.014394e-01,-1.181086e+01,1.550826e+00,-2.847517e+01,-3.614868e+01,1.186619e+01,-3.021660e+01,-4.775433e+00,1.082071e+01,-5.527777e+00,-9.062028e+00,-1.704592e+01,-6.094540e+00,1.481850e+00,8.835780e+00,-1.496464e+01,-1.991478e+00,1.535382e-01,1.720535e+00,1.342517e+00,2.243489e+00,5.211275e-01,-2.209701e+00,-1.892201e+00,4.624322e-01,5.683746e-01,9.790499e-01,1.094046e+00,1.343593e+00,1.636531e+00,1.918208e+00,2.628872e+00,1.917830e+02,8.639193e-01,9.624539e-02,8.899450e-01,-4.050445e-01,-5.162834e-01,8.947239e-01,1.219805e-01,-1.866079e+00,2.056414e+00,1.561591e+00,-4.603220e-01,2.548696e+00,2.128417e+00,-8.657614e-01,6.334554e-01,9.417410e-02,-5.281131e-01,2.734921e-02,1.482740e-01,6.632781e-02,6.143640e-02,1.305429e-01,2.339449e-01,2.163611e-01,1.021373e-01,9.886533e-04,-1.340135e-02,-1.460320e-02,-1.038522e-02,-4.192262e-02,-8.063571e-02,-1.088213e-01,-1.247343e-01,-4.135849e-01,-7.309318e-05,1.904137e+02,5.112829e-03,4.960612e-03,4.409547e-02,-7.751099e-01,-3.537994e-04,-7.088570e-03,-1.359433e-02
741,7.410000,1.000939e+00,-1.139624e+01,1.080619e+00,-2.862197e+01,-3.601912e+01,1.175429e+01,-3.220298e+01,-3.042817e+00,1.124315e+01,-4.562368e+00,-5.713705e+00,-1.563649e+01,-5.175311e+00,1.202351e+00,9.612971e+00,-1.588808e+01,-2.037456e+00,2.763757e-01,1.719088e+00,1.347080e+00,2.295770e+00,6.253605e-01,-2.097357e+00,-1.821840e+00,4.572915e-01,5.423962e-01,9.097466e-01,1.055584e+00,1.226357e+00,1.439935e+00,1.663447e+00,2.243970e+00,1.913133e+02,8.643544e-01,2.954286e-03,3.238740e-01,1.459766e-01,-3.846771e-01,1.003760e+00,-5.028927e-01,-6.231724e-01,1.211817e+00,7.079225e-01,4.772230e-01,2.747244e+00,7.331270e-01,-2.935970e-01,6.165789e-02,-2.294781e-01,-6.081972e-01,-5.248940e-03,1.100744e-01,2.035618e-02,9.479046e-03,5.953245e-02,5.838852e-02,1.310025e-01,-8.113193e-03,-4.014227e-03,-1.210154e-02,-2.804822e-02,-1.455288e-02,-4.978506e-02,-7.356405e-02,-9.207822e-02,-1.416437e-01,-4.226990e-01,-1.845562e-03,1.899042e+02,6.089076e-03,4.215427e-03,5.031319e-02,-4.500397e-01,-5.330972e-04,-1.264971e-03,-9.756651e-03
742,7.420000,8.020377e-01,-1.137973e+01,2.214428e+00,-2.956844e+01,-3.466557e+01,1.101803e+01,-3.013181e+01,-3.334771e+00,1.275839e+01,-2.898211e+00,-3.202960e+00,-1.519292e+01,-5.242329e+00,1.130079e+00,8.507846e+00,-1.610739e+01,-2.067041e+00,3.854523e-01,1.758970e+00,1.398079e+00,2.380788e+00,5.705245e-01,-2.060098e+00,-1.968213e+00,4.546310e-01,5.451413e-01,9.142613e-01,1.057434e+00,1.242300e+00,1.462743e+00,1.772344e+00,2.269435e+00,1.909124e+02,8.610129e-01,-1.459741e-01,-6.954584e-02,4.166887e-01,2.706078e-01,8.847405e-01,-9.116691e-01,2.044361e-01,3.005938e-01,-3.264990e-01,1.842243e+00,1.848701e+00,-8.334308e-01,1.143812e-01,-7.351335e-01,-6.765210e-01,-5.981072e-01,-2.104592e-03,7.903691e-02,-1.148858e-02,-6.098025e-02,7.290793e-03,-8.948065e-02,5.900689e-02,-5.850367e-02,-5.582184e-03,-6.449181e-03,-8.793605e-03,-4.352295e-03,-1.859511e-02,-1.350932e-02,-1.082292e-02,-3.679478e-02,-4.014969e-01,-5.141801e-03,1.897099e+02,5.293293e-03,2.614150e-03,5.200012e-02,-3.379135e-01,-8.210911e-04,-5.169025e-04,-2.489646e-03
743,7.430000,6.497725e-01,-1.154582e+01,2.561303e+00,-2.916076e+01,-3.376394e+01,1.001101e+01,-3.115592e+01,-1.924952e+00,1.062901e+01,-1.685876e+00,-1.471836e+00,-1.777458e+01,-4.400148e+00,-3.071661e-01,7.597500e+00,-1.656532e+01,-2.039772e+00,4.319331e-01,1.731394e+00,1.304546e+00,2.356698e+00,4.746671e-01,-1.942111e+00,-2.051626e+00,4.441111e-01,5.407093e-01,8.879241e-01,1.055347e+00,1.217548e+00,1.464755e+00,1.745910e+00,2.154876e+00,1.905612e+02,8.572190e-01,-2.315408e-01,-4.786451e-01,4.131448e-01,1.435153e+00,6.691940e-01,-1.274669e+00,4.472443e-01,-8.341060e-01,-6.812259e-01,2.542904e+00,9.215401e-01,-1.843459e+00,-5.108506e-01,-9.414006e-01,-9.945549e-01,-5.344687e-01,8.096146e-03,4.438386e-02,-5.692573e-02,-1.812861e-01,-8.398475e-02,-2.358461e-01,-4.038304e-02,-4.994652e-02,-8.260536e-03,-7.659024e-03,6.705654e-03,3.167033e-03,-4.850948e-03,2.719512e-02,1.104460e-02,6.661139e-02,-4.471222e-01,-1.184880e-02,1.895075e+02,4.014675e-03,2.772215e-03,4.239778e-02,-5.839996e-01,-1.133772e-03,-1.751885e-04,-4.581168e-03
744,7.440000,1.471525e-01,-1.208379e+01,2.893927e+00,-2.685273e+01,-3.285257e+01,8.179484e+00,-2.971795e+01,-3.831396e+00,9.495290e+00,2.245194e+00,-1.939459e+00,-2.014403e+01,-5.910215e+00,-1.439059e+00,6.460911e+00,-1.761656e+01,-2.000843e+00,4.709440e-01,1.656939e+00,1.058882e+00,2.249478e+00,1.490710e-01,-1.992289e+00,-2.069826e+00,4.411114e-01,5.369722e-01,9.459931e-01,1.072403e+00,1.255021e+00,1.556575e+00,1.822862e+00,2.489445e+00,1.901515e+02,8.417780e-01,-1.639534e-01,-1.200314e+00,1.985017e-01,3.079165e+00,5.517856e-01,-1.746009e+00,9.869210e-01,-2.565388e+00,-4.657354e-01,3.370770e+00,3.452272e-01,-1.522598e+00,-9.248239e-01,-1.027039e+00,-7.275565e-01,-6.798922e-01,-3.720687e-02,-3.728722e-02,-1.801888e-01,-3.737751e-01,-2.630145e-01,-4.360110e-01,-1.821875e-01,-2.745895e-02,-1.129838e-02,-1.539134e-02,6.658262e-03,1.271427e-03,-1.192328e-02,1.882262e-02,-1.448688e-02,9.166098e-02,-5.308579e-01,-1.655071e-02,1.889225e+02,2.044574e-03,3.097706e-03,3.560494e-02,-7.820786e-01,-4.862687e-04,3.037846e-04,1.018840e-02
745,7.450000,1.706779e-01,-1.343743e+01,2.806594e+00,-2.280406e+01,-3.357965e+01,6.800215e+00,-3.017369e+01,-6.965034e+00,9.468575e+00,5.580451e+00,-1.737755e+00,-2.237823e+01,-7.395621e+00,-2.220083e+00,5.663664e+00,-1.780584e+01,-2.030074e+00,4.555492e-01,1.485475e+00,6.102480e-01,1.941501e+00,-3.431430e-01,-2.333176e+00,-2.020766e+00,4.227485e-01,5.081857e-01,9.274089e-01,1.063935e+00,1.195741e+00,1.528995e+00,1.693410e+00,2.467022e+00,1.894581e+02,8.147278e-01,-6.591462e-02,-2.323298e+00,1.879900e-01,5.088464e+00,1.566490e+00,-2.746418e+00,2.583973e+00,-3.943828e+00,4.770129e-01,2.348295e+00,8.942946e-02,-6.997299e-01,-7.504874e-01,3.635662e-01,-7.765791e-01,-8.977949e-01,-8.850825e-02,-1.991165e-01,-4.046915e-01,-6.234778e-01,-5.849407e-01,-6.741770e-01,-3.394752e-01,-4.609716e-02,-1.858579e-02,-1.802338e-02,8.575738e-04,-4.091024e-04,3.478551e-03,1.589123e-02,9.794593e-03,1.008910e-01,-5.756226e-01,-1.589434e-02,1.873779e+02,2.044574e-03,3.097706e-03,3.560494e-02,-7.099045e-01,1.668977e-03,1.299923e-03,5.168263e-02
746,7.460000,2.218179e-01,-1.643549e+01,3.084291e+00,-1.735097e+01,-3.199879e+01,3.893382e+00,-2.568832e+01,-1.364167e+01,1.100993e+01,1.032247e+01,-1.343864e+00,-2.050408e+01,-8.368712e+00,-3.048658e+00,5.836981e+00,-1.888659e+01,-2.257925e+00,1.872082e-01,9.809859e-01,-1.236474e-01,1.273314e+00,-1.200625e+00,-2.775503e+00,-2.120938e+00,4.088204e-01,4.844464e-01,9.278102e-01,1.059497e+00,1.193587e+00,1.524736e+00,1.726159e+00,2.571666e+00,1.888097e+02,7.995049e-01,2.389014e-02,-3.420068e+00,2.420397e-01,6.765060e+00,3.108305e+00,-4.475853e+00,4.161517e+00,-3.341867e+00,-4.722090e-02,-1.366716e-01,-3.200975e-01,-1.400156e-01,6.147255e-01,1.825911e+00,-9.020349e-01,-1.504986e+00,-1.115690e-01,-3.858257e-01,-6.404060e-01,-8.201742e-01,-9.558671e-01,-8.593880e-01,-3.769640e-01,-1.081151e-01,-2.645195e-02,-1.715574e-02,-2.297164e-02,-2.638984e-03,1.900488e-02,1.184945e-02,3.153938e-02,4.379880e-02,-4.820480e-01,-8.503675e-03,1.868643e+02,3.847000e-03,3.970327e-03,1.063385e-01,-2.013123e-01,4.256969e-03,2.820176e-03,7.891730e-02
747,7.470000,2.828666e-01,-2.098646e+01,3.406071e+00,-8.469320e+00,-2.635838e+01,-1.578030e+00,-2.025087e+01,-1.673895e+01,1.225675e+01,6.016959e+00,-1.322486e+00,-2.109320e+01,-6.923336e+00,2.315464e+00,4.026569e+00,-2.041928e+01,-2.353772e+00,-4.217817e-01,4.591318e-02,-1.221579e+00,-7.992375e-02,-2.221370e+00,-3.247880e+00,-2.256557e+00,3.673277e-01,4.768553e-01,9.013035e-01,1.059754e+00,1.265658e+00,1.560131e+00,1.843235e+00,2.618220e+00,1.883540e+02,7.988839e-01,2.367513e-02,-3.801825e+00,1.894799e-01,7.624217e+00,4.308306e+00,-5.821599e+00,4.964428e+00,-6.182259e-01,-1.207280e+00,-2.781679e+00,-6.329247e-01,1.027409e-01,2.286809e+00,2.653904e+00,-2.650467e-01,-2.163290e+00,-8.636634e-02,-4.877218e-01,-7.505366e-01,-8.670791e-01,-1.214075e+00,-8.716432e-01,-2.747068e-01,-1.465462e-01,-3.186931e-02,-9.891832e-03,-3.554477e-02,-3.013873e-03,5.571035e-02,2.775877e-02,7.066630e-02,4.823890e-02,-2.886841e-01,-2.097666e-04,1.869871e+02,1.145835e-02,8.835520e-03,2.654442e-01,2.914017e-01,4.316333e-03,3.173675e-03,6.347686e-02
748,7.480000,2.105088e-01,-2.540962e+01,3.804386e+00,-1.947962e-01,-2.092168e+01,-1.001066e+01,-1.387178e+01,-1.565377e+01,7.865096e+00,1.343582e+00,-3.747581e+00,-2.148662e+01,-3.072730e+00,5.422722e+00,2.769284e+00,-2.383476e+01,-2.396839e+00,-1.019519e+00,-8.253100e-01,-2.126076e+00,-1.519145e+00,-3.208755e+00,-3.419757e+00,-2.492506e+00,3.365621e-01,4.668587e-01,8.441877e-01,1.061298e+00,1.315087e+00,1.600254e+00,1.905647e+00,2.632840e+00,1.882934e+02,8.071816e-01,1.354753e-02,-3.175023e+00,7.810857e-02,6.808754e+00,3.925881e+00,-5.833360e+00,3.492597e+00,2.280816e+00,-2.493881e+00,-2.850314e+00,-9.395611e-01,1.393566e-02,3.100957e+00,1.225299e+00,3.891239e-01,-1.485167e+00,-3.345923e-02,-4.013360e-01,-6.190463e-01,-7.364262e-01,-1.166524e+00,-6.964377e-01,-9.801690e-02,-1.633350e-01,-3.109070e-02,-9.778502e-03,-5.218511e-02,-2.377439e-03,5.220824e-02,2.411484e-02,5.827563e-02,2.637782e-02,-1.333710e-01,3.198940e-03,1.881114e+02,1.862253e-02,1.432968e-02,3.152719e-01,3.325638e-01,1.555011e-03,1.515973e-03,-1.867773e-03
749,7.490000,2.947081e-01,-2.795949e+01,3.393946e+00,6.738944e+00,-1.757668e+01,-1.535576e+01,-1.125982e+01,-9.050114e+00,5.004593e+00,-3.838499e+00,-3.700521e+00,-2.137325e+01,1.390436e+00,6.813749e+00,5.872280e+00,-2.614820e+01,-2.392449e+00,-1.379696e+00,-1.364060e+00,-2.723933e+00,-2.732646e+00,-3.697294e+00,-3.384584e+00,-2.567713e+00,2.995311e-01,4.675204e-01,7.914963e-01,1.047966e+00,1.413543e+00,1.630030e+00,1.956998e+00,2.677629e+00,1.882729e+02,8.098407e-01,5.821481e-03,-2.011498e+00,-1.940213e-01,4.942893e+00,2.673763e+00,-4.137569e+00,9.363098e-01,3.070239e+00,-2.348275e+00,-5.139552e-01,2.801856e-01,8.998488e-01,1.972293e+00,-1.887570e+00,1.509866e+00,7.082884e-01,-2.909222e-02,-2.081493e-01,-3.772641e-01,-5.524839e-01,-9.140110e-01,-4.191666e-01,2.080181e-02,-1.332362e-01,-2.388574e-02,-1.391113e-02,-5.278796e-02,-2.210164e-03,3.708812e-02,1.080210e-02,3.091931e-02,1.806836e-02,-8.244324e-02,3.322631e-03,1.882114e+02,1.623848e-02,1.378640e-02,2.485226e-01,7.035370e-02,-2.859775e-03,-1.619767e-03,-5.481303e-02
750,7.500000,2.836348e-01,-2.882409e+01,3.480897e+00,9.088666e+00,-1.676023e+01,-1.838455e+01,-1.272086e+01,-6.082010e+00,2.166609e+00,9.986334e-01,-4.852653e+00,-2.029438e+01,2.979189e+00,8.286953e-01,6.859746e+00,-2.344796e+01,-2.405883e+00,-1.340514e+00,-1.409259e+00,-3.054601e+00,-3.232943e+00,-3.944852e+00,-3.197236e+00,-2.782035e+00,2.872652e-01,4.402213e-01,7.217882e-01,1.053505e+00,1.380686e+00,1.610361e+00,1.960656e+00,2.673851e+00,1.881834e+02,8.100212e-01,-3.095418e-04,-1.009993e+00,-4.336079e-01,3.404156e+00,1.274836e+00,-2.133587e+00,-1.585582e+00,2.284827e+00,-6.568812e-01,1.009545e+00,1.607902e+00,1.231069e+00,-6.986620e-02,-3.977233e+00,1.545696e+00,3.363324e+00,-2.680721e-02,-4.737729e-02,-1.557156e-01,-4.124774e-01,-6.626989e-01,-2.014337e-01,7.070971e-03,-6.280039e-02,-1.746225e-02,-1.757604e-02,-5.096462e-02,-1.052601e-02,6.473816e-03,-5.312467e-03,1.123548e-04,-3.686716e-02,-1.218842e-01,1.841182e-03,1.879149e+02,9.231992e-03,9.074750e-03,1.054605e-01,-2.402069e-01,-4.515263e-03,-3.082607e-03,-5.489349e-02
751,7.510000,2.754110e-01,-2.933672e+01,2.597710e+00,1.160342e+01,-1.507029e+01,-1.807893e+01,-1.614478e+01,-6.173641e+00,3.364622e+00,3.619657e+00,6.309776e-01,-1.719008e+01,-8.783213e-02,-4.825370e+00,9.530666e+00,-1.707124e+01,-2.494712e+00,-1.302031e+00,-1.548433e+00,-3.519735e+00,-3.793080e+00,-3.949155e+00,-3.255131e+00,-2.777973e+00,2.725475e-01,4.206183e-01,6.985634e-01,1.052600e+00,1.418300e+00,1.609088e+00,1.970327e+00,2.688056e+00,1.879968e+02,8.140772e-01,-7.763787e-03,-4.606680e-01,-7.178289e-01,2.481536e+00,3.724632e-01,-1.400602e+00,-2.288322e+00,8.050199e-01,7.812198e-01,9.599448e-01,2.031086e+00,1.258181e+00,-1.835533e+00,-4.090334e+00,1.265860e+00,4.572152e+00,-3.735330e-02,8.987176e-03,-3.536635e-02,-2.978421e-01,-4.863405e-01,-8.587416e-02,-6.507468e-03,4.300592e-02,-1.036566e-02,-1.652336e-02,-5.092334e-02,-1.495389e-02,-2.007271e-02,-1.099049e-02,-4.855577e-02,-8.521573e-02,-1.312530e-01,4.620552e-04,1.874371e+02,1.854740e-03,3.364149e-03,9.628469e-02,-1.593491e-01,-3.160100e-03,-2.238538e-03,-2.345768e-02
752,7.520000,2.186096e-01,-2.977097e+01,2.034465e+00,1.439375e+01,-1.580070e+01,-1.931701e+01,-1.935721e+01,-5.667871e+00,5.400675e+00,2.662229e+00,2.126181e+00,-1.742287e+01,-2.682927e+00,-8.643882e+00,8.668572e+00,-1.155662e+01,-2.479743e+00,-1.295238e+00,-1.511701e+00,-3.790562e+00,-4.302422e+00,-4.089994e+00,-3.449128e+00,-2.701378e+00,2.627427e-01,4.024295e-01,6.358311e-01,1.006351e+00,1.345078e+00,1.584163e+00,1.899544e+00,2.443291e+00,1.878220e+02,8.142692e-01,1.260805e-02,-9.554520e-02,-6.970050e-01,1.163904e+00,-3.395405e-02,-7.865602e-01,-1.480389e+00,-3.848414e-01,1.435065e+00,-9.045572e-01,2.020941e+00,9.385134e-01,-2.103972e+00,-2.318486e+00,8.398132e-01,3.611071e+00,-3.143082e-02,5.337596e-03,-5.374551e-04,-1.258494e-01,-2.713104e-01,6.242585e-03,-2.338288e-02,1.195654e-01,-5.656662e-03,-7.959279e-03,-4.199018e-02,-1.809902e-02,-1.948525e-02,-9.181643e-03,-7.305799e-02,-9.293711e-02,-1.091156e-01,4.644871e-04,1.872975e+02,3.238082e-03,4.127773e-03,1.169233e-01,-4.269714e-02,-7.117567e-04,-4.986910e-04,4.166983e-04
753,7.530000,2.884018e-01,-2.978939e+01,5.280170e-01,1.649408e+01,-1.619412e+01,-2.189254e+01,-1.938326e+01,-5.232084e+00,7.293660e+00,1.294274e-01,2.965494e+00,-1.651810e+01,-4.956173e+00,-8.901635e+00,1.129716e+01,-9.233109e+00,-2.542285e+00,-1.357398e+00,-1.489670e+00,-3.845164e+00,-4.629609e+00,-4.054094e+00,-3.291175e+00,-2.393011e+00,2.599641e-01,4.037995e-01,5.798582e-01,9.967731e-01,1.330983e+00,1.588176e+00,1.744775e+00,2.366831e+00,1.877973e+02,8.100269e-01,1.481460e-02,6.259157e-01,-4.049112e-01,-1.290388e+00,-5.825853e-01,-9.118843e-03,-1.587627e-01,-2.290241e+00,8.005922e-01,-9.800898e-01,1.717710e+00,1.053472e+00,-1.665129e+00,-8.385919e-01,-2.558576e-01,1.983013e+00,-1.079671e-02,9.521184e-02,8.831115e-02,1.604801e-01,1.516930e-01,1.303596e-01,6.167877e-02,1.653076e-01,3.711209e-03,6.863117e-04,-1.010613e-02,-2.963966e-03,-9.418726e-03,-9.995342e-04,-3.575784e-02,-2.104356e-02,-1.284256e-01,1.787865e-03,1.877233e+02,3.434930e-03,5.067203e-03,1.255027e-01,-1.863602e-01,1.713395e-03,7.694518e-04,9.131005e-03
754,7.540000,3.401797e-01,-2.907548e+01,1.030718e+00,1.246285e+01,-1.636808e+01,-2.041055e+01,-1.850357e+01,-8.476995e+00,7.377414e+00,-1.779038e+00,4.084791e+00,-1.593780e+01,-5.106499e+00,-8.725603e+00,1.017556e+01,-9.311673e+00,-2.539250e+00,-1.286142e+00,-1.441327e+00,-3.521134e+00,-4.171230e+00,-3.861169e+00,-3.296129e+00,-2.376689e+00,2.652736e-01,4.088343e-01,5.711899e-01,9.909231e-01,1.326918e+00,1.574908e+00,1.708142e+00,2.369778e+00,1.877375e+02,8.143688e-01,3.202172e-02,1.309814e+00,7.084446e-02,-4.109223e+00,-1.758234e+00,1.495523e+00,8.139194e-01,-3.407322e+00,-9.340829e-01,6.696052e-02,2.452833e+00,1.921163e+00,-2.021196e+00,-8.073044e-03,-1.320429e+00,8.528706e-01,-2.791793e-02,2.162075e-01,1.919160e-01,4.441026e-01,5.565303e-01,2.395366e-01,7.425778e-02,1.092259e-01,1.484849e-02,6.122666e-03,4.018806e-02,7.367057e-03,2.271574e-02,1.161013e-02,4.091177e-02,7.460501e-02,-2.814270e-01,6.443453e-03,1.875583e+02,4.883114e-03,5.729768e-03,9.293494e-02,-7.404083e-01,3.043678e-03,4.980155e-04,1.268995e-02
755,7.550000,2.886990e-01,-2.655489e+01,1.075027e+00,6.116926e+00,-1.769952e+01,-1.757775e+01,-1.736542e+01,-1.622028e+01,6.379214e+00,9.398407e-01,8.240222e+00,-1.266525e+01,-7.201693e+00,-8.977469e+00,7.497883e+00,-8.278650e+00,-2.518942e+00,-8.305197e-01,-1.142064e+00,-2.852049e+00,-3.100211e+00,-3.411769e+00,-3.023237e+00,-2.113780e+00,2.898381e-01,4.208474e-01,6.803533e-01,1.045494e+00,1.380286e+00,1.608717e+00,1.887239e+00,2.619595e+00,1.873969e+02,8.229668e-01,2.411350e-02,1.773044e+00,5.525743e-01,-5.469437e+00,-3.839455e+00,2.254641e+00,1.406226e+00,-2.239499e+00,-2.017355e+00,1.251128e+00,2.426267e+00,2.390816e+00,-2.177950e+00,-1.437687e-01,-2.219349e+00,5.760346e-01,-5.065861e-02,3.203247e-01,3.665165e-01,6.628302e-01,7.345527e-01,2.436006e-01,3.201084e-02,3.353371e-02,2.505608e-02,8.943224e-03,6.755458e-02,-9.392202e-04,2.002146e-02,1.309623e-02,9.372336e-02,9.299862e-02,-5.510666e-01,9.959501e-03,1.863749e+02,9.599200e-03,6.410410e-03,1.539339e-01,-1.359978e+00,3.598304e-03,3.660102e-04,1.902461e-02
756,7.560000,3.785696e-01,-2.483916e+01,2.115182e+00,-9.637869e-01,-2.383917e+01,-1.399679e+01,-1.629653e+01,-1.721038e+01,1.187484e+00,2.591825e+00,1.175298e+01,-9.743480e+00,-1.166615e+01,-8.646330e+00,3.966066e+00,-7.769499e+00,-2.631005e+00,-4.776403e-01,-7.259247e-01,-2.066606e+00,-2.284470e+00,-3.213474e+00,-3.211808e+00,-2.294864e+00,3.220481e-01,4.245189e-01,7.865238e-01,1.018826e+00,1.434005e+00,1.631943e+00,2.032871e+00,2.689934e+00,1.866151e+02,8.400166e-01,3.144775e-02,1.521155e+00,7.108482e-01,-4.744108e+00,-5.553988e+00,1.272186e+00,2.017530e+00,1.295827e+00,-2.993715e+00,1.293994e+00,1.218110e+00,2.659161e+00,-2.383751e+00,-7.682062e-01,-2.240404e+00,8.367971e-01,-9.596367e-02,2.991439e-01,4.710992e-01,7.125921e-01,5.490608e-01,1.295380e-01,-1.491547e-02,-6.316924e-02,2.984205e-02,9.398577e-03,5.554976e-02,-1.957802e-02,1.539991e-02,1.196451e-02,8.556737e-02,6.669731e-02,-8.224670e-01,9.830904e-03,1.842697e+02,1.537434e-02,5.946246e-03,1.661575e-01,-1.636690e+00,2.286420e-03,-2.532474e-04,3.921908e-03
757,7.570000,3.897743e-01,-2.304233e+01,2.748657e+00,-4.139784e+00,-3.165585e+01,-1.382621e+01,-1.345564e+01,-1.206288e+01,3.018485e-01,4.199636e+00,1.126273e+01,-7.661186e+00,-1.256610e+01,-9.660115e+00,3.305168e+00,-7.124023e+00,-2.749701e+00,-1.600260e-01,-1.478936e-02,-1.258277e+00,-1.900226e+00,-3.159939e+00,-3.173281e+00,-2.266255e+00,3.568572e-01,4.406734e-01,8.099642e-01,9.781258e-01,1.377547e+00,1.625140e+00,2.051027e+00,2.671746e+00,1.856032e+02,8.470005e-01,1.235776e-02,8.875154e-01,9.520904e-01,-3.311956e+00,-5.796282e+00,-8.985939e-02,2.496881e+00,4.574994e+00,-2.861122e+00,-2.117585e-01,-2.927899e-01,2.852389e+00,-1.300723e+00,-1.734859e+00,-1.409958e+00,8.143488e-01,-1.035881e-01,2.035048e-01,4.670259e-01,6.535477e-01,2.253917e-01,3.440142e-03,-6.997128e-02,-1.539994e-01,2.691432e-02,1.101764e-02,1.420351e-02,-4.001514e-02,-1.533747e-04,5.243599e-03,4.147995e-02,1.112285e-02,-1.003511e+00,6.338698e-03,1.825677e+02,1.618084e-02,6.789015e-03,1.840145e-01,-1.546658e+00,-5.253752e-04,-7.987393e-04,-2.115656e-02
758,7.580000,4.468808e-01,-2.322598e+01,3.748145e+00,-6.129332e+00,-3.715985e+01,-1.592539e+01,-1.037080e+01,-4.076558e+00,-4.552478e+00,3.061033e+00,8.664087e+00,-5.144029e+00,-1.434305e+01,-1.222531e+01,1.069900e+00,-5.705001e+00,-2.903689e+00,-1.256698e-01,3.505313e-01,-7.550592e-01,-2.025919e+00,-3.339394e+00,-3.295684e+00,-2.616297e+00,3.809743e-01,4.459142e-01,7.841333e-01,9.267173e-01,1.405287e+00,1.626520e+00,2.054085e+00,2.677189e+00,1.845220e+02,8.515064e-01,-1.050386e-03,2.847910e-01,9.868755e-01,-1.801971e+00,-4.070303e+00,-1.674698e+00,2.921645e+00,5.420768e+00,-2.263731e+00,-1.551261e+00,-1.212377e+00,3.231319e+00,-2.748845e-01,-2.341570e+00,-9.327564e-01,8.089960e-01,-7.493143e-02,1.211036e-01,3.560767e-01,5.176401e-01,-4.569010e-02,-5.911922e-02,-2.629855e-02,-1.625638e-01,1.682124e-02,1.085029e-02,-1.869429e-02,-4.387780e-02,-1.850927e-02,3.031361e-03,-3.387690e-03,-1.910689e-02,-1.067276e+00,2.628893e-03,1.812784e+02,1.302439e-02,4.274229e-03,9.750417e-02,-1.258574e+00,-2.576174e-03,-1.220764e-03,-2.917227e-02
759,7.590000,3.163322e-01,-2.292390e+01,5.018998e+00,-7.860083e+00,-4.002059e+01,-1.706275e+01,-7.843874e+00,8.777348e-02,-5.056413e+00,-3.535563e-01,8.320719e+00,-7.030311e-01,-1.236685e+01,-1.586228e+01,1.896178e+00,-5.239155e+00,-2.900540e+00,1.101934e-02,6.548375e-01,-2.400839e-01,-2.102527e+00,-3.331608e+00,-3.331156e+00,-2.723060e+00,3.949466e-01,4.652379e-01,7.525662e-01,8.914728e-01,1.393878e+00,1.637647e+00,2.084032e+00,2.681581e+00,1.834258e+02,8.489153e-01,-1.957357e-03,-2.133396e-01,9.367666e-01,-7.388697e-01,-2.115535e+00,-2.139538e+00,2.942456e+00,4.823403e+00,-1.451047e+00,-2.643523e+00,-8.274595e-01,3.128597e+00,4.656263e-01,-1.714292e+00,-7.559792e-01,2.253675e-01,-6.164217e-02,4.857118e-02,1.876424e-01,3.557324e-01,-2.158190e-01,-7.928507e-02,-3.564584e-02,-1.519269e-01,6.430715e-03,7.097116e-03,-2.792106e-02,-4.246611e-02,-2.017825e-02,7.764101e-04,-4.071342e-02,-2.836997e-02,-1.049315e+00,1.274741e-03,1.801372e+02,8.147294e-03,3.252722e-03,8.247775e-02,-9.954254e-01,-2.976893e-03,-1.224471e-03,-2.215068e-02
760,7.600000,4.100387e-01,-2.347442e+01,5.914389e+00,-8.113494e+00,-4.000832e+01,-2.075201e+01,-4.494192e+00,3.818130e+00,-7.452042e+00,-2.887883e+00,7.162102e+00,2.934038e+00,-1.314019e+01,-1.725310e+01,6.778955e-03,-4.666953e+00,-2.930242e+00,4.235500e-02,7.196453e-01,1.249781e-02,-2.411769e+00,-3.423235e+00,-3.264363e+00,-2.879280e+00,3.871096e-01,4.664880e-01,7.217514e-01,8.427630e-01,1.333293e+00,1.640846e+00,1.999430e+00,2.589482e+00,1.823674e+02,8.522037e-01,5.714589e-03,-4.082147e-01,6.046842e-01,2.094537e-01,-7.430931e-01,-2.608800e+00,3.266551e+00,3.689510e+00,1.900188e-01,-2.849223e+00,-2.929545e-01,2.210178e+00,1.499462e+00,-6.565663e-01,-1.320997e+00,-1.737344e-01,-8.857314e-02,1.259703e-02,8.276384e-02,2.290588e-01,-3.164786e-01,-9.246893e-02,-5.498433e-03,-5.184579e-02,4.259199e-04,4.489186e-03,-2.436547e-02,-3.671602e-02,-2.224270e-02,-4.612732e-03,-5.303820e-02,-3.104990e-02,-9.640991e-01,1.567405e-03,1.791921e+02,6.510240e-03,1.610572e-03,7.106451e-02,-7.084320e-01,-1.411390e-03,2.114368e-04,-8.025019e-03
761,7.610000,3.984085e-01,-2.398481e+01,6.349368e+00,-6.842052e+00,-4.080930e+01,-2.211060e+01,-1.681669e+00,8.106790e+00,-5.503603e+00,-6.043523e+00,7.876429e+00,3.942762e+00,-1.083940e+01,-1.571768e+01,5.683227e-02,-6.516210e+00,-3.044635e+00,-1.182469e-03,7.388657e-01,1.366065e-01,-2.786395e+00,-3.514444e+00,-3.367171e+00,-2.894398e+00,3.859431e-01,4.658720e-01,7.015498e-01,8.077723e-01,1.312653e+00,1.621859e+00,1.874787e+00,2.573750e+00,1.814340e+02,8.530256e-01,1.447980e-02,-6.252903e-01,9.277277e-02,1.059242e+00,-8.618019e-01,-2.852304e+00,3.210021e+00,2.979702e+00,1.338186e+00,-2.559509e+00,-2.414460e-01,9.696368e-01,2.386689e+00,2.482699e-01,-2.047217e+00,-3.833319e-01,-1.560076e-01,-2.308755e-02,2.531162e-02,1.295956e-01,-4.026440e-01,-1.697114e-01,-3.051274e-02,2.155492e-02,3.967196e-04,3.974885e-04,-1.585322e-02,-3.087339e-02,5.560505e-03,-7.965374e-03,-2.120314e-02,-2.337289e-03,-8.229858e-01,1.727152e-03,1.786338e+02,4.553450e-03,1.998489e-03,8.648095e-02,-3.996612e-01,1.376270e-04,1.657651e-03,-8.219343e-03
762,7.620000,4.344156e-01,-2.473660e+01,6.106381e+00,-5.591079e+00,-4.048097e+01,-2.644547e+01,2.880848e+00,1.036148e+01,-3.378789e+00,-8.340100e+00,7.421460e+00,3.583961e+00,-7.609469e+00,-1.558044e+01,-4.615413e+00,-5.935146e+00,-3.274508e+00,-5.658375e-02,7.223365e-01,2.018898e-01,-3.266378e+00,-3.710321e+00,-3.305169e+00,-2.789857e+00,3.876056e-01,4.680431e-01,6.878141e-01,7.849874e-01,1.334686e+00,1.611350e+00,1.893516e+00,2.575855e+00,1.806975e+02,8.572883e-01,-1.359365e-02,-6.160828e-01,-3.448396e-01,1.385091e+00,-1.470273e+00,-3.150835e+00,2.481811e+00,2.353355e+00,2.370957e+00,-2.768752e+00,-5.009554e-01,2.450016e-01,3.207866e+00,1.779251e-01,-1.600991e+00,-7.500103e-01,-1.842522e-01,-2.104356e-02,3.903348e-02,9.153906e-02,-4.392926e-01,-1.853254e-01,-2.597628e-02,1.006486e-01,4.347378e-03,2.294064e-04,-1.025372e-02,-2.409151e-02,2.938895e-02,-4.244017e-03,1.922344e-02,2.584474e-02,-6.569916e-01,6.500125e-04,1.784880e+02,7.764368e-03,5.958530e-03,5.537747e-02,-1.590302e-01,7.370422e-04,2.208003e-03,-9.936141e-03
763,7.630000,3.765428e-01,-2.541926e+01,5.386866e+00,-3.825083e+00,-4.409328e+01,-2.847754e+01,4.518710e+00,1.171460e+01,-4.021088e-01,-1.042499e+01,6.983810e+00,3.820191e+00,-3.198775e+00,-1.545726e+01,-6.028811e+00,-6.521719e+00,-3.508446e+00,-5.494903e-02,7.800501e-01,3.131983e-01,-3.688443e+00,-4.036622e+00,-3.463317e+00,-2.659997e+00,3.966822e-01,4.664478e-01,6.902688e-01,7.659936e-01,1.420984e+00,1.612568e+00,2.030973e+00,2.676708e+00,1.801459e+02,8.550088e-01,-1.692147e-02,-4.372055e-01,-5.760298e-01,1.693601e+00,-1.664936e+00,-3.123771e+00,1.142995e+00,2.206377e+00,2.240154e+00,-2.580092e+00,-9.195298e-01,-3.784190e-01,3.255868e+00,-2.496268e-01,-9.091072e-01,-1.289712e+00,-1.306122e-01,6.061571e-03,6.471644e-02,6.157513e-02,-4.257784e-01,-1.490292e-01,1.335521e-02,1.317322e-01,3.207588e-03,1.695749e-03,-6.149650e-03,-8.217973e-03,2.949854e-02,1.060921e-02,4.464201e-02,2.884686e-02,-5.127899e-01,-6.855190e-04,1.784910e+02,8.208365e-03,9.366997e-03,4.922456e-02,-8.019104e-02,1.597099e-04,9.784021e-04,-6.154354e-03
764,7.640000,3.530034e-01,-2.583761e+01,4.671442e+00,-2.696522e+00,-4.571769e+01,-3.332271e+01,4.814672e+00,1.378100e+01,1.851996e+00,-1.454091e+01,5.103634e+00,4.220332e+00,-9.211752e-01,-1.649369e+01,-4.955351e+00,-8.414250e+00,-3.619598e+00,-3.597952e-02,8.942205e-01,3.818972e-01,-4.157208e+00,-4.088773e+00,-3.346172e+00,-2.493238e+00,4.034770e-01,4.673471e-01,6.761233e-01,7.431948e-01,1.426072e+00,1.624271e+00,2.017454e+00,2.667226e+00,1.797265e+02,8.544621e-01,-2.077902e-02,-1.726108e-01,-3.894200e-01,1.951672e+00,-1.097283e+00,-2.383536e+00,-3.762527e-01,2.856970e+00,1.499239e+00,-2.462152e+00,-8.635815e-01,-7.506336e-01,2.376298e+00,-7.321914e-01,9.016445e-01,-2.373017e+00,-1.196864e-02,2.613927e-02,7.633394e-02,1.421790e-02,-3.635296e-01,-3.861103e-02,4.506903e-02,1.028420e-01,8.664101e-04,2.852237e-03,-5.528545e-03,2.277845e-03,2.653066e-02,2.035565e-02,3.265529e-02,1.789081e-02,-4.246430e-01,-1.429570e-03,1.784683e+02,8.367994e-03,8.966336e-03,4.001200e-02,-1.601929e-01,-8.659919e-04,-1.218422e-03,3.536727e-03
765,7.650000,3.545073e-01,-2.562033e+01,4.186688e+00,1.786753e-01,-4.651561e+01,-3.429083e+01,3.066392e+00,1.742892e+01,3.081773e+00,-1.584358e+01,4.437693e+00,1.732482e+00,2.095796e+00,-1.650919e+01,-4.318735e+00,-1.172522e+01,-3.525151e+00,1.882327e-02,9.765058e-01,3.544784e-01,-4.469872e+00,-4.070364e+00,-3.279893e+00,-2.384047e+00,3.940454e-01,4.746988e-01,6.766469e-01,7.875788e-01,1.414452e+00,1.668444e+00,2.036028e+00,2.672299e+00,1.793555e+02,8.510111e-01,-1.328675e-02,9.967995e-03,3.912115e-02,1.796344e+00,2.817444e-01,-1.320494e+00,-5.445322e-01,3.095145e+00,1.252114e+00,-1.188640e+00,-5.202212e-01,-1.419490e+00,1.700128e+00,-7.203800e-01,9.813014e-01,-2.386884e+00,6.656413e-02,3.347906e-02,6.132316e-02,-3.964316e-02,-2.496323e-01,2.316349e-02,5.537112e-02,3.956296e-02,-2.229595e-03,4.226282e-03,-7.064498e-03,9.291929e-03,1.995392e-02,2.437830e-02,3.682222e-02,2.742338e-03,-4.010544e-01,-7.346094e-04,1.782426e+02,5.050186e-03,5.386596e-03,6.339192e-02,-3.302582e-01,-1.058791e-03,-2.203689e-03,4.136541e-03
766,7.660000,3.415382e-01,-2.549911e+01,4.759370e+00,2.165402e+00,-4.475621e+01,-3.545650e+01,1.725744e+00,2.178918e+01,2.375466e+00,-1.794157e+01,4.376611e+00,8.746480e-01,1.624736e+00,-1.871543e+01,-9.622285e-01,-1.519848e+01,-3.325998e+00,3.722646e-02,1.005778e+00,2.523392e-01,-4.693312e+00,-3.886505e+00,-3.171535e+00,-2.413622e+00,3.932561e-01,4.781788e-01,6.669822e-01,7.855840e-01,1.470605e+00,1.685190e+00,2.054265e+00,2.667514e+00,1.789694e+02,8.521393e-01,-2.882039e-02,-1.198235e-02,4.299399e-01,1.243775e+00,9.042991e-01,-2.209549e-01,-5.036181e-01,2.416434e+00,1.442521e+00,-1.923573e-01,-4.155355e-01,-1.179661e+00,9.495524e-01,-3.969311e-01,3.296596e-01,-1.240045e+00,7.864444e-02,3.412489e-02,3.903994e-02,-6.731211e-02,-1.303317e-01,1.303167e-02,-1.904893e-02,-3.454778e-02,-1.016667e-03,2.223149e-03,-8.428549e-03,3.058255e-03,2.450247e-02,1.456885e-02,5.141614e-02,5.670214e-03,-4.285370e-01,6.429314e-04,1.778112e+02,5.013498e-03,1.856622e-03,6.597742e-02,-5.109757e-01,-9.758474e-04,-1.623248e-03,1.891742e-03
767,7.670000,3.158416e-01,-2.553867e+01,5.538508e+00,2.725672e+00,-4.316529e+01,-3.401312e+01,3.340513e+00,2.318624e+01,5.596728e+00,-1.466786e+01,4.746215e+00,-1.604417e+00,4.028912e+00,-1.794829e+01,-3.118865e+00,-1.506403e+01,-3.322425e+00,7.584328e-02,1.030887e+00,1.797615e-01,-4.668553e+00,-4.021938e+00,-3.273779e+00,-2.501990e+00,3.906446e-01,4.821634e-01,6.595168e-01,7.912586e-01,1.498487e+00,1.704000e+00,2.196679e+00,2.690276e+00,1.785191e+02,8.524972e-01,-2.783783e-02,-1.425262e-01,4.858240e-01,3.439474e-01,8.114090e-01,-2.281288e-01,-3.111618e-01,9.035431e-01,1.789861e+00,2.196444e-01,-9.758768e-01,-9.059151e-01,6.445734e-01,2.053146e-01,-3.628234e-01,-2.573400e-01,3.252568e-02,3.338014e-02,3.493551e-02,-5.878134e-02,-5.834899e-02,-1.847928e-02,-5.666018e-02,-6.341972e-02,6.687045e-04,6.829202e-04,-9.866643e-03,-1.753122e-03,1.897379e-02,4.962408e-03,5.553510e-02,6.516123e-03,-4.779282e-01,1.448798e-03,1.771683e+02,4.591658e-03,1.903407e-03,5.692455e-02,-6.260986e-01,-4.145104e-04,-2.553438e-04,-3.681653e-03
768,7.680000,2.282342e-01,-2.593835e+01,6.145232e+00,2.248854e+00,-4.287136e+01,-3.456634e+01,2.159521e+00,2.298451e+01,7.807123e+00,-1.609055e+01,2.871696e+00,-9.523387e-03,2.860029e+00,-1.775880e+01,-3.906988e+00,-1.294507e+01,-3.327739e+00,1.061349e-01,1.062230e+00,1.326952e-01,-4.709527e+00,-4.047827e+00,-3.444473e+00,-2.607005e+00,4.000940e-01,4.747306e-01,6.425456e-01,7.566462e-01,1.506567e+00,1.679338e+00,2.194209e+00,2.686589e+00,1.780020e+02,8.569338e-01,9.600252e-04,-1.603985e-01,2.801013e-01,-2.947025e-01,2.111595e-01,-3.128899e-01,-6.641659e-01,-6.318008e-01,1.226460e+00,4.762134e-01,-1.306987e+00,-1.205764e+00,1.041964e+00,7.658612e-01,-8.021320e-01,2.064639e-01,-2.801657e-03,3.200366e-02,2.977609e-02,-3.909910e-02,7.134676e-03,-3.963146e-02,-5.240951e-02,-5.185230e-02,3.475547e-05,-5.862236e-04,-7.933515e-03,1.006126e-03,-2.722442e-03,-6.508899e-03,3.849664e-02,5.548263e-03,-5.160721e-01,8.551896e-04,1.764506e+02,3.718021e-03,2.591692e-03,5.270439e-02,-6.305100e-01,-1.445730e-04,7.997208e-04,-1.704820e-03
769,7.690000,2.719702e-01,-2.611334e+01,5.922877e+00,1.856686e+00,-4.340100e+01,-3.587655e+01,1.293695e+00,2.134897e+01,9.315249e+00,-1.567087e+01,3.107668e-01,-2.355008e+00,4.701017e+00,-1.596093e+01,-4.660472e+00,-1.413862e+01,-3.361652e+00,1.512697e-01,1.122958e+00,1.203938e-01,-4.753510e+00,-4.082099e+00,-3.426725e+00,-2.604454e+00,3.939699e-01,4.798375e-01,6.395320e-01,7.932821e-01,1.491341e+00,1.696183e+00,2.243731e+00,2.695342e+00,1.774496e+02,8.558578e-01,5.363368e-02,-4.945240e-02,1.127266e-01,-4.976912e-01,-2.435734e-01,-3.357021e-01,-9.239211e-01,-1.254928e+00,-4.056569e-01,2.074241e-01,-7.549006e-01,-1.084788e+00,5.608932e-01,1.019637e+00,2.336221e-01,-5.189884e-01,1.117804e-02,2.701950e-02,1.885032e-02,-1.717781e-02,5.672469e-02,9.303808e-03,-5.718661e-03,-2.988417e-02,-1.432562e-03,-2.892971e-03,-5.568332e-03,-4.840165e-03,-1.503577e-02,-1.927512e-02,-1.900730e-02,-4.561162e-03,-5.213486e-01,2.547562e-04,1.757924e+02,3.625372e-03,3.742342e-03,5.162017e-02,-5.371933e-01,3.022779e-04,5.477648e-04,-2.278151e-03
770,7.700000,3.682741e-01,-2.601377e+01,5.967692e+00,1.126382e+00,-4.358257e+01,-3.608923e+01,-5.716762e-01,1.954881e+01,6.648508e+00,-1.505900e+01,5.940120e-02,-4.778875e+00,6.498501e+00,-1.587980e+01,-4.202085e+00,-1.462886e+01,-3.320393e+00,1.595315e-01,1.108623e+00,8.652755e-02,-4.615160e+00,-4.054582e+00,-3.357110e+00,-2.621651e+00,3.917672e-01,4.764107e-01,6.373070e-01,7.896029e-01,1.460567e+00,1.656555e+00,2.223222e+00,2.692722e+00,1.769238e+02,8.547349e-01,7.678784e-02,7.404232e-02,1.082257e-01,-4.857116e-01,-3.342518e-01,-7.242241e-02,-4.041429e-01,-1.622077e+00,-1.630235e+00,5.227057e-01,1.311776e-01,-6.779059e-01,-1.418675e-01,1.095300e+00,1.951301e-01,-8.327855e-01,2.131650e-02,2.838784e-02,-2.285600e-04,-6.540231e-04,1.040219e-01,7.760691e-03,1.528242e-02,-1.495252e-02,-2.867591e-03,-3.708282e-03,-2.073693e-03,-1.003188e-02,-1.740493e-02,-2.137678e-02,-4.034577e-02,-7.739425e-03,-4.956558e-01,-4.796207e-04,1.753466e+02,4.773776e-03,4.935758e-03,6.010552e-02,-4.185791e-01,7.266888e-04,-1.446250e-04,-6.807381e-03
771,7.710000,5.139901e-01,-2.574822e+01,6.190911e+00,7.984519e-01,-4.402756e+01,-3.493018e+01,8.650611e-02,1.862945e+01,4.147751e+00,-1.414652e+01,2.377860e+00,-4.643679e+00,5.014142e+00,-1.378960e+01,-1.803206e+00,-1.681707e+01,-3.270208e+00,1.842425e-01,1.101942e+00,1.169563e-01,-4.432113e+00,-3.972042e+00,-3.346054e+00,-2.644088e+00,3.876452e-01,4.668585e-01,6.342945e-01,7.505794e-01,1.446308e+00,1.619016e+00,2.087136e+00,2.664403e+00,1.764515e+02,8.548704e-01,4.847489e-02,3.343582e-02,2.595755e-01,-3.334874e-01,-2.899830e-01,1.310658e-01,-1.114614e-01,-1.334020e+00,-1.993496e+00,1.670971e-02,6.089175e-01,7.992561e-01,-1.858346e+00,9.303138e-01,1.524055e-01,-4.379568e-02,3.226578e-02,2.647421e-02,-1.655045e-02,-3.433753e-03,9.251466e-02,1.773882e-03,-3.310461e-02,-3.688870e-02,-2.671906e-03,-4.048607e-03,8.807361e-04,-8.648956e-03,-8.597123e-03,-7.325244e-03,-3.953610e-02,-7.637048e-03,-4.579422e-01,2.993941e-05,1.750343e+02,5.575170e-03,3.470198e-03,4.183324e-02,-3.447983e-01,3.192332e-04,-5.071867e-04,-6.279519e-03
772,7.720000,4.911634e-01,-2.575070e+01,6.552343e+00,3.494133e-01,-4.422934e+01,-3.540164e+01,7.424005e-01,1.623388e+01,2.239697e+00,-1.423920e+01,2.494037e+00,-2.254718e+00,1.994129e+00,-1.336796e+01,-4.359971e+00,-1.576977e+01,-3.266878e+00,2.315878e-01,1.071595e+00,1.311438e-01,-4.350115e+00,-4.064053e+00,-3.408397e+00,-2.661951e+00,3.889184e-01,4.626787e-01,6.347960e-01,7.278381e-01,1.442058e+00,1.611037e+00,2.070778e+00,2.663361e+00,1.760228e+02,8.550294e-01,6.914428e-03,-1.621139e-01,3.889463e-01,-1.054904e-01,-2.163086e-01,-1.985012e-01,4.236567e-01,-8.796412e-01,-1.466591e+00,-1.283301e-01,-7.196052e-02,1.245045e+00,-2.068242e+00,4.177569e-01,-2.406071e-01,8.068002e-01,2.679677e-02,1.222233e-02,-1.676216e-02,-1.024275e-02,1.184487e-02,-6.601584e-02,-5.790121e-02,-6.556372e-02,-2.511275e-03,-1.781267e-03,2.363253e-03,1.081443e-03,1.956773e-03,1.417234e-02,-3.121710e-03,-4.501343e-05,-4.286377e-01,-8.233786e-05,1.747368e+02,6.376566e-03,2.004639e-03,2.356096e-02,-3.407227e-01,-4.727900e-04,-4.985538e-04,-2.505877e-03
773,7.730000,4.529000e-01,-2.607770e+01,6.928429e+00,5.777339e-01,-4.452753e+01,-3.556502e+01,7.934908e-02,1.633633e+01,1.552176e+00,-1.599722e+01,2.138036e+00,3.791941e-01,-2.338525e+00,-1.256528e+01,-3.819502e+00,-1.378714e+01,-3.227081e+00,2.476127e-01,1.058720e+00,8.091689e-02,-4.423459e+00,-4.068495e+00,-3.566605e+00,-2.768748e+00,3.820348e-01,4.664605e-01,6.451913e-01,7.809197e-01,1.457609e+00,1.682315e+00,2.122273e+00,2.671838e+00,1.756104e+02,8.558603e-01,1.634616e-03,-3.192146e-01,3.271093e-01,1.238341e-01,3.151131e-02,-6.312488e-01,5.535147e-01,-6.472645e-02,-5.142237e-01,-1.776120e-01,-9.138491e-01,9.788924e-01,-4.285257e-01,-2.606714e-01,-3.395001e-01,1.518191e+00,6.494522e-04,-2.783854e-02,-2.004690e-02,-1.628485e-02,-8.133455e-02,-1.112592e-01,-3.456712e-02,-7.091103e-02,-1.159251e-03,-3.748596e-04,2.049923e-03,5.754679e-03,2.204776e-03,1.876237e-02,1.118832e-02,4.495716e-03,-4.181412e-01,-1.207924e-03,1.743733e+02,4.420143e-03,2.671968e-03,3.849485e-02,-3.866547e-01,-1.143050e-03,-7.844809e-06,6.200952e-03
774,7.740000,4.333913e-01,-2.665960e+01,7.543664e+00,7.092894e-01,-4.441412e+01,-3.676432e+01,1.550186e+00,1.629716e+01,6.133393e-01,-1.477530e+01,-1.804897e-01,-1.065085e+00,-1.663742e-01,-1.440317e+01,-4.396973e+00,-1.210982e+01,-3.207972e+00,1.889581e-01,1.046424e+00,5.333351e-02,-4.560263e+00,-4.336435e+00,-3.536341e+00,-2.887140e+00,3.820161e-01,4.677033e-01,6.436749e-01,7.798400e-01,1.464700e+00,1.695767e+00,2.190045e+00,2.688780e+00,1.752012e+02,8.538283e-01,2.111102e-02,-3.303863e-01,1.487645e-01,4.653431e-01,7.631798e-02,-7.980369e-01,1.143852e+00,7.228706e-01,-3.490238e-01,1.600456e-02,-1.030577e+00,5.216416e-01,1.194891e+00,-4.496340e-01,3.423100e-01,8.650374e-01,-1.725118e-02,-7.801646e-02,-2.735234e-02,2.560045e-03,-1.329971e-01,-1.136414e-01,3.172193e-02,-4.226446e-02,1.548499e-03,6.470889e-04,-5.121470e-04,-5.664265e-03,3.563893e-03,5.241895e-03,-4.906154e-03,2.400112e-03,-4.301056e-01,-2.357102e-03,1.739735e+02,2.987339e-03,2.842104e-03,4.924533e-02,-4.660172e-01,-1.100271e-03,-1.190824e-04,5.971618e-03
775,7.750000,5.510492e-01,-2.688985e+01,7.330797e+00,1.237684e+00,-4.377761e+01,-3.740509e+01,2.450187e+00,1.827418e+01,2.389811e+00,-1.476653e+01,-8.541224e-01,-3.440329e-01,3.951764e+00,-1.457535e+01,-3.482205e+00,-1.105610e+01,-3.296413e+00,6.636462e-02,1.014293e+00,7.443716e-02,-4.733712e+00,-4.392147e+00,-3.454918e+00,-2.886049e+00,3.853001e-01,4.624719e-01,6.401046e-01,7.533519e-01,1.446012e+00,1.670463e+00,2.083444e+00,2.674172e+00,1.747716e+02,8.494313e-01,2.587452e-02,-2.715282e-01,-1.263883e-01,6.599858e-01,8.597831e-02,-6.381069e-01,1.363399e+00,9.499193e-01,1.032518e-01,-1.156618e-01,-6.306165e-01,9.708799e-01,2.478755e+00,-6.901585e-01,4.293556e-01,4.805514e-01,-6.143150e-02,-1.128270e-01,-5.109242e-02,1.790282e-02,-1.423916e-01,-1.008442e-01,5.617595e-02,1.329839e-02,5.109334e-03,5.292609e-03,1.112342e-03,-1.548755e-03,6.496382e-03,1.568723e-03,-7.221699e-03,2.916002e-03,-4.695480e-01,-2.951813e-03,1.734827e+02,1.554534e-03,3.012241e-03,5.999581e-02,-5.878845e-01,-3.971229e-04,-4.436685e-04,7.833987e-05
776,7.760000,5.476438e-01,-2.699656e+01,7.094982e+00,2.346154e+00,-4.422271e+01,-3.847179e+01,5.276243e+00,1.887931e+01,7.576045e-02,-1.477452e+01,-1.162770e+00,7.151037e-01,4.823440e+00,-1.461110e+01,-2.817069e+00,-1.281011e+01,-3.318468e+00,-6.787052e-02,9.570466e-01,1.471839e-01,-4.859974e+00,-4.470434e+00,-3.305631e+00,-2.814623e+00,3.950282e-01,4.679084e-01,6.347786e-01,7.133007e-01,1.465677e+00,1.643172e+00,2.065662e+00,2.674194e+00,1.742917e+02,8.464584e-01,-2.043899e-02,-1.671061e-01,-3.459889e-01,4.557875e-01,1.014645e-01,9.817505e-02,8.733619e-01,4.611811e-01,2.786417e-01,-4.610519e-01,-2.010434e-01,1.320409e+00,1.801360e+00,-7.203088e-01,4.553683e-01,1.031981e-01,-7.429016e-02,-1.150319e-01,-7.557192e-02,3.152299e-03,-6.958799e-02,-3.932843e-02,2.343066e-02,3.985639e-02,5.055976e-03,8.068887e-03,4.431939e-03,1.164815e-02,-6.851756e-03,4.643559e-03,-2.157273e-02,-1.352811e-02,-5.363327e-01,-1.895291e-03,1.728520e+02,2.308016e-03,1.239090e-03,4.266857e-02,-7.366760e-01,1.013969e-04,-2.817529e-04,7.327876e-03
777,7.770000,5.251463e-01,-2.726686e+01,6.520829e+00,3.059231e+00,-4.419334e+01,-3.790182e+01,5.033316e+00,1.979486e+01,2.337225e+00,-1.657592e+01,-5.239059e-01,4.343499e+00,7.560345e+00,-1.591211e+01,-2.462676e+00,-1.103424e+01,-3.478990e+00,-1.881080e-01,8.479462e-01,1.235058e-01,-4.985561e+00,-4.505716e+00,-3.401080e+00,-2.738515e+00,4.010754e-01,4.928210e-01,6.552011e-01,8.064456e-01,1.489603e+00,1.716456e+00,2.148356e+00,2.693711e+00,1.737174e+02,8.447862e-01,-7.669386e-02,-2.005728e-01,-3.571682e-01,3.907948e-02,4.826019e-01,4.935558e-01,-1.000154e-01,-2.923380e-01,7.996328e-01,-5.000000e-01,-4.376149e-01,1.302253e+00,1.377814e+00,-1.062179e+00,5.784745e-02,2.638565e-01,-7.346487e-02,-9.733424e-02,-9.734800e-02,-5.407870e-02,-1.914954e-02,-1.352491e-02,-2.379954e-02,1.185954e-02,2.354780e-03,6.503868e-03,5.500120e-03,1.818475e-02,-1.726336e-02,3.758180e-03,-2.239876e-02,-2.066760e-02,-6.105682e-01,-6.264210e-04,1.719946e+02,2.774190e-03,1.255132e-03,4.217493e-02,-8.332703e-01,5.323699e-04,-7.111874e-05,1.714836e-02
778,7.780000,3.441478e-01,-2.730663e+01,6.218704e+00,2.077453e+00,-4.369893e+01,-3.602508e+01,4.625431e+00,1.784273e+01,2.032841e+00,-1.617586e+01,-1.350815e+00,3.193193e+00,7.036139e+00,-1.733634e+01,-2.629896e+00,-1.160476e+01,-3.488135e+00,-2.589649e-01,7.517373e-01,4.456070e-02,-4.782278e+00,-4.476292e+00,-3.446106e+00,-2.761625e+00,3.994083e-01,4.928732e-01,6.582863e-01,8.115339e-01,1.408646e+00,1.695988e+00,2.049726e+00,2.611370e+00,1.730466e+02,8.466744e-01,-9.756448e-02,-1.898901e-01,-3.598533e-01,-4.257468e-01,9.356937e-01,5.133201e-01,-8.864915e-01,-1.093293e+00,1.439827e+00,-4.132261e-01,-3.011591e-01,2.146134e-01,2.579141e-01,-5.690327e-01,3.021910e-02,-1.880446e-02,-6.422286e-02,-7.721456e-02,-9.318770e-02,-1.233952e-01,2.838926e-02,3.580194e-02,-4.370072e-02,-7.815743e-03,-1.659843e-03,-2.540669e-03,-1.583099e-04,-1.343411e-03,-3.257728e-02,-1.853714e-02,-4.752315e-02,-2.675262e-02,-6.561386e-01,3.409982e-05,1.710341e+02,2.884495e-03,2.311894e-03,9.479515e-02,-7.928604e-01,5.549160e-04,2.212042e-04,2.822567e-02
779,7.790000,2.693279e-01,-2.773768e+01,5.983095e+00,1.567432e+00,-4.162648e+01,-3.616066e+01,2.275516e+00,1.733078e+01,5.409435e+00,-1.656586e+01,-2.948174e+00,4.928190e+00,9.734483e+00,-1.852363e+01,-3.286554e+00,-1.033949e+01,-3.578904e+00,-3.247594e-01,6.302075e-01,-1.446448e-01,-4.868308e+00,-4.456842e+00,-3.503678e+00,-2.853250e+00,3.948840e-01,4.825088e-01,6.558513e-01,7.951590e-01,1.388210e+00,1.662846e+00,1.979418e+00,2.602246e+00,1.723413e+02,8.461912e-01,-7.511580e-02,-2.674309e-01,-4.040318e-01,-4.237792e-01,8.604687e-01,-2.424625e-01,-9.801974e-01,-1.162038e+00,1.549977e+00,-5.453274e-01,2.474593e-01,-3.774431e-01,-6.134973e-01,3.270111e-02,4.471320e-01,-5.593053e-01,-8.073983e-02,-6.550817e-02,-7.661132e-02,-1.557040e-01,-8.589315e-03,6.422119e-02,-2.749560e-02,-4.733467e-03,-3.121328e-03,-7.580978e-03,-6.581098e-03,-1.819580e-02,-7.905757e-03,-3.050705e-02,-1.567459e-02,-5.083227e-03,-6.455078e-01,5.605221e-05,1.702253e+02,3.928144e-03,2.120245e-03,1.196743e-01,-6.136276e-01,6.950668e-04,-1.581315e-04,2.005145e-02
780,7.800000,1.877306e-01,-2.771060e+01,5.564582e+00,9.633196e-01,-4.082767e+01,-3.677577e+01,2.222686e+00,1.464488e+01,5.738792e+00,-1.684568e+01,-1.456431e+00,1.495825e+00,5.025941e+00,-1.615050e+01,-2.254034e+00,-1.325151e+01,-3.589625e+00,-3.856176e-01,5.999774e-01,-3.357169e-01,-4.776655e+00,-4.315861e+00,-3.472836e+00,-2.796334e+00,3.898247e-01,4.603612e-01,6.336619e-01,7.122269e-01,1.353487e+00,1.577292e+00,1.912515e+00,2.586163e+00,1.716991e+02,8.459263e-01,-1.976565e-02,-2.864126e-01,-5.875157e-01,-1.822801e-01,5.510437e-01,-1.038096e+00,-6.505453e-01,-7.303094e-01,1.528940e+00,-6.602495e-01,1.330056e+00,-6.053658e-01,-4.429146e-01,7.468519e-01,4.206060e-01,-9.723874e-01,-1.243644e-01,-5.585705e-02,-6.105207e-02,-1.358457e-01,-7.109270e-02,8.432364e-02,9.292603e-03,4.352112e-02,-2.340773e-03,-5.943102e-03,-6.082344e-03,-1.232570e-02,2.805659e-02,-1.564204e-02,2.583050e-02,1.887927e-02,-5.817673e-01,-7.366419e-04,1.697723e+02,4.505619e-03,1.912555e-03,1.450472e-01,-3.905426e-01,7.710123e-04,-4.078341e-04,3.661579e-03
781,7.810000,2.277759e-01,-2.840203e+01,4.827731e+00,1.497402e+00,-4.132663e+01,-3.873879e+01,1.333701e+00,1.558358e+01,8.234136e+00,-1.896765e+01,7.661986e-01,3.304968e+00,5.497957e+00,-1.634152e+01,-4.149469e-01,-1.300739e+01,-3.831944e+00,-4.523225e-01,5.407695e-01,-4.648754e-01,-5.031319e+00,-4.264826e+00,-3.525193e+00,-2.744828e+00,3.902605e-01,4.711721e-01,6.346079e-01,7.651201e-01,1.477654e+00,1.623269e+00,2.138588e+00,2.680898e+00,1.711636e+02,8.454404e-01,1.496231e-02,-2.315054e-01,-6.406615e-01,6.460220e-03,3.348568e-01,-1.347068e+00,-1.759556e-01,-2.318668e-01,8.074759e-01,-3.734951e-01,1.406395e+00,-5.672770e-01,5.709745e-01,4.752925e-01,5.078145e-01,-9.584594e-01,-1.254495e-01,-4.940213e-02,-5.199482e-02,-8.121897e-02,-9.073438e-02,6.853142e-02,6.936915e-02,7.098441e-02,-1.806873e-03,-2.839443e-03,-4.385018e-03,-4.581451e-03,1.922740e-02,-3.561366e-03,8.862233e-03,-3.511209e-02,-4.906815e-01,-1.141584e-03,1.695574e+02,5.438962e-03,6.641445e-04,1.173062e-01,-2.174194e-01,3.123313e-04,-4.409207e-06,-6.803232e-03
782,7.820000,2.660956e-01,-2.840652e+01,3.858808e+00,1.201068e+00,-4.109364e+01,-3.992649e+01,1.843612e+00,1.506478e+01,8.265189e+00,-1.827622e+01,3.442277e+00,9.779761e-01,6.939828e+00,-1.469313e+01,-1.962670e+00,-1.513274e+01,-3.983437e+00,-4.744686e-01,4.911959e-01,-4.745523e-01,-5.056236e+00,-4.150682e+00,-3.388885e+00,-2.598231e+00,3.900162e-01,4.688261e-01,6.384963e-01,7.649248e-01,1.504207e+00,1.637567e+00,2.099293e+00,2.666441e+00,1.707266e+02,8.433666e-01,3.760191e-02,-1.890509e-01,-4.673147e-01,2.785315e-01,6.391888e-01,-1.196394e+00,2.370030e-02,1.913746e-01,2.195565e-01,4.836462e-01,1.574241e-01,-5.467505e-01,2.170284e+00,1.079948e-01,1.501688e-01,-1.346122e-01,-7.715714e-02,-5.842394e-02,-5.629871e-02,-5.636057e-02,-1.007412e-01,-5.051613e-04,1.181914e-01,5.462065e-02,2.150297e-04,1.418111e-03,4.090333e-03,1.827580e-02,1.235855e-03,2.100812e-02,-1.297566e-02,-6.653909e-02,-4.076218e-01,-1.409960e-03,1.694154e+02,5.984148e-03,1.000774e-03,1.142871e-01,-1.584366e-01,-1.672532e-04,4.814499e-04,-1.620677e-02
783,7.830000,3.049570e-01,-2.854725e+01,3.632674e+00,1.480859e+00,-3.981921e+01,-4.132064e+01,1.585275e+00,1.596150e+01,8.183616e+00,-1.771807e+01,1.634445e+00,2.350730e+00,1.163241e+01,-1.687585e+01,-8.931642e-01,-1.419117e+01,-4.009246e+00,-5.273445e-01,4.246241e-01,-4.813219e-01,-5.182189e+00,-4.196774e+00,-3.198807e+00,-2.597379e+00,3.857539e-01,4.640791e-01,6.315090e-01,7.459028e-01,1.408987e+00,1.614902e+00,1.930340e+00,2.386547e+00,1.703741e+02,8.417632e-01,3.375686e-02,-1.687799e-01,-6.368110e-02,3.605477e-01,5.899948e-01,-4.375523e-01,2.544070e-01,-1.903904e-01,-4.726435e-01,7.602767e-01,-1.349812e+00,-7.623035e-01,1.896845e+00,7.575016e-02,1.085748e-01,4.083096e-01,1.362534e-02,-7.641038e-02,-5.236762e-02,-3.927574e-02,-6.530686e-02,-8.914556e-02,8.309145e-02,5.510020e-03,1.461956e-03,1.947555e-03,5.111247e-03,1.525330e-02,-3.282388e-02,1.557045e-02,-4.594773e-02,-7.976539e-02,-3.599655e-01,-1.112908e-03,1.693167e+02,4.750536e-03,2.554090e-03,1.010382e-01,-2.169998e-01,-5.906011e-04,9.209076e-04,-1.887603e-02
784,7.840000,3.371496e-01,-2.858324e+01,3.825537e+00,2.364248e+00,-3.838543e+01,-4.146681e+01,2.215400e+00,1.541280e+01,6.861835e+00,-1.505224e+01,-1.103433e+00,-7.608091e-01,1.281013e+01,-1.534336e+01,-1.264082e+00,-1.333268e+01,-3.886760e+00,-6.402263e-01,3.765566e-01,-6.092965e-01,-5.204926e+00,-4.352413e+00,-3.045072e+00,-2.596955e+00,3.931532e-01,4.709982e-01,6.556630e-01,8.132145e-01,1.393999e+00,1.686516e+00,1.951760e+00,2.400643e+00,1.700557e+02,8.407152e-01,1.234713e-02,-2.652006e-01,2.691841e-01,3.487878e-01,1.276207e-02,4.632626e-01,3.531568e-01,-5.434633e-01,-4.614356e-01,2.247532e-01,-1.901626e+00,6.025780e-02,8.449130e-01,2.665227e-01,-5.160503e-01,7.225227e-01,4.581492e-02,-8.234550e-02,-5.146642e-02,-9.921429e-03,-4.902735e-02,-1.507301e-01,-4.196908e-02,-4.578977e-02,2.838782e-03,7.243377e-03,7.916952e-03,2.449598e-02,-1.458696e-02,2.555731e-02,2.493119e-02,9.855795e-03,-3.627472e-01,-1.597250e-03,1.691005e+02,4.013566e-03,3.374832e-03,7.214732e-02,-3.710846e-01,-5.349697e-04,5.645977e-04,-2.435977e-02
785,7.850000,3.610332e-01,-2.915756e+01,4.525960e+00,2.718550e+00,-3.973076e+01,-4.015639e+01,2.419842e+00,1.445762e+01,6.572595e+00,-1.677825e+01,-3.710005e+00,3.628429e-01,1.204703e+01,-1.563766e+01,-2.213671e-01,-1.186588e+01,-3.812156e+00,-7.514955e-01,3.362511e-01,-5.938820e-01,-5.283508e+00,-4.609688e+00,-3.281643e+00,-2.717915e+00,3.960018e-01,4.798238e-01,6.515808e-01,8.172417e-01,1.368638e+00,1.676647e+00,1.982616e+00,2.414970e+00,1.696992e+02,8.412016e-01,-1.632547e-02,-2.020163e-01,3.111249e-01,-3.271103e-04,-5.506317e-01,1.730585e+00,4.109139e-01,-2.901646e-01,-2.798995e-01,-1.595259e-02,-4.550425e-01,5.940143e-01,-5.328467e-01,1.247846e+00,-1.568868e+00,2.824725e-01,2.221646e-02,-7.022785e-02,-4.711226e-02,3.500982e-02,2.093143e-02,-1.037519e-01,-1.636733e-01,-6.913900e-02,-1.643765e-03,9.069944e-03,4.690844e-03,1.282887e-02,1.058983e-02,1.467651e-02,6.827947e-02,8.970650e-02,-3.954529e-01,-3.936511e-03,1.686298e+02,3.471248e-03,4.081654e-03,4.399590e-02,-4.935623e-01,-1.705699e-04,1.187311e-05,-2.258843e-02
786,7.860000,2.997932e-01,-2.942736e+01,4.758085e+00,2.326161e+00,-4.107405e+01,-3.819231e+01,3.192112e+00,1.309940e+01,6.763521e+00,-1.762236e+01,-3.393627e+00,2.273209e+00,1.095709e+01,-1.397962e+01,-4.878820e+00,-1.268278e+01,-3.852907e+00,-7.741206e-01,2.780503e-01,-4.678794e-01,-5.250713e+00,-4.697875e+00,-3.557313e+00,-2.766912e+00,3.990861e-01,4.971706e-01,6.680452e-01,8.517353e-01,1.451447e+00,1.734481e+00,2.197811e+00,2.701508e+00,1.692503e+02,8.356611e-01,-3.863958e-02,-7.794952e-02,-1.360259e-02,-3.380945e-01,-1.744148e-01,2.480034e+00,1.439441e-01,9.695730e-01,7.535739e-02,-8.307991e-02,9.776179e-01,1.439439e+00,-7.579889e-01,1.511483e+00,-1.843529e+00,-4.788163e-01,-3.952851e-02,-8.115835e-02,-6.684607e-02,5.350452e-02,6.708656e-02,3.048906e-02,-1.630220e-01,-6.890428e-02,-6.573090e-03,7.411563e-03,-2.448648e-03,-8.641374e-03,3.994393e-03,-7.870781e-03,3.361343e-02,2.570891e-02,-4.003525e-01,-1.526669e-02,1.679034e+02,3.948943e-03,3.059980e-03,2.100945e-02,-1.164076e+01,-3.340093e-04,-5.048341e-04,-1.631587e-02
787,7.870000,2.420079e-01,-2.913527e+01,4.722025e+00,1.498267e+00,-4.122806e+01,-3.430497e+01,3.151489e+00,1.566738e+01,6.833275e+00,-1.651277e+01,5.043289e-01,3.803793e+00,9.894703e+00,-1.131850e+01,-6.930133e+00,-1.310376e+01,-3.915090e+00,-8.115366e-01,2.383160e-01,-3.769813e-01,-5.054638e+00,-4.542802e+00,-3.761053e+00,-2.858096e+00,3.745686e-01,4.963427e-01,6.487721e-01,7.907868e-01,1.433212e+00,1.664302e+00,2.148712e+00,2.684647e+00,1.687996e+02,8.246077e-01,-1.042438e-02,-1.675045e-01,-5.337315e-01,-2.974397e-01,1.198181e+00,2.639169e+00,-4.948913e-01,2.102498e+00,-1.530060e-01,2.690137e-01,1.800399e+00,9.822235e-01,-3.026611e-01,1.751569e+00,-1.374590e+00,-1.215074e+00,-1.001415e-01,-1.594141e-01,-1.578632e-01,-4.983747e-02,5.733071e-02,1.550420e-01,-7.814507e-02,-6.597264e-02,-8.299691e-03,7.361096e-03,-2.683484e-03,-3.336597e-03,7.856155e-03,-1.585190e-02,-6.150842e-03,-3.478050e-02,-3.373856e-01,-2.967433e-02,1.674474e+02,3.929998e-03,2.770881e-03,1.366500e-02,-2.821275e+01,-6.663151e-04,-8.211193e-04,-9.753445e-03
788,7.880000,2.034644e-01,-2.898414e+01,3.659492e+00,1.283918e+00,-3.850886e+01,-3.199235e+01,2.569298e+00,1.965579e+01,7.108282e+00,-1.560038e+01,1.677490e+00,4.715912e+00,1.009635e+01,-9.945526e+00,-7.127342e+00,-1.510782e+01,-4.032935e+00,-1.015998e+00,9.129383e-02,-4.502243e-01,-4.983928e+00,-4.233410e+00,-3.620476e+00,-2.871386e+00,3.710043e-01,4.997966e-01,6.448241e-01,7.832351e-01,1.381684e+00,1.653334e+00,2.036779e+00,2.394349e+00,1.685038e+02,7.726787e-01,1.639081e-02,-7.101372e-01,-1.247167e+00,2.055171e-01,2.786793e+00,1.907454e+00,-1.311671e+00,1.737178e+00,-5.785106e-01,6.127283e-01,1.554523e+00,2.667602e-01,8.119583e-02,1.163341e+00,6.520118e-01,-1.412414e+00,-1.761628e-01,-3.020275e-01,-3.379747e-01,-3.018495e-01,-4.673667e-02,1.700228e-01,2.146928e-02,-6.805761e-02,-4.798198e-03,3.408802e-03,-4.341060e-03,8.425909e-03,6.065905e-03,-2.336522e-02,-5.111020e-02,-9.278610e-02,-2.143448e-01,-4.242305e-02,1.114879e+02,2.114144e-03,1.506048e-03,5.733400e-03,-4.474804e+01,-1.077081e-03,-8.137819e-04,-5.281721e-03
789,7.890000,3.570757e-01,-3.021670e+01,2.406600e+00,1.752473e+00,-3.502246e+01,-3.006052e+01,2.567930e-01,2.169192e+01,5.635185e+00,-1.644417e+01,2.756434e+00,4.052609e+00,1.096409e+01,-8.896858e+00,-5.970056e+00,-1.672872e+01,-4.222849e+00,-1.427628e+00,-3.596865e-01,-8.518969e-01,-5.130247e+00,-4.066711e+00,-3.640786e+00,-2.995541e+00,3.685443e-01,5.153163e-01,6.497739e-01,8.348088e-01,1.442800e+00,1.637960e+00,2.032378e+00,2.394647e+00,1.683855e+02,7.243212e-01,2.293084e-02,-1.415315e+00,-2.076255e+00,5.371739e-01,3.588624e+00,1.080929e+00,-2.233389e+00,-9.125684e-01,-8.071651e-01,8.910359e-01,6.545992e-01,-7.116266e-01,3.518444e-01,1.432076e+00,2.291752e+00,-1.361702e+00,-2.557805e-01,-4.348540e-01,-5.258201e-01,-5.614122e-01,-1.187767e-01,9.999275e-02,5.619221e-02,-4.010928e-02,9.600103e-04,4.335794e-03,2.160537e-03,4.680231e-02,3.756433e-02,-3.608489e-03,-1.286910e-02,-4.667020e-03,-9.462738e-02,-4.281500e-02,5.577382e+01,1.057072e-03,7.530238e-04,2.866700e-03,-4.463828e+01,-9.974141e-04,-7.047810e-04,-3.306340e-03
790,7.900000,3.242133e-01,-3.243734e+01,-3.200397e-01,3.226644e+00,-3.024289e+01,-3.077726e+01,-1.918896e+00,1.877302e+01,4.470013e+00,-1.459302e+01,3.252937e+00,3.482601e+00,1.082837e+01,-9.373731e+00,-2.098800e+00,-1.793237e+01,-4.579842e+00,-1.976213e+00,-1.112822e+00,-1.739669e+00,-5.446592e+00,-4.085807e+00,-3.510100e+00,-3.038477e+00,3.781073e-01,5.047278e-01,6.458390e-01,8.718538e-01,1.476982e+00,1.630825e+00,2.000427e+00,2.382578e+00,1.683855e+02,6.736891e-01,-2.077353e-02,-1.901289e+00,-3.026757e+00,3.521413e-01,3.630695e+00,1.067345e+00,-2.707038e+00,-3.798744e+00,-4.320855e-01,2.104072e+00,-1.001319e-01,-1.712022e+00,-2.687930e-01,1.583718e+00,3.174315e+00,-8.415707e-01,-3.787154e-01,-5.407947e-01,-6.704401e-01,-7.808400e-01,-7.807155e-02,5.841303e-03,5.526914e-02,7.751465e-04,3.334489e-03,1.121026e-03,1.158701e-02,6.489044e-02,4.007737e-02,-4.299534e-03,-1.553342e-02,7.694414e-02,-2.364807e-02,-3.038701e-02,0,0,0,0,-2.787497e+01,-5.285360e-04,-3.765119e-04,-1.433350e-03
791,7.910000,2.962877e-01,-3.448524e+01,-3.669485e+00,3.212773e+00,-2.741792e+01,-2.950787e+01,-5.771358e+00,1.154592e+01,4.116583e+00,-1.256127e+01,2.989601e+00,8.623152e-01,1.128792e+01,-4.444018e+00,2.014355e+00,-1.850000e+01,-4.920539e+00,-2.505699e+00,-1.788727e+00,-2.539320e+00,-5.417190e+00,-4.116640e+00,-3.535280e+00,-2.975097e+00,3.758172e-01,5.155560e-01,6.590673e-01,9.804890e-01,1.573385e+00,1.657514e+00,2.102543e+00,2.667197e+00,1.683855e+02,6.600274e-01,-6.826274e-02,-1.811831e+00,-3.346155e+00,-1.850628e-01,3.555746e+00,1.543477e+00,-1.838336e+00,-5.357784e+00,8.801659e-01,2.805709e+00,-9.902851e-01,-2.891932e+00,-9.979280e-01,1.963955e+00,3.926453e+00,3.614468e-01,-4.051562e-01,-5.972982e-01,-6.275495e-01,-7.959408e-01,4.288740e-02,-3.886714e-02,8.071065e-02,7.371950e-02,1.385775e-03,-1.300359e-03,1.828022e-02,6.344795e-02,5.069840e-03,-8.500254e-03,-5.907298e-02,2.959337e-02,0,-1.711761e-02,0,0,0,0,-1.115476e+01,-2.114144e-04,-1.506048e-04,-5.733400e-04
792,7.920000,1.299908e-01,-3.635631e+01,-8.436252e+00,2.314474e+00,-2.415765e+01,-2.693195e+01,-7.951818e+00,5.735065e+00,5.707155e+00,-7.021469e+00,1.060247e+00,-2.249049e+00,8.590474e+00,-4.253357e+00,4.752027e+00,-1.843004e+01,-5.577667e+00,-3.180935e+00,-2.546386e+00,-3.510713e+00,-5.230814e+00,-4.179239e+00,-3.396884e+00,-2.877732e+00,3.840403e-01,5.052819e-01,6.981124e-01,1.034847e+00,1.516778e+00,1.622060e+00,1.924030e+00,2.642795e+00,1.683855e+02,6.528905e-01,-5.758567e-02,-1.488591e+00,-2.886763e+00,-2.051567e-01,3.121986e+00,2.129456e+00,-2.855602e-01,-4.210894e+00,1.872070e+00,2.805410e+00,-1.395560e+00,-4.154489e+00,-2.451458e+00,1.268709e+00,3.167953e+00,1.176801e+00,-3.528131e-01,-5.994712e-01,-4.741186e-01,-7.046012e-01,9.263034e-02,-7.232990e-02,5.260367e-02,9.284830e-02,2.363026e-03,-3.173828e-04,2.614967e-02,6.103513e-02,-2.307692e-02,-9.362221e-03,-6.359380e-02,-1.639736e-02,0,-6.569171e-03,0,0,0,0,0,0,0,0
793,7.930000,1.128733e-01,-3.731636e+01,-1.026607e+01,1.283244e+00,-2.028635e+01,-2.426579e+01,-5.918425e+00,1.421975e+00,9.417443e+00,-6.201399e+00,-1.098647e+00,-7.541227e+00,7.093398e+00,-1.637272e+00,1.023679e+01,-1.467265e+01,-5.749718e+00,-3.811757e+00,-2.780652e+00,-3.946079e+00,-5.023699e+00,-4.214331e+00,-3.293841e+00,-2.707316e+00,3.725066e-01,5.085375e-01,7.150383e-01,1.070552e+00,1.448251e+00,1.599842e+00,1.775212e+00,2.412505e+00,1.683855e+02,6.491324e-01,-2.819925e-02,-1.034803e+00,-1.753079e+00,2.616149e-01,2.446997e+00,1.715768e+00,1.649102e+00,-1.707260e+00,1.507266e+00,1.322310e+00,-1.342049e+00,-3.461557e+00,-3.574228e+00,2.590936e-01,2.771830e+00,1.653741e+00,-2.044012e-01,-5.190128e-01,-2.765797e-01,-4.830119e-01,1.395407e-02,-8.077731e-02,4.313378e-02,7.322476e-02,4.416260e-03,6.372809e-04,2.148736e-02,4.894967e-02,-2.900428e-02,-4.145277e-03,-2.484632e-02,-6.447337e-02,0,-5.366880e-03,0,0,0,0,0,0,0,0
794,7.940000,1.279922e-01,-3.846473e+01,-1.145557e+01,3.165625e+00,-1.819875e+01,-2.275102e+01,-3.273164e+00,2.780523e+00,1.117993e+01,-3.745901e+00,-1.680738e+00,-1.308807e+01,6.683397e-01,-4.433557e+00,9.629746e+00,-1.396204e+01,-5.929318e+00,-4.320540e+00,-2.987453e+00,-4.559295e+00,-5.180186e+00,-4.398612e+00,-3.367801e+00,-2.708126e+00,3.915777e-01,5.066501e-01,7.486019e-01,1.131998e+00,1.424164e+00,1.612850e+00,1.846124e+00,2.427937e+00,1.683855e+02,6.462908e-01,1.419382e-02,-5.204422e-01,-6.903446e-01,3.899067e-01,1.011413e+00,7.479447e-01,1.888049e+00,-1.202744e-01,-6.392050e-01,-1.455324e+00,-9.013392e-01,-2.060051e+00,-2.947250e+00,2.933643e-01,2.033472e+00,1.467774e+00,-1.728697e-02,-3.269054e-01,-1.125712e-01,-1.919646e-01,-5.736809e-02,-3.814054e-02,-6.324434e-03,2.940636e-02,7.290879e-03,7.513362e-03,1.359850e-02,3.882391e-02,-4.727817e-03,9.279537e-03,4.405195e-02,-1.849215e-02,0,-4.057765e-03,0,0,0,0,0,0,0,0
795,7.950000,1.562907e-01,-3.860505e+01,-1.092523e+01,4.095273e+00,-1.816239e+01,-2.301950e+01,1.348232e-01,4.486887e+00,8.916527e+00,-7.587505e+00,-2.350153e+00,-1.102596e+01,-2.622156e+00,-3.058451e+00,1.343465e+01,-1.246529e+01,-5.766720e+00,-4.530961e+00,-2.951092e+00,-4.430089e+00,-5.372734e+00,-4.410841e+00,-3.334153e+00,-2.693776e+00,3.941298e-01,5.180583e-01,7.412594e-01,1.176662e+00,1.474670e+00,1.641392e+00,2.017264e+00,2.452259e+00,1.683855e+02,6.364929e-01,1.490485e-02,-2.079380e-01,-5.043749e-01,5.651376e-02,1.460442e-01,-6.262589e-02,1.259247e+00,1.795294e-01,-2.579518e+00,-3.728853e+00,-8.324498e-01,1.504702e-01,-9.902697e-01,-7.819141e-01,1.080731e+00,9.501845e-01,3.800707e-02,-1.821154e-01,-1.276265e-01,5.601311e-03,-8.836307e-02,1.867428e-02,2.224610e-02,1.878438e-02,2.875063e-03,9.655369e-03,1.665968e-03,1.629068e-02,9.402752e-04,3.831005e-03,3.195142e-02,-2.576904e-02,0,-9.655535e-04,0,0,0,0,0,0,0,0
796,7.960000,1.792511e-01,-3.831418e+01,-1.155840e+01,2.857993e+00,-2.016256e+01,-2.381538e+01,-1.538196e+00,3.601237e+00,2.761588e+00,-1.360503e+01,-2.820696e+00,-1.080694e+01,-1.288001e+00,-2.075947e+00,1.332046e+01,-1.219485e+01,-5.655601e+00,-4.455860e+00,-3.024022e+00,-4.228531e+00,-5.343137e+00,-4.271687e+00,-3.408350e+00,-2.737470e+00,4.096831e-01,5.380883e-01,7.529944e-01,1.175912e+00,1.479930e+00,1.647682e+00,2.023263e+00,2.530457e+00,1.683855e+02,6.389214e-01,-2.320528e-04,-7.643127e-02,-5.423405e-01,-7.957656e-01,-1.436735e-01,-2.727165e-02,8.606461e-01,8.127522e-02,-2.233536e+00,-4.238847e+00,-7.540008e-01,1.127775e+00,1.179473e+00,-7.284912e-01,-1.850033e-03,5.919094e-01,4.558182e-03,-1.182377e-01,-1.333034e-01,1.479417e-01,-3.729215e-02,7.282157e-02,3.204889e-02,1.907489e-02,-4.375577e-04,1.151738e-02,-6.100357e-03,-1.206928e-02,-3.821027e-03,-8.291292e-03,-3.697117e-02,-6.281414e-02,0,2.728069e-03,0,0,0,0,0,0,0,0
797,7.970000,1.617681e-01,-3.843133e+01,-1.273653e+01,1.719628e+00,-1.857422e+01,-2.404674e+01,-4.896736e-01,1.909265e+00,7.290266e-01,-1.991610e+01,-4.690917e+00,-7.929443e+00,3.120219e+00,-6.725647e+00,1.379509e+01,-1.080532e+01,-5.696541e+00,-4.654674e+00,-3.400500e+00,-4.083455e+00,-5.384038e+00,-4.184422e+00,-3.162336e+00,-2.598722e+00,3.778292e-01,5.410953e-01,7.211719e-01,1.130048e+00,1.425070e+00,1.601581e+00,1.846399e+00,2.232400e+00,1.683855e+02,6.479893e-01,-1.685476e-02,-3.120026e-01,-6.618816e-01,-7.235814e-01,1.611246e-01,3.503202e-01,6.245491e-01,6.444822e-02,-6.798081e-01,-1.891535e+00,-9.152796e-01,9.930741e-01,1.778973e+00,-1.852004e+00,-1.740051e+00,-2.742114e-01,-1.095953e-01,-1.249512e-01,-1.783259e-01,6.235311e-02,-3.487201e-02,1.495523e-02,3.224275e-02,-9.958267e-04,5.768508e-04,6.763124e-03,-6.819499e-03,-2.691999e-02,-1.209705e-02,-1.766683e-02,-8.261217e-02,-4.982543e-02,0,6.210023e-03,0,0,0,0,0,0,0,0
798,7.980000,1.240932e-01,-3.893375e+01,-1.326162e+01,3.746188e-01,-1.871120e+01,-2.237376e+01,1.342315e+00,4.475710e+00,4.106000e+00,-1.877584e+01,-4.280360e+00,-8.997455e+00,3.694518e+00,-6.242414e+00,9.440272e+00,-1.183247e+01,-5.941617e+00,-4.849872e+00,-3.429266e+00,-3.992903e+00,-5.360994e+00,-4.147713e+00,-3.293465e+00,-2.660279e+00,3.975402e-01,5.527186e-01,7.281439e-01,1.094958e+00,1.429860e+00,1.591300e+00,1.746701e+00,2.223796e+00,1.683855e+02,6.541829e-01,-2.791903e-02,-4.492462e-01,-8.620147e-02,-2.899297e-01,4.830696e-01,8.119656e-01,5.196342e-01,3.279174e-01,3.853940e-01,1.535037e+00,-2.360121e-01,1.784851e+00,7.201039e-01,-1.193370e+00,-1.719259e+00,-3.957315e-01,-1.414404e-01,-7.947941e-02,-1.468038e-01,-2.729921e-02,-4.235601e-02,-4.383058e-02,-4.480696e-03,-7.379551e-02,2.881265e-03,-4.667401e-04,-3.334939e-03,-3.145828e-02,-9.144115e-03,-1.257057e-02,-6.808750e-02,-2.700550e-02,0,4.170573e-03,0,0,0,0,0,0,0,0
799,7.990000,9.959588e-02,-3.985527e+01,-1.338302e+01,1.719053e+00,-1.808245e+01,-2.198871e+01,1.817313e+00,4.371891e+00,4.845280e+00,-1.445978e+01,-6.196719e+00,-6.965328e+00,3.781449e+00,-1.023524e+01,6.674484e+00,-1.401754e+01,-6.171689e+00,-4.958711e+00,-3.640100e+00,-4.236137e+00,-5.538166e+00,-4.398051e+00,-3.230382e+00,-2.737351e+00,4.030855e-01,5.445588e-01,7.195871e-01,1.082539e+00,1.439220e+00,1.581250e+00,1.742485e+00,2.356462e+00,1.683855e+02,6.599123e-01,-2.047566e-02,-1.661892e-01,4.959543e-01,3.649347e-01,2.090332e-01,7.028126e-01,1.190920e-01,-2.963883e-01,-4.316911e-01,3.342660e+00,1.314998e+00,2.589274e+00,2.335565e-01,-5.908951e-01,-1.167900e+00,-2.521146e-01,-5.821848e-02,7.950644e-02,-6.975138e-02,-3.925598e-02,-2.196045e-02,-8.047895e-02,-1.469579e-02,-8.621041e-02,-4.975498e-05,-6.284446e-03,-3.243148e-04,-3.503788e-02,-1.017307e-02,-3.484619e-03,-4.200108e-02,2.563229e-02,0,-1.296288e-03,0,0,0,0,0,0,0,0
800,8.000000,7.074210e-02,-3.984844e+01,-1.166616e+01,1.408633e+00,-1.799310e+01,-2.078457e+01,-9.351826e-02,4.009511e+00,2.630432e+00,-8.658011e+00,-3.247855e+00,-2.364742e+00,1.981904e+00,-6.288003e+00,8.284470e+00,-1.256740e+01,-6.125229e+00,-4.701239e+00,-3.638241e+00,-4.288686e+00,-5.477854e+00,-4.384025e+00,-3.396731e+00,-3.037133e+00,4.114613e-01,5.340228e-01,7.371120e-01,1.042375e+00,1.427134e+00,1.594995e+00,1.734783e+00,2.333398e+00,1.683855e+02,6.538128e-01,-7.568216e-03,1.045474e+00,1.236656e+00,-1.714264e-01,-1.791486e+00,4.064751e-01,4.282284e-01,-4.148088e-01,-1.116003e+00,2.980246e+00,3.221190e+00,5.085678e+00,1.326404e+00,1.566772e-01,-8.007366e-01,6.004785e-01,1.054441e-01,3.971727e-01,2.061750e-01,3.141831e-01,1.468405e-01,-1.634846e-02,1.683314e-02,1.269016e-02,-6.543657e-03,-7.169235e-03,-2.151227e-03,-4.330661e-02,-1.140344e-02,5.790448e-03,6.233835e-03,1.905620e-02,0,-7.681751e-03,0,0,0,0,0,0,0,0
801,8.010000,8.606533e-02,-3.880493e+01,-1.105449e+01,3.027295e+00,-1.788811e+01,-2.132728e+01,8.237028e-01,6.604232e-01,-6.916447e-01,-8.261714e+00,1.367822e+00,1.700572e+00,5.144309e+00,-9.657329e+00,8.533498e+00,-1.169843e+01,-5.895827e+00,-4.331459e+00,-3.644769e+00,-4.131843e+00,-5.435411e+00,-4.468660e+00,-3.184182e+00,-2.841347e+00,3.706199e-01,5.190209e-01,7.150663e-01,9.811506e-01,1.375567e+00,1.582310e+00,1.642353e+00,2.305761e+00,1.683855e+02,6.416929e-01,1.362722e-03,2.533987e+00,1.735995e+00,-1.559906e+00,-4.872496e+00,2.536518e-01,1.749175e+00,5.820981e-01,-5.953033e-01,1.201621e+00,5.120051e+00,6.378349e+00,3.596725e+00,1.623112e+00,-1.896967e+00,9.447632e-01,2.262290e-01,6.976051e-01,6.294340e-01,8.760956e-01,3.848162e-01,9.323563e-02,2.732260e-02,1.763214e-01,-7.605457e-03,6.516516e-04,-4.613763e-03,-5.668874e-02,-1.334689e-02,1.186292e-02,3.221617e-02,4.850447e-02,0,-8.011592e-03,0,0,0,0,0,0,0,0
802,8.020000,9.301743e-02,-3.423155e+01,-8.242603e+00,-1.136634e+00,-2.776580e+01,-2.067210e+01,3.980262e+00,4.257401e+00,1.294448e+00,-6.973641e+00,8.043320e+00,1.209799e+01,9.645110e+00,-5.747983e+00,4.507082e+00,-9.989632e+00,-5.552327e+00,-3.177635e+00,-2.396056e+00,-2.474135e+00,-4.678169e+00,-4.194151e+00,-3.232399e+00,-2.544830e+00,3.810547e-01,5.296413e-01,7.196482e-01,9.291194e-01,1.404669e+00,1.619722e+00,1.827936e+00,2.344428e+00,1.683855e+02,6.248838e-01,1.386147e-02,3.438289e+00,1.657447e+00,-3.061419e+00,-6.255110e+00,1.182681e+00,2.391411e+00,1.626549e+00,2.240790e-01,-4.232874e-01,3.943580e+00,5.517627e+00,4.145752e+00,1.813804e+00,-2.778756e+00,7.456988e-01,2.728752e-01,7.312903e-01,8.752344e-01,1.201169e+00,6.049128e-01,2.248200e-01,4.925406e-02,2.703670e-01,2.783903e-03,1.409087e-02,-5.449909e-03,-4.846159e-02,-9.153759e-03,9.061133e-03,4.869433e-02,7.816915e-02,1.286609e+00,7.356972e-03,0,0,0,0,1.637214e+01,0,0,2.232640e-02
803,8.030000,9.527183e-02,-2.999378e+01,-6.414824e+00,-4.807846e+00,-3.755858e+01,-2.077668e+01,8.526299e+00,7.158437e+00,2.536756e+00,-9.293855e+00,1.375795e+01,1.769506e+01,1.793347e+01,-2.389686e+00,-9.216568e-01,-1.058260e+01,-5.326995e+00,-2.232487e+00,-1.114023e+00,-7.629347e-01,-4.013927e+00,-4.026810e+00,-3.175935e+00,-2.101896e+00,3.802615e-01,5.500078e-01,7.052503e-01,8.557229e-01,1.383718e+00,1.628201e+00,1.856989e+00,2.593470e+00,1.683855e+02,6.343188e-01,3.304617e-02,3.116558e+00,1.758538e+00,-3.100087e+00,-4.347082e+00,1.766091e+00,8.771750e-01,1.875822e+00,8.427618e-01,-1.114306e+00,9.846717e-01,1.970019e+00,2.322397e+00,1.255296e+00,-2.849500e+00,2.661933e-01,3.277592e-01,5.719922e-01,7.899229e-01,1.001014e+00,6.029519e-01,3.020138e-01,1.652854e-02,1.676875e-01,1.108376e-02,2.375519e-02,-1.078737e-03,-1.495420e-02,-7.327664e-03,3.507626e-03,3.749325e-02,7.650945e-02,4.151315e+00,3.308870e-02,0,0,0,0,4.080970e+01,0,0,5.581599e-02
804,8.040000,1.354462e-01,-2.706257e+01,-5.698751e+00,-9.980892e+00,-3.943341e+01,-1.514646e+01,8.012240e+00,8.893247e+00,2.136626e+00,-1.025838e+01,1.027498e+01,1.722615e+01,1.631608e+01,-8.528045e-01,-8.817335e-01,-9.396819e+00,-5.045269e+00,-2.094273e+00,-5.274425e-01,3.270360e-02,-3.164032e+00,-3.480850e+00,-3.154584e+00,-2.055024e+00,4.205600e-01,5.889837e-01,7.147705e-01,8.627811e-01,1.377290e+00,1.617355e+00,1.870937e+00,2.580389e+00,1.748186e+02,6.942847e-01,4.699331e-02,2.495314e+00,2.449954e+00,-1.175754e+00,-1.330862e+00,1.104042e+00,-1.024638e+00,1.091783e+00,6.571656e-01,-8.339229e-01,-1.884652e+00,-3.045612e+00,-8.153889e-01,-1.044377e+00,-2.216908e+00,-7.183237e-02,5.453981e-01,4.868449e-01,5.994105e-01,5.468601e-01,4.484356e-01,2.465534e-01,2.859225e-02,4.763966e-02,6.906480e-03,1.518784e-02,-3.559357e-03,1.222694e-02,-9.755957e-03,-2.211356e-03,2.216968e-02,5.525463e-02,8.140300e+00,5.584303e-02,8.186067e+01,0,0,1.116320e-01,6.501007e+01,3.126827e-03,3.822192e-03,9.023072e-02
805,8.050000,2.300818e-01,-2.680663e+01,-3.533723e+00,-8.051008e+00,-3.378971e+01,-1.525964e+01,3.193588e+00,7.721611e+00,3.101075e+00,-1.219088e+01,5.175351e+00,8.986585e+00,1.342081e+01,-5.828440e+00,-3.019596e+00,-1.066387e+01,-4.510560e+00,-2.013179e+00,-6.294615e-01,-3.801912e-01,-3.177720e+00,-3.315242e+00,-3.140447e+00,-2.247813e+00,4.062860e-01,6.081257e-01,7.121114e-01,9.395488e-01,1.352619e+00,1.601031e+00,1.808318e+00,2.570327e+00,1.859256e+02,7.724360e-01,6.498985e-02,2.679273e+00,4.195370e+00,6.729132e-01,-1.219518e+00,-1.144597e+00,-3.075138e+00,1.183805e+00,1.150765e+00,9.106219e-01,-2.452767e+00,-5.425030e+00,-2.030319e+00,-2.021732e+00,-2.165137e+00,5.633360e-01,8.887445e-01,8.177935e-01,7.317495e-01,3.897726e-01,3.389157e-01,1.566116e-01,1.673224e-02,-3.330102e-02,-4.722148e-03,-7.568968e-03,-1.158996e-02,1.972395e-02,-1.206652e-02,1.403272e-02,6.801282e-02,2.287078e-02,1.096196e+01,5.886345e-02,1.631182e+02,0,0,2.232640e-01,6.432976e+01,5.741769e-03,5.867502e-03,7.315518e-02
806,8.060000,2.605790e-01,-2.334855e+01,2.566616e+00,-5.393822e+00,-3.630455e+01,-1.791041e+01,1.523428e+00,9.434730e+00,4.298116e+00,-9.694745e+00,2.911362e+00,1.224163e+00,7.824499e+00,-9.250491e+00,-5.528487e+00,-1.030816e+01,-3.233554e+00,-8.530647e-01,3.587159e-01,6.879374e-02,-2.854095e+00,-3.317168e+00,-3.107182e+00,-2.233674e+00,4.025749e-01,5.765216e-01,6.984208e-01,9.483412e-01,1.371439e+00,1.622250e+00,1.963120e+00,2.632272e+00,2.003170e+02,8.350404e-01,1.387177e-01,3.405728e+00,5.333246e+00,1.587420e+00,-3.836313e+00,-2.930731e+00,-3.065211e+00,2.611791e+00,4.815023e-01,2.507636e+00,-3.730723e-01,-4.328349e+00,-1.225922e+00,-1.196808e+00,-2.251247e+00,1.156468e+00,1.107525e+00,1.218197e+00,1.039149e+00,6.140029e-01,3.174252e-01,6.880150e-02,4.469676e-02,2.840781e-03,-1.570449e-02,-3.245107e-02,-2.390076e-02,-1.966465e-02,-2.369621e-02,1.889407e-02,9.094330e-02,2.940609e-02,1.094267e+01,4.066107e-02,2.434913e+02,1.563413e-02,1.911096e-02,3.395216e-01,3.894904e+01,6.299428e-03,6.954747e-03,9.275123e-03
807,8.070000,3.576547e-01,-1.845443e+01,1.042934e+01,-3.736815e+00,-4.522060e+01,-2.511769e+01,-3.604982e+00,1.280672e+01,7.209836e+00,-5.022562e+00,5.175924e+00,-1.429098e+00,1.202767e+01,-8.299500e+00,-9.423963e+00,-7.310255e+00,-1.789130e+00,1.235876e+00,2.101646e+00,1.167883e+00,-2.474317e+00,-3.325593e+00,-3.115975e+00,-2.179076e+00,3.656434e-01,5.183940e-01,6.554753e-01,9.115626e-01,1.326311e+00,1.695917e+00,2.150962e+00,2.681882e+00,2.104461e+02,8.582582e-01,2.232454e-01,3.563999e+00,4.651775e+00,6.454387e-01,-5.573098e+00,-1.856465e+00,-2.653557e+00,3.389194e+00,-9.297331e-01,2.973390e+00,1.877203e-01,-9.477617e-01,8.772803e-03,4.242696e-01,-1.529780e+00,1.969065e+00,1.007884e+00,1.206551e+00,1.081777e+00,8.074052e-01,3.844570e-01,9.354556e-02,4.784889e-02,1.800358e-02,-1.134992e-02,-3.623021e-02,-2.358778e-02,-4.920309e-02,-2.283732e-02,2.180032e-02,9.315300e-02,2.593515e-02,8.867043e+00,1.657782e-02,2.408335e+02,2.089178e-02,1.978203e-02,2.518311e-01,1.386585e+01,3.317086e-03,3.392394e-03,-4.666246e-02
808,8.080000,7.652483e-01,-1.421003e+01,1.398595e+01,-4.200888e+00,-5.289953e+01,-2.487109e+01,-3.914528e+00,1.940965e+01,2.489757e+00,-1.304353e+00,8.409331e+00,7.922475e-01,1.088304e+01,-5.601316e+00,-8.935788e+00,-5.291290e+00,-8.683577e-01,2.372183e+00,3.302749e+00,2.328681e+00,-1.928607e+00,-3.131667e+00,-2.943336e+00,-2.075188e+00,3.623589e-01,4.715942e-01,6.235847e-01,7.784510e-01,1.271962e+00,1.664383e+00,2.154331e+00,2.671642e+00,2.172717e+02,8.546789e-01,2.202590e-01,2.356370e+00,2.356759e+00,1.397461e-01,-3.377412e+00,8.444042e-01,-2.308800e+00,2.055544e+00,-2.315586e+00,1.321624e+00,-9.798277e-01,2.025529e+00,7.783378e-01,1.190493e+00,-1.579111e-01,1.131634e+00,6.337879e-01,6.788390e-01,5.846728e-01,5.635544e-01,2.987807e-01,1.417576e-01,3.431420e-02,-6.335664e-03,-1.032577e-02,-2.310138e-02,-1.424525e-02,-5.356222e-02,-2.101787e-02,-8.268619e-03,2.288456e-02,6.480455e-03,6.062219e+00,-7.581770e-04,2.377482e+02,2.105125e-02,2.488272e-02,1.437240e-01,-2.352255e+00,-5.284590e-04,-1.635842e-03,-5.107908e-02
809,8.090000,1.093974e+00,-1.355590e+01,1.401549e+01,-5.420282e+00,-5.335771e+01,-2.106163e+01,-7.355220e+00,1.968012e+01,-6.434110e-01,-1.519120e+00,3.364968e+00,4.463734e+00,1.193540e+01,-5.531680e+00,-8.964845e+00,-3.326983e+00,-6.537368e-01,2.406951e+00,3.307405e+00,2.526891e+00,-1.718179e+00,-2.940264e+00,-2.983125e+00,-2.237037e+00,3.696444e-01,4.794383e-01,6.315905e-01,7.784784e-01,1.288170e+00,1.688966e+00,2.178478e+00,2.680318e+00,2.217835e+02,8.455058e-01,4.599608e-02,6.554500e-01,1.666365e-02,5.046924e-01,9.006981e-01,3.847450e+00,-1.462782e+00,-1.004056e+00,-2.885318e+00,-1.413592e+00,-2.494060e+00,3.174467e+00,2.751226e-01,1.845349e-01,1.256564e+00,-6.698155e-01,2.621213e-01,4.363584e-03,-1.312719e-01,7.421768e-02,1.347342e-01,1.495123e-01,5.136895e-03,-7.781553e-03,-1.171017e-02,-5.930638e-03,1.809055e-03,-2.767277e-02,5.392003e-03,-2.622014e-02,-2.188716e-02,-1.888561e-03,4.180771e+00,-5.294055e-03,2.353190e+02,1.387687e-02,1.407609e-02,8.785047e-02,-1.463596e+00,-9.162271e-04,-2.192125e-03,-1.308605e-02
810,8.100000,9.937141e-01,-1.401597e+01,1.255734e+01,-3.853358e+00,-4.912306e+01,-1.571642e+01,-8.145453e+00,1.627575e+01,-3.353188e+00,-4.838344e+00,-1.082299e+00,8.405395e+00,1.176232e+01,-4.681936e+00,-6.547601e+00,-6.641622e+00,-6.323112e-01,1.955593e+00,2.679200e+00,2.207062e+00,-1.738260e+00,-2.801045e+00,-3.002035e+00,-2.236371e+00,3.489455e-01,4.804925e-01,6.391370e-01,7.470722e-01,1.285420e+00,1.584382e+00,2.063784e+00,2.665457e+00,2.249594e+02,8.376257e-01,-1.347788e-01,-7.138508e-01,-1.133327e+00,1.689212e+00,4.364547e+00,4.560725e+00,-1.204815e+00,-4.430314e+00,-3.053579e+00,-3.161259e+00,-2.810263e+00,2.139349e+00,1.037763e+00,-4.337544e-01,1.201752e+00,-3.219575e+00,8.090763e-02,-3.315141e-01,-6.540999e-01,-3.720640e-01,-3.933458e-02,5.975366e-02,-2.090361e-02,2.587843e-03,-2.300286e-02,1.497847e-03,1.126239e-02,8.890569e-03,2.620659e-02,-2.264357e-02,-2.168546e-02,3.539085e-04,3.058640e+00,-2.497304e-03,2.344873e+02,1.649929e-02,1.378472e-02,1.661165e-01,-3.077423e-01,-1.291085e-03,-3.358906e-03,7.162046e-03
811,8.110000,4.734022e-01,-1.527421e+01,1.122696e+01,-1.387118e+00,-4.260535e+01,-1.045778e+01,-8.803428e+00,9.353389e+00,-4.295281e+00,-1.032353e+01,-2.548559e+00,1.063666e+01,1.296364e+01,-7.836516e+00,-4.335233e+00,-9.984166e+00,-5.965465e-01,1.465989e+00,1.757060e+00,1.599781e+00,-1.895820e+00,-2.743343e+00,-3.060941e+00,-2.137392e+00,3.137992e-01,4.842916e-01,6.567445e-01,7.888882e-01,1.346542e+00,1.604817e+00,2.086799e+00,2.675532e+00,2.275061e+02,8.403146e-01,-1.500858e-01,-1.416661e+00,-1.303028e+00,2.738925e+00,5.045130e+00,3.556769e+00,-1.286116e+00,-6.276647e+00,-4.023730e+00,-4.192519e+00,-1.667004e+00,1.955772e-01,4.802538e-01,-2.749290e-01,-5.730395e-01,-5.778110e+00,7.291070e-02,-3.275786e-01,-8.365755e-01,-5.544049e-01,-1.537779e-01,-7.845072e-02,-6.345043e-02,1.542845e-02,-2.828873e-02,-4.797417e-03,1.426739e-02,2.404540e-02,3.925912e-02,1.960981e-03,8.154774e-03,3.130555e-03,2.422630e+00,1.744944e-03,2.351460e+02,1.858662e-02,1.437040e-02,1.752046e-01,5.146057e-01,-1.703961e-03,-1.671179e-03,-1.113799e-02
812,8.120000,4.016405e-01,-1.692013e+01,9.713573e+00,2.228593e+00,-3.645298e+01,-7.369386e+00,-9.214497e+00,2.421444e+00,-1.095220e+01,-1.270845e+01,-2.685220e+00,8.402526e+00,1.555773e+01,-6.617670e+00,-5.241833e+00,-1.806057e+01,-4.924147e-01,1.185094e+00,8.074214e-01,9.319161e-01,-2.036460e+00,-2.931360e+00,-3.008947e+00,-2.112071e+00,2.752672e-01,4.766568e-01,6.673197e-01,8.176990e-01,1.373809e+00,1.593239e+00,2.091743e+00,2.675805e+00,2.297036e+02,8.447880e-01,-2.820912e-02,-1.737034e+00,-1.129878e+00,2.787563e+00,4.087658e+00,1.776444e+00,-1.805042e+00,-6.811295e+00,-4.576284e+00,-3.370993e+00,-1.157591e+00,-1.898649e+00,7.724667e-03,-9.083934e-02,-3.186203e+00,-6.863992e+00,7.760465e-02,-2.024367e-01,-7.879853e-01,-5.674350e-01,-1.810385e-01,-2.084207e-01,-1.077810e-01,-2.017827e-02,-2.156915e-02,-1.279024e-02,1.542336e-02,3.156859e-02,3.666348e-02,3.418852e-02,4.497223e-02,6.880260e-03,1.992303e+00,3.321165e-03,2.362960e+02,1.224095e-02,7.941029e-03,1.358572e-01,7.013184e-01,-2.873480e-03,-2.536382e-03,-3.335311e-02
813,8.130000,6.395819e-01,-1.918712e+01,8.922234e+00,5.233371e+00,-3.446710e+01,-7.451302e+00,-1.325128e+01,-4.775959e+00,-1.696255e+01,-1.854667e+01,-4.168593e+00,5.443055e+00,1.243896e+01,-5.938457e+00,-1.248293e+01,-2.650805e+01,-3.591316e-01,1.154308e+00,6.041696e-02,3.924395e-01,-2.337969e+00,-3.267361e+00,-3.296921e+00,-2.222045e+00,2.650399e-01,4.573691e-01,6.888361e-01,8.633921e-01,1.440271e+00,1.694343e+00,2.205272e+00,2.690797e+00,2.315246e+02,8.506494e-01,6.902387e-02,-1.449072e+00,-1.121847e+00,1.559643e+00,2.893528e+00,7.335379e-01,-2.719314e+00,-6.207691e+00,-3.478470e+00,-1.483169e+00,-7.230483e-01,-2.832090e+00,-1.897076e+00,-4.248103e-01,-3.274197e+00,-5.884058e+00,3.095954e-02,-1.093413e-01,-6.128461e-01,-5.089408e-01,-6.787364e-02,-1.475003e-01,-1.027777e-01,-4.330113e-02,-9.486547e-03,-1.755220e-02,1.957764e-02,3.183640e-02,1.514657e-02,2.692061e-02,3.907125e-02,4.229593e-03,1.602638e+00,2.510512e-03,2.369876e+02,7.486239e-03,8.642037e-03,4.729017e-02,4.336395e-01,-2.780281e-03,-2.645925e-03,-2.514102e-02
814,8.140000,7.695786e-01,-2.074468e+01,8.060315e+00,6.774213e+00,-3.275389e+01,-8.337432e+00,-1.494674e+01,-1.071605e+01,-1.990097e+01,-1.758174e+01,-6.060235e+00,1.508957e+00,1.206328e+01,-6.085162e+00,-1.840477e+01,-3.269964e+01,-3.629954e-01,1.099250e+00,-4.124051e-01,-2.644225e-02,-2.422378e+00,-3.581139e+00,-3.422950e+00,-2.294936e+00,2.654794e-01,4.300026e-01,7.002079e-01,8.676631e-01,1.421873e+00,1.710562e+00,2.229409e+00,2.692226e+00,2.329117e+02,8.490642e-01,7.568866e-03,-5.976990e-01,-9.617899e-01,-5.582651e-01,2.150543e+00,1.192310e+00,-3.034715e+00,-4.960069e+00,-1.308618e+00,1.873663e+00,8.738315e-01,-2.421623e+00,-3.414956e+00,-1.509553e+00,3.419564e-01,-2.548399e+00,-3.662860e-02,-4.856127e-02,-3.733566e-01,-3.690024e-01,1.901412e-01,5.762219e-02,-2.715855e-02,-4.686020e-02,3.903449e-04,-1.804961e-02,2.692948e-02,2.954310e-02,-1.363240e-02,-4.317462e-03,-1.413786e-02,-6.102013e-03,1.228430e+00,7.665694e-04,2.370730e+02,7.682083e-03,3.966992e-03,6.330816e-02,1.058044e-01,-1.393968e-03,-1.381461e-03,-5.500748e-03
815,8.150000,6.345525e-01,-2.060729e+01,6.444357e+00,4.138285e+00,-2.998725e+01,-6.306063e+00,-1.953388e+01,-1.511632e+01,-1.721325e+01,-1.530273e+01,-4.476293e+00,-7.700244e-02,5.225484e+00,-1.022682e+01,-1.412475e+01,-3.208492e+01,-5.064585e-01,9.622045e-01,-6.972566e-01,-4.657433e-01,-2.042229e+00,-3.155954e+00,-3.367828e+00,-2.262465e+00,2.712604e-01,4.198577e-01,7.381886e-01,9.230881e-01,1.398243e+00,1.680759e+00,2.213323e+00,2.688470e+00,2.339152e+02,8.507290e-01,-6.305979e-02,3.462381e-01,-7.197565e-01,-2.048473e+00,1.730596e+00,2.117455e+00,-2.998986e+00,-3.856860e+00,-1.635637e-01,6.171789e+00,2.993781e+00,-1.973405e+00,-4.181348e+00,1.087616e-01,4.955526e+00,7.597669e-01,-5.317932e-02,3.494722e-02,-1.470384e-01,-2.341224e-01,4.878988e-01,2.434533e-01,8.509865e-02,-4.808223e-02,3.825447e-03,-1.522151e-02,3.931840e-02,3.049583e-02,-2.893217e-02,-2.369534e-02,-5.150158e-02,-1.044688e-02,9.223862e-01,3.731251e-05,2.369257e+02,6.964653e-03,3.127799e-03,8.577404e-02,4.281616e-03,-6.611351e-04,-8.856626e-04,1.079245e-02
816,8.160000,4.419996e-01,-1.919854e+01,6.143561e+00,-1.518981e-02,-2.794018e+01,-1.980454e+00,-2.124677e+01,-1.720872e+01,-1.736995e+01,-4.962101e+00,1.837788e+00,-9.455623e-01,2.089694e+00,-1.202125e+01,-2.711140e+00,-2.801414e+01,-6.018943e-01,1.038339e+00,-6.805249e-01,-4.840047e-01,-1.233624e+00,-2.698952e+00,-3.109286e+00,-2.326162e+00,2.741087e-01,4.051644e-01,7.772909e-01,9.355664e-01,1.326661e+00,1.578444e+00,2.017029e+00,2.646458e+00,2.346504e+02,8.485810e-01,-4.385421e-02,8.445116e-01,-1.667627e-01,-2.226638e+00,1.555931e+00,1.817357e+00,-3.870270e+00,-3.027456e+00,4.582575e-01,8.014720e+00,4.073079e+00,-1.623689e+00,-3.595542e+00,3.313908e+00,6.395249e+00,2.718009e+00,2.821379e-02,1.853524e-01,3.357018e-02,-1.677496e-01,5.969795e-01,3.333386e-01,1.420454e-01,-6.945126e-02,3.399146e-03,-1.607262e-02,4.690729e-02,3.400889e-02,-2.087618e-02,-1.070150e-02,-5.072048e-02,-7.813144e-03,7.173980e-01,1.206505e-03,2.368560e+02,5.531904e-03,3.790845e-03,8.911154e-02,1.024414e-01,-6.623091e-04,2.789968e-04,1.113327e-03
817,8.170000,4.880725e-01,-1.822900e+01,6.281828e+00,-1.614291e+00,-2.822097e+01,-4.251798e-02,-2.509619e+01,-2.081392e+01,-1.904589e+01,6.002457e+00,6.851298e+00,-3.196708e+00,-3.480981e+00,-2.426605e+00,4.447887e+00,-2.505197e+01,-5.055788e-01,1.359499e+00,-5.407154e-01,-5.493910e-01,-4.928517e-01,-2.491188e+00,-3.028260e+00,-2.446843e+00,2.798525e-01,3.936807e-01,8.468866e-01,9.819196e-01,1.343216e+00,1.641925e+00,2.053954e+00,2.661446e+00,2.352672e+02,8.510775e-01,5.356860e-02,6.770325e-01,1.294872e-01,-8.039817e-01,1.975438e+00,-7.223738e-01,-5.194321e+00,-1.921538e+00,6.094532e-01,6.616344e+00,3.184447e+00,-1.748471e+00,-1.989510e+00,6.421291e+00,3.299850e+00,2.729599e+00,1.447563e-01,3.112113e-01,1.142609e-01,-2.505923e-01,3.703916e-01,3.065504e-01,2.034241e-01,-6.844084e-02,2.144611e-03,-1.982183e-02,4.078480e-02,3.627924e-02,1.075054e-02,2.128121e-02,1.423955e-03,6.626678e-03,6.029617e-01,2.093256e-03,2.371176e+02,5.255653e-03,4.301798e-03,8.835074e-02,2.596588e-01,-1.366721e-04,3.725561e-04,-7.094073e-03
818,8.180000,6.235476e-01,-1.771127e+01,7.307766e+00,-1.482690e+00,-2.585737e+01,-2.382418e+00,-3.151693e+01,-2.300453e+01,-1.669337e+01,1.183927e+01,8.641364e+00,-5.049637e+00,-1.561198e+00,6.584268e+00,4.285155e+00,-2.262607e+01,-2.223663e-01,1.827364e+00,-3.228248e-01,-8.233662e-01,-2.121692e-01,-2.246829e+00,-2.882507e+00,-2.550004e+00,2.781791e-01,3.627280e-01,8.803954e-01,1.008292e+00,1.345006e+00,1.676471e+00,2.055491e+00,2.666672e+00,2.358227e+02,8.549225e-01,9.786663e-02,2.231085e-01,-3.097096e-01,7.304727e-01,3.213154e+00,-3.523035e+00,-7.920293e+00,5.035313e-01,1.344197e+00,1.471573e+00,1.500448e+00,-1.375370e+00,-9.489955e-01,6.189584e+00,-5.029384e-01,1.909565e+00,2.003078e-01,3.202576e-01,7.055426e-02,-4.588283e-01,-6.737351e-02,4.032000e-01,3.029578e-01,-3.541655e-02,2.151191e-04,-2.203236e-02,1.023309e-02,4.252468e-02,3.666491e-02,2.710794e-02,1.077516e-02,-2.339644e-02,5.402374e-01,2.522105e-03,2.374893e+02,5.225038e-03,4.774977e-03,6.758644e-02,3.520569e-01,-4.705042e-06,2.515074e-05,-9.741995e-03
819,8.190000,8.116215e-01,-1.796576e+01,6.509691e+00,8.521271e-01,-2.115146e+01,-9.716950e+00,-4.037040e+01,-2.182611e+01,-1.450427e+01,9.378310e+00,8.044152e+00,-6.767321e+00,-2.896618e+00,1.257687e+01,-1.123646e+00,-2.113096e+01,2.755922e-02,2.123748e+00,-3.048021e-01,-1.549024e+00,-7.009980e-01,-1.849264e+00,-2.464097e+00,-2.492749e+00,2.799483e-01,3.419667e-01,8.905603e-01,1.068122e+00,1.442824e+00,1.738151e+00,2.201211e+00,2.711496e+00,2.363439e+02,8.580246e-01,8.146951e-02,-2.083189e-01,-1.074260e+00,1.824281e+00,4.410034e+00,-5.324953e+00,-9.056318e+00,3.828178e+00,5.661268e-01,-3.671931e+00,1.158019e+00,-4.281529e-01,-1.046592e+00,3.026550e+00,-1.487149e+00,8.541460e-01,1.629582e-01,2.231710e-01,-5.286368e-02,-5.882167e-01,-5.104381e-01,5.232823e-01,4.428558e-01,3.098655e-03,-1.108277e-03,-1.973171e-02,-2.398419e-02,5.241279e-02,5.210518e-02,2.673554e-03,-1.212496e-02,-4.775851e-02,4.776718e-01,5.127728e-04,2.379073e+02,6.434726e-03,4.498513e-03,6.106622e-02,2.899628e-01,-2.954582e-04,-4.162618e-04,-1.105972e-02
820,8.200000,7.695583e-01,-1.821462e+01,4.481081e+00,2.403965e+00,-1.540917e+01,-1.475841e+01,-5.321113e+01,-1.418497e+01,-1.291977e+01,7.078388e-01,8.743600e+00,-6.037106e+00,-2.947465e+00,1.142493e+01,-2.440065e+00,-2.042682e+01,1.330756e-01,2.257502e+00,-4.457103e-01,-2.278330e+00,-1.466418e+00,-1.003914e+00,-1.876579e+00,-2.480292e+00,2.751364e-01,3.208596e-01,8.066195e-01,1.105089e+00,1.460182e+00,1.665871e+00,1.997276e+00,2.504451e+00,2.368132e+02,8.577180e-01,1.692634e-02,-4.944637e-01,-1.631089e+00,2.229554e+00,4.391083e+00,-5.126277e+00,-7.552939e+00,6.505488e+00,-1.452339e+00,-6.493190e+00,1.927227e+00,7.254008e-01,-1.444222e+00,2.558088e-01,-4.585929e-02,-2.491467e-01,6.030452e-02,8.044267e-02,-1.905168e-01,-5.426949e-01,-7.301674e-01,5.362396e-01,4.907550e-01,7.422447e-04,-1.686502e-03,-1.369144e-02,-4.309861e-02,5.766317e-02,5.307934e-02,-1.273993e-02,-4.494224e-02,-5.983832e-02,3.596863e-01,-2.173597e-03,2.382214e+02,4.918842e-03,3.818241e-03,5.404382e-02,5.734253e-03,-9.729005e-04,-8.476470e-04,-7.543860e-03
821,8.210000,8.224147e-01,-1.901892e+01,2.323872e+00,5.563788e+00,-1.139491e+01,-2.047929e+01,-5.953069e+01,-6.082812e+00,-1.810205e+01,-6.791485e+00,1.259028e+01,-4.843739e+00,-8.020809e+00,1.028581e+01,3.747533e-01,-2.188087e+01,1.314915e-01,2.260285e+00,-7.435911e-01,-2.762993e+00,-2.417917e+00,-4.962340e-01,-1.316945e+00,-2.466206e+00,2.758324e-01,3.159564e-01,7.638536e-01,1.195585e+00,1.546154e+00,1.660593e+00,2.022437e+00,2.503764e+00,2.371603e+02,8.522436e-01,1.200384e-03,-7.348196e-01,-1.400086e+00,2.147111e+00,3.433079e+00,-3.612827e+00,-3.230844e+00,6.506290e+00,-2.336992e+00,-6.773660e+00,2.453124e+00,1.829812e+00,-5.660378e-01,-2.122379e+00,2.552226e+00,-1.120279e+00,-5.503551e-02,-5.615316e-02,-2.751625e-01,-3.766373e-01,-6.987122e-01,3.500362e-01,3.322944e-01,-1.101780e-03,-2.097684e-03,-7.322097e-03,-2.943943e-02,5.851007e-02,3.951669e-02,-1.702436e-02,-2.625987e-02,-1.133087e-02,1.528488e-01,-4.226810e-03,2.382013e+02,3.931460e-03,2.698857e-03,3.982346e-02,-4.676758e-01,-1.251451e-03,-7.983878e-04,8.970723e-04
822,8.220000,7.027826e-01,-1.965701e+01,1.245230e+00,7.309248e+00,-8.780239e+00,-2.263264e+01,-5.970149e+01,1.651271e+00,-2.215617e+01,-1.254179e+01,1.600444e+01,-2.384424e+00,-6.220211e+00,9.008843e+00,3.306659e+00,-2.349685e+01,2.719020e-02,2.161309e+00,-1.056015e+00,-2.929856e+00,-3.004546e+00,-2.421463e-01,-1.002308e+00,-2.559564e+00,2.718045e-01,3.072760e-01,7.282557e-01,1.232876e+00,1.558737e+00,1.651551e+00,1.920167e+00,2.471346e+00,2.372129e+02,8.469450e-01,-2.625158e-02,-1.085990e+00,-7.183816e-01,2.083344e+00,1.663101e+00,-2.073712e+00,2.568962e+00,3.803823e+00,-1.280337e+00,-5.048073e+00,9.175151e-01,2.171632e+00,7.453954e-01,-3.749094e+00,3.123848e+00,-1.529780e+00,-1.645631e-01,-2.123811e-01,-2.974617e-01,-2.184604e-01,-5.596181e-01,-6.092574e-02,2.706084e-02,1.246150e-02,-2.265379e-03,-3.664756e-03,-1.531650e-02,2.889973e-02,1.521358e-02,-1.193875e-02,-1.254132e-02,1.776245e-02,-1.137665e-01,-4.814369e-03,2.373710e+02,1.612168e-03,1.436571e-03,4.048852e-02,-9.136215e-01,-6.015543e-05,1.959210e-04,1.376111e-02
823,8.230000,8.510112e-01,-2.091867e+01,1.127186e+00,9.135043e+00,-7.300534e+00,-2.384397e+01,-5.327945e+01,2.787226e+00,-2.157103e+01,-1.786518e+01,1.667935e+01,5.553998e-01,-4.090434e+00,3.173023e+00,8.764123e+00,-2.519734e+01,-1.946756e-01,1.891079e+00,-1.375463e+00,-3.106447e+00,-3.425495e+00,-4.799666e-01,-1.239761e+00,-2.458622e+00,2.711258e-01,3.121480e-01,7.825451e-01,1.296778e+00,1.591130e+00,1.660189e+00,2.108466e+00,2.671394e+00,2.369082e+02,8.422771e-01,-5.625089e-02,-1.490182e+00,1.386150e-01,2.027221e+00,-4.998136e-01,-4.590492e-01,7.056117e+00,-1.698742e-01,1.237507e+00,-2.585430e+00,-2.075508e+00,9.034878e-01,2.341943e+00,-5.177284e+00,1.816806e+00,-8.394753e-01,-2.351030e-01,-3.629406e-01,-2.521655e-01,-1.227582e-01,-4.013313e-01,-5.348175e-01,-3.347259e-01,2.829547e-02,-3.456822e-03,3.110617e-04,-1.657931e-02,-1.935037e-02,-2.327373e-02,-1.616908e-02,-2.430201e-03,9.566784e-03,-3.546753e-01,-4.127836e-03,2.359941e+02,1.830807e-03,1.697410e-03,7.232923e-02,-1.077393e+00,9.255468e-04,1.415594e-03,2.815416e-02
824,8.240000,6.240021e-01,-2.269470e+01,1.487516e+00,1.103506e+01,-9.140850e+00,-2.344463e+01,-4.349194e+01,3.991289e-01,-1.758696e+01,-1.899568e+01,1.128664e+01,2.121484e+00,-1.185676e+00,-3.764148e+00,8.984492e+00,-2.641748e+01,-5.266566e-01,1.380200e+00,-1.617083e+00,-3.198904e+00,-3.760720e+00,-1.316677e+00,-1.779867e+00,-2.421777e+00,2.661628e-01,3.044399e-01,7.206912e-01,1.198991e+00,1.513762e+00,1.606379e+00,1.891555e+00,2.509448e+00,2.363704e+02,8.386294e-01,-8.903871e-02,-1.785699e+00,8.914730e-01,2.321116e+00,-2.430133e+00,4.018808e-01,9.742197e+00,-3.662825e+00,2.600526e+00,6.283865e-01,-4.550426e+00,-1.164958e+00,1.872245e+00,-5.308053e+00,-1.275025e+00,6.471634e-01,-2.292729e-01,-4.535107e-01,-1.701842e-01,-7.317789e-02,-3.206194e-01,-9.383441e-01,-5.590259e-01,1.681874e-02,-4.338092e-03,6.583610e-03,-2.607897e-02,-5.880942e-02,-3.796606e-02,3.959417e-04,1.863873e-02,5.758285e-04,-4.929627e-01,-2.850205e-03,2.347569e+02,5.668391e-03,5.298570e-03,1.065965e-01,-9.078110e-01,1.632949e-03,1.741485e-03,1.939799e-02
825,8.250000,5.805505e-01,-2.495099e+01,2.895804e+00,1.383699e+01,-1.371367e+01,-2.236854e+01,-3.235487e+01,-6.306112e+00,-1.419912e+01,-1.649169e+01,4.571640e+00,-2.579254e+00,1.171638e+00,-9.214112e+00,6.619865e+00,-2.461793e+01,-7.671001e-01,8.361368e-01,-1.723884e+00,-3.242260e+00,-4.046487e+00,-2.633056e+00,-2.601795e+00,-2.393622e+00,2.613692e-01,3.189297e-01,6.847393e-01,1.115776e+00,1.452273e+00,1.602334e+00,2.024592e+00,2.532547e+00,2.358082e+02,8.357622e-01,-1.264751e-01,-1.755831e+00,1.257735e+00,2.620944e+00,-3.025273e+00,7.436714e-01,8.594569e+00,-4.773114e+00,2.777496e+00,2.547607e+00,-4.979041e+00,-3.019100e+00,1.036687e+00,-3.913064e+00,-4.183550e+00,1.798970e+00,-1.440424e-01,-4.126306e-01,-8.826759e-02,-8.628152e-02,-2.765993e-01,-1.029587e+00,-5.888535e-01,-3.072247e-02,-4.879913e-03,8.909017e-03,-3.695051e-02,-6.769659e-02,-3.212259e-02,2.063754e-02,4.070533e-02,8.975983e-03,-5.331085e-01,-9.547949e-04,2.341214e+02,6.531082e-03,7.845827e-03,1.475403e-01,-6.535339e-01,8.745656e-04,8.024406e-04,-1.793788e-03
826,8.260000,3.928194e-01,-2.656934e+01,4.818286e+00,1.656385e+01,-1.772434e+01,-2.136095e+01,-2.145279e+01,-1.211619e+01,-1.283950e+01,-1.008660e+01,-6.938334e-01,-6.641888e+00,5.099760e-01,-1.133786e+01,-1.996337e+00,-2.055074e+01,-8.329623e-01,4.212267e-01,-1.732725e+00,-3.227839e+00,-4.297147e+00,-3.857322e+00,-3.116420e+00,-2.507970e+00,2.549923e-01,3.368032e-01,6.467637e-01,1.029330e+00,1.438335e+00,1.682458e+00,2.055298e+00,2.543649e+00,2.352982e+02,8.359514e-01,-9.862970e-02,-1.396701e+00,1.190186e+00,2.630621e+00,-1.939751e+00,3.218531e-01,5.142592e+00,-3.830612e+00,2.624355e+00,2.811984e+00,-2.968433e+00,-3.608562e+00,-5.148168e-01,-1.967055e+00,-4.115283e+00,1.975315e+00,-4.103402e-02,-2.714784e-01,-2.148191e-02,-1.502868e-01,-2.452870e-01,-7.831634e-01,-4.596305e-01,-5.002835e-02,-3.516102e-03,9.086085e-03,-2.435387e-02,-3.187630e-02,1.153564e-03,4.543471e-02,8.999395e-02,5.592892e-02,-5.411285e-01,6.142855e-04,2.337683e+02,7.426774e-03,7.069787e-03,9.987295e-02,-5.651978e-01,-5.580881e-05,-5.985618e-04,-2.454318e-02
827,8.270000,3.342270e-01,-2.776050e+01,5.750477e+00,1.947537e+01,-1.813515e+01,-2.116745e+01,-2.132617e+01,-1.482069e+01,-1.005728e+01,-9.581687e+00,-2.225617e+00,-1.015842e+01,2.451742e-01,-1.260545e+01,-6.663212e+00,-1.913586e+01,-7.617350e-01,3.074128e-01,-1.758980e+00,-3.523387e+00,-4.540278e+00,-4.357578e+00,-3.515752e+00,-2.569138e+00,2.523115e-01,3.405115e-01,6.347563e-01,1.043126e+00,1.468230e+00,1.725337e+00,2.230122e+00,2.699174e+00,2.347788e+02,8.388421e-01,-8.561274e-02,-8.989471e-01,6.907771e-01,1.842782e+00,-2.242815e-01,-8.960552e-01,1.041974e+00,-1.984459e+00,2.116015e+00,1.109881e+00,-1.185207e+00,-2.881323e+00,-1.841663e+00,-5.314388e-01,-2.671948e+00,5.220154e-01,1.906872e-02,-1.168367e-01,1.664218e-02,-1.942365e-01,-2.127429e-01,-3.615190e-01,-2.459242e-01,-4.896178e-02,-1.743019e-03,4.084200e-03,-1.496068e-02,-1.099968e-03,2.140110e-02,4.314191e-02,6.162329e-02,5.086539e-02,-5.892914e-01,1.351273e-03,2.332208e+02,5.324444e-03,4.824004e-03,6.672205e-02,-7.338043e-01,-3.893122e-04,-1.022673e-03,-2.846904e-02
828,8.280000,2.540154e-01,-2.827344e+01,6.011110e+00,2.136897e+01,-1.662886e+01,-2.243590e+01,-2.329333e+01,-1.449664e+01,-6.536104e+00,-8.390759e+00,-1.569006e-01,-1.213174e+01,-3.296527e+00,-1.190375e+01,-4.950382e+00,-1.928194e+01,-7.345092e-01,2.871701e-01,-1.706945e+00,-3.809774e+00,-4.740260e+00,-4.370233e+00,-3.621041e+00,-2.584161e+00,2.531112e-01,3.390795e-01,6.239133e-01,1.075934e+00,1.511551e+00,1.772050e+00,2.238760e+00,2.705779e+00,2.341794e+02,8.401609e-01,-5.367675e-02,-3.835720e-01,3.034926e-01,5.248731e-01,6.268244e-01,-1.662040e+00,-1.025780e+00,-5.952519e-01,1.604145e+00,-7.037438e-01,-2.797919e-01,-1.597142e+00,-2.311601e+00,-5.494547e-02,-2.807577e-01,-2.093027e-01,2.662354e-02,-1.459835e-02,6.447984e-02,-1.158696e-01,-1.323065e-01,-2.962708e-02,-8.427589e-02,-1.926649e-02,-5.641878e-05,1.299489e-03,-8.056629e-03,1.619339e-04,1.428667e-02,1.369464e-02,2.234571e-02,3.331952e-02,-6.868408e-01,6.088793e-04,2.323812e+02,5.992666e-03,3.816673e-03,2.428971e-02,-9.794983e-01,-8.127032e-04,-8.240320e-04,-1.114092e-02
829,8.290000,2.218889e-01,-2.859367e+01,5.753277e+00,2.064834e+01,-1.538281e+01,-2.631133e+01,-2.622473e+01,-1.503818e+01,-6.770741e+00,-1.179021e+01,-1.622864e+00,-1.424094e+01,-6.133427e+00,-1.158836e+01,-5.262853e+00,-2.264225e+01,-7.209830e-01,3.189813e-01,-1.653563e+00,-3.922475e+00,-4.888646e+00,-4.184196e+00,-3.579106e+00,-2.600336e+00,2.535947e-01,3.382126e-01,6.213611e-01,1.086974e+00,1.522670e+00,1.773247e+00,2.240978e+00,2.705809e+00,2.334211e+02,8.404138e-01,-3.154581e-02,1.378416e-01,1.814747e-03,-8.018476e-01,5.738212e-01,-1.385427e+00,-9.172226e-01,-4.061654e-01,5.804232e-01,-1.950366e+00,-4.648889e-01,5.172072e-02,-2.005223e+00,-6.663736e-01,5.489982e-01,-1.270653e-01,2.162817e-02,2.406199e-02,7.768719e-02,3.333080e-02,-3.965092e-03,1.473900e-01,3.252084e-02,3.001113e-02,3.691912e-04,-3.818005e-04,-5.769968e-03,-2.160284e-02,-7.143235e-03,-1.552854e-02,-5.627535e-02,-8.767247e-03,-8.043930e-01,-2.782345e-05,2.311459e+02,5.301575e-03,4.359022e-03,4.298670e-02,-1.157048e+00,-9.594136e-06,2.873085e-04,8.194096e-04
830,8.300000,1.806047e-01,-2.807062e+01,6.334349e+00,1.860173e+01,-1.596638e+01,-2.709921e+01,-2.413241e+01,-1.498370e+01,-6.462045e+00,-1.250106e+01,-2.394169e+00,-1.258633e+01,-7.858728e+00,-1.212113e+01,-4.100305e+00,-1.984406e+01,-7.202206e-01,3.424506e-01,-1.463034e+00,-3.607643e+00,-4.784496e+00,-4.092148e+00,-3.506123e+00,-2.588703e+00,2.540686e-01,3.444501e-01,6.131782e-01,1.008216e+00,1.482549e+00,1.726977e+00,2.161598e+00,2.706929e+00,2.325428e+02,8.382099e-01,1.609772e-03,8.180588e-01,-6.487687e-01,-1.555742e+00,6.039004e-01,2.568321e-02,-2.190414e+00,-1.983231e-01,5.801487e-01,-3.320889e+00,-1.217050e+00,1.316905e+00,-5.117723e-01,-1.697161e+00,7.995231e-01,7.694753e-01,3.606943e-02,6.336756e-02,6.724226e-02,1.367221e-01,2.291428e-01,3.608001e-01,1.143738e-01,1.334402e-01,7.239282e-05,-3.619528e-03,-3.166884e-03,-2.049452e-02,-2.916770e-02,-5.707788e-02,-1.070804e-01,-2.024212e-02,-8.874054e-01,4.406393e-04,2.299082e+02,3.374693e-03,3.182119e-03,5.603601e-02,-1.136447e+00,1.789732e-03,1.264804e-03,6.778244e-03
831,8.310000,2.132033e-01,-2.717271e+01,5.597931e+00,1.684975e+01,-1.559729e+01,-2.576294e+01,-2.549275e+01,-1.660799e+01,-7.192198e+00,-1.727837e+01,-3.431427e+00,-9.672519e+00,-7.499838e+00,-1.582863e+01,-4.343259e+00,-1.949013e+01,-6.607385e-01,4.000825e-01,-1.492499e+00,-3.457799e+00,-4.537985e+00,-3.759670e+00,-3.410607e+00,-2.416811e+00,2.536787e-01,3.359171e-01,6.112740e-01,9.689708e-01,1.447015e+00,1.670231e+00,1.987326e+00,2.654763e+00,2.315751e+02,8.396785e-01,6.638344e-02,1.336062e+00,-1.205476e+00,-1.650219e+00,1.415788e+00,9.748924e-01,-4.412766e+00,5.965955e-01,4.405974e-01,-2.824022e+00,-1.099551e+00,1.401074e+00,2.373869e-01,-8.799548e-01,1.866527e+00,1.175823e+00,6.915969e-02,1.245636e-01,5.347585e-02,1.274257e-01,4.047406e-01,5.684354e-01,2.198609e-01,1.724523e-01,-3.860831e-04,-6.528127e-03,7.353038e-03,9.308910e-03,-2.602279e-02,-6.013671e-02,-1.254200e-01,-4.345310e-02,-9.044083e-01,2.021182e-03,2.286720e+02,6.585460e-03,6.577823e-03,5.494595e-02,-9.554077e-01,4.856561e-03,1.702943e-03,6.832108e-05
832,8.320000,2.664070e-01,-2.489363e+01,2.844939e+00,1.548956e+01,-1.350212e+01,-2.258169e+01,-3.461139e+01,-1.470335e+01,-3.424632e+00,-2.225112e+01,-5.337868e+00,-7.831434e+00,-5.172183e+00,-1.826943e+01,-1.412563e+00,-1.701062e+01,-5.842844e-01,5.634573e-01,-1.451265e+00,-3.358502e+00,-3.769876e+00,-2.778496e+00,-3.133421e+00,-2.008722e+00,2.534311e-01,3.221295e-01,6.131225e-01,1.032463e+00,1.403540e+00,1.538169e+00,1.830184e+00,2.630092e+00,2.306654e+02,8.427318e-01,1.152264e-01,1.492836e+00,-1.512203e+00,-1.621270e+00,2.727667e+00,5.677875e-01,-6.896436e+00,1.212402e+00,-8.061761e-01,-1.324944e+00,-3.457435e-01,5.810335e-01,1.885705e-01,1.239814e+00,2.060642e+00,5.990959e-01,1.067263e-01,2.034120e-01,3.854482e-02,2.195163e-02,4.603060e-01,7.138044e-01,3.475434e-01,1.216558e-01,3.473461e-05,-7.672110e-03,2.589418e-02,5.559821e-02,-4.190922e-03,-4.021277e-02,-6.734327e-02,-3.812470e-02,-8.506668e-01,3.619659e-03,2.279359e+02,1.429938e-02,9.031291e-03,5.220130e-02,-6.894562e-01,6.840127e-03,9.595891e-04,-1.691352e-03
833,8.330000,5.109048e-01,-2.350186e+01,1.470605e+00,1.395333e+01,-9.536004e+00,-2.369563e+01,-4.304907e+01,-1.219537e+01,-6.086460e+00,-2.103528e+01,-5.648772e+00,-9.613023e+00,-6.289765e+00,-1.291398e+01,2.725909e+00,-1.817985e+01,-4.431527e-01,8.312961e-01,-1.392068e+00,-3.409917e+00,-3.372253e+00,-1.998846e+00,-2.666152e+00,-2.028065e+00,2.519830e-01,3.167322e-01,6.581541e-01,1.121395e+00,1.432061e+00,1.566967e+00,1.779585e+00,2.526962e+00,2.298378e+02,8.482588e-01,1.088401e-01,1.280034e+00,-7.842890e-01,-1.790934e+00,3.125423e+00,-1.970165e-01,-6.297123e+00,1.537903e+00,-2.312811e+00,1.892933e+00,1.102940e+00,3.064399e-01,-6.290686e-01,4.218191e+00,2.263130e+00,5.463854e-01,1.256731e-01,2.514809e-01,8.585007e-02,-3.616428e-03,3.659115e-01,6.111037e-01,3.883954e-01,-4.274035e-02,2.053302e-03,-4.834565e-03,3.709695e-02,6.546013e-02,1.595479e-02,-7.353854e-03,2.280109e-02,-1.687062e-02,-7.514237e-01,3.760719e-03,2.273550e+02,2.412204e-02,9.949150e-03,4.524566e-02,-4.536667e-01,4.362477e-03,-3.253516e-04,-2.968241e-03
834,8.340000,6.078861e-01,-2.244186e+01,8.369951e-01,1.194359e+01,-5.358691e+00,-2.529392e+01,-4.983643e+01,-1.112800e+01,-1.104579e+01,-1.724732e+01,-3.014215e+00,-9.710912e+00,-7.520912e+00,-7.379381e+00,2.668320e+00,-1.750372e+01,-2.953820e-01,1.143904e+00,-1.320525e+00,-3.521826e+00,-3.065832e+00,-1.403539e+00,-2.140633e+00,-2.174797e+00,2.550901e-01,3.156820e-01,7.192090e-01,1.209995e+00,1.469071e+00,1.577545e+00,1.928752e+00,2.580206e+00,2.291582e+02,8.520181e-01,6.614734e-02,9.721063e-01,1.222245e-01,-2.421021e+00,1.966513e+00,-5.872933e-01,-3.498920e+00,3.612677e-01,-3.290730e+00,3.988992e+00,1.433020e+00,3.636262e-01,-9.230537e-01,4.542266e+00,7.649910e-01,6.158930e-01,1.128393e-01,2.308923e-01,1.567382e-01,5.792346e-02,2.716007e-01,3.511721e-01,3.233684e-01,-1.472116e-01,5.324286e-03,-3.815204e-04,4.345495e-02,4.913400e-02,2.443198e-02,1.937958e-02,9.869079e-02,2.153759e-02,-6.660324e-01,2.347809e-03,2.271194e+02,2.880704e-02,6.294401e-03,5.242940e-02,-4.098282e-01,-6.512053e-04,-9.229904e-04,-4.571473e-03
835,8.350000,5.866641e-01,-2.199842e+01,2.680458e+00,9.668063e+00,-4.041885e+00,-2.539190e+01,-4.936584e+01,-1.070615e+01,-1.494567e+01,-1.031560e+01,9.214478e-01,-7.200580e+00,-9.470817e+00,-1.826940e-01,4.931949e+00,-1.651166e+01,-1.768239e-01,1.367264e+00,-1.128619e+00,-3.394219e+00,-3.060450e+00,-1.391630e+00,-1.965024e+00,-2.547475e+00,2.631157e-01,3.149681e-01,7.437155e-01,1.207506e+00,1.494024e+00,1.613774e+00,2.052047e+00,2.595352e+00,2.285716e+02,8.538389e-01,5.412430e-03,9.593607e-01,6.111038e-01,-3.011691e+00,-3.533239e-02,5.859383e-01,-9.059822e-01,-6.999595e-01,-1.286015e+00,4.039628e+00,8.681415e-01,3.161386e-01,2.911696e-01,2.633648e+00,-3.433188e-01,1.146851e+00,6.184750e-02,1.501259e-01,2.485070e-01,1.990395e-01,3.323105e-01,1.578574e-01,1.772866e-01,-1.067720e-01,7.649601e-03,5.670637e-03,3.747863e-02,2.197347e-02,1.238108e-02,1.772542e-02,1.094831e-01,4.727326e-02,-6.575668e-01,1.241386e-04,2.268120e+02,2.114402e-02,6.319510e-03,3.999070e-02,-6.321656e-01,-5.559436e-03,-9.725561e-04,-6.384789e-03
836,8.360000,5.592641e-01,-2.078482e+01,2.851135e+00,5.527088e+00,-6.416620e+00,-2.467002e+01,-4.894761e+01,-1.364163e+01,-1.544868e+01,-7.666003e+00,-1.457876e+00,-7.219524e+00,-8.196925e+00,-1.923741e+00,1.309372e+00,-1.476526e+01,-1.532524e-01,1.449935e+00,-7.992988e-01,-3.076734e+00,-2.567774e+00,-1.326242e+00,-1.867143e+00,-2.485075e+00,2.744862e-01,3.211040e-01,7.876166e-01,1.235078e+00,1.494719e+00,1.611663e+00,2.187407e+00,2.703585e+00,2.279683e+02,8.516808e-01,1.945250e-02,8.882692e-01,6.044810e-01,-3.202246e+00,-1.706299e+00,1.985034e+00,9.119320e-01,-2.046420e+00,9.577758e-01,3.163388e+00,5.237007e-02,-1.041851e+00,1.832808e+00,5.086908e-01,-1.073622e+00,7.913883e-01,-9.577401e-03,3.647655e-02,2.825533e-01,2.947848e-01,4.282851e-01,1.932046e-02,3.184132e-02,-1.375296e-02,7.229733e-03,9.776210e-03,3.177266e-02,-7.258868e-03,-6.382406e-03,1.570920e-02,4.328165e-02,3.297997e-02,-7.885300e-01,-2.834582e-03,2.261583e+02,1.253237e-02,6.231159e-03,3.197142e-02,-1.181404e+00,-6.529275e-03,-6.366435e-04,-1.041921e-03
837,8.370000,5.622780e-01,-1.953358e+01,3.519054e+00,2.103125e+00,-9.183702e+00,-2.107790e+01,-4.802339e+01,-1.443836e+01,-1.031509e+01,-5.627803e+00,-2.086234e+00,-9.278024e+00,-4.495910e+00,-2.473560e+00,1.688789e+00,-1.381483e+01,-2.049800e-01,1.428910e+00,-4.101465e-01,-2.637266e+00,-1.959730e+00,-1.248207e+00,-1.916463e+00,-2.406786e+00,2.805330e-01,3.423744e-01,8.113435e-01,1.218721e+00,1.481142e+00,1.638535e+00,2.197673e+00,2.701639e+00,2.271449e+02,8.490481e-01,4.836224e-02,6.071711e-01,2.814324e-01,-2.522776e+00,-2.307622e+00,3.203023e+00,2.025784e+00,-2.860408e+00,2.507347e+00,2.275787e+00,-9.733701e-02,-2.578455e+00,3.269944e+00,-2.977592e-01,-1.571308e+00,3.438063e-01,-9.146430e-02,-8.461583e-02,2.107650e-01,2.731622e-01,4.680468e-01,-6.456920e-02,-7.511351e-02,6.502859e-02,5.509818e-03,1.211447e-02,2.653791e-02,-2.275684e-02,-2.749571e-02,5.769694e-03,-2.357345e-02,1.644752e-02,-1.050278e+00,-8.091062e-03,2.246748e+02,4.462190e-03,5.117991e-03,2.355071e-02,-1.835554e+00,-4.005305e-03,-9.392404e-04,1.006851e-02
838,8.380000,7.173417e-01,-1.923294e+01,3.440102e+00,-2.851668e-01,-1.131928e+01,-1.752575e+01,-4.594799e+01,-1.949399e+01,-8.572204e+00,-3.774278e+00,-1.248524e+00,-1.388145e+01,-8.443248e-01,-3.690494e+00,-1.078208e+00,-1.489519e+01,-3.291909e-01,1.295464e+00,-2.669955e-01,-2.426378e+00,-1.474767e+00,-1.378648e+00,-2.005707e+00,-2.313906e+00,2.825302e-01,3.508599e-01,8.442583e-01,1.168093e+00,1.443600e+00,1.643710e+00,2.072347e+00,2.691962e+00,2.259289e+02,8.402405e-01,5.857177e-02,-2.188065e-01,2.794114e-01,-8.856105e-01,-2.129889e+00,3.492647e+00,3.580390e+00,-3.068887e+00,2.323990e+00,2.267589e+00,-5.502251e-01,-2.476449e+00,2.725035e+00,5.859395e-01,-1.106767e+00,-2.226108e-01,-1.663300e-01,-2.142500e-01,3.833162e-02,1.301203e-01,2.703298e-01,-2.558559e-01,-2.130919e-01,1.601212e-02,2.945957e-03,8.441132e-03,1.341745e-02,-3.734344e-02,-4.497843e-02,-3.301942e-03,-7.373486e-02,-8.936429e-03,-1.281250e+00,-1.786550e-02,2.222810e+02,4.501574e-03,3.711943e-03,5.543979e-02,-1.974188e+00,-1.166942e-03,-6.034093e-04,1.899723e-02
839,8.390000,7.494366e-01,-1.973850e+01,3.793137e+00,-3.968841e-02,-1.312866e+01,-1.294892e+01,-4.073673e+01,-2.208201e+01,-5.847173e+00,-8.825300e-01,3.300867e-01,-1.676189e+01,3.202605e+00,-7.881134e-01,-1.730803e+00,-1.472766e+01,-5.461761e-01,1.021420e+00,-3.409457e-01,-2.353585e+00,-1.266719e+00,-1.688273e+00,-2.271310e+00,-2.307916e+00,2.866428e-01,3.606625e-01,8.480842e-01,1.127214e+00,1.382105e+00,1.626599e+00,1.991709e+00,2.683401e+00,2.243399e+02,8.191037e-01,-3.877407e-03,-1.284635e+00,4.208495e-02,7.454666e-01,-2.124490e+00,2.134546e+00,5.257664e+00,-2.306236e+00,1.289244e+00,1.031703e+00,-1.599257e+00,-6.754994e-01,1.556611e+00,4.443935e-01,-8.427562e-01,-3.373914e-01,-2.850806e-01,-3.716167e-01,-1.757000e-01,-4.527628e-02,-9.603144e-02,-4.691684e-01,-3.204926e-01,-3.631148e-02,1.759052e-03,4.702836e-03,-2.415377e-03,-3.498437e-02,-4.491866e-02,-7.071376e-03,-4.635132e-02,-7.341337e-03,-1.293842e+00,-7.588114e-02,2.195728e+02,5.132889e-03,2.882916e-03,7.859907e-02,-1.612943e+01,3.332883e-04,-4.836347e-04,1.149110e-02
840,8.400000,7.585437e-01,-2.177638e+01,4.111151e+00,2.170443e+00,-1.509359e+01,-1.127127e+01,-3.468898e+01,-2.516424e+01,-6.062685e+00,1.299305e+00,-5.417161e+00,-1.585983e+01,1.578994e+00,1.632335e-01,-2.514670e+00,-1.542189e+01,-8.143041e-01,5.824297e-01,-6.422411e-01,-2.567972e+00,-1.562630e+00,-2.385489e+00,-2.755179e+00,-2.454449e+00,2.861611e-01,3.541656e-01,8.363335e-01,1.094114e+00,1.319345e+00,1.601122e+00,1.921714e+00,2.668021e+00,2.229645e+02,7.773255e-01,-7.067428e-02,-2.277286e+00,-6.316436e-01,1.118894e+00,-1.710874e+00,1.207387e+00,7.018691e+00,-9.458618e-02,1.189821e+00,-6.839072e-01,-1.843132e+00,1.926098e+00,3.100289e-01,-5.106343e-01,2.764403e-02,-2.422689e-01,-5.185151e-01,-6.322376e-01,-4.103431e-01,-1.568123e-01,-4.068409e-01,-5.628222e-01,-3.584411e-01,-8.663478e-02,4.082042e-03,1.722095e-02,-9.108603e-03,-2.246381e-02,-2.415522e-02,7.493496e-05,-1.044804e-02,-8.089256e-03,-1.010603e+00,-1.518408e-01,2.188383e+02,6.362305e-03,4.331650e-03,9.943336e-02,-3.715538e+01,-2.599929e-04,-4.273935e-04,-7.418622e-03
841,8.410000,5.222899e-01,-2.468503e+01,3.393954e+00,4.602654e+00,-1.791900e+01,-1.353241e+01,-2.736458e+01,-2.313441e+01,-5.123633e+00,-3.006082e+00,-7.998199e+00,-1.166633e+01,2.075486e+00,-2.178456e+00,-1.806761e+00,-1.523843e+01,-1.387826e+00,-7.265645e-02,-1.101024e+00,-2.792850e+00,-2.395955e+00,-3.090628e+00,-3.144190e+00,-2.518072e+00,2.875128e-01,3.642357e-01,8.032290e-01,1.080788e+00,1.318676e+00,1.624473e+00,2.041233e+00,2.676903e+00,2.221579e+02,5.011000e-01,-1.084381e-01,-3.069765e+00,-1.969059e+00,6.846703e-01,-1.095214e+00,1.010675e-01,7.144906e+00,2.128619e+00,1.723734e+00,-1.719156e+00,-2.957005e-01,3.461842e+00,1.585660e-01,-1.828497e+00,6.494303e-01,-2.610664e-02,-8.226150e-01,-8.797048e-01,-6.063402e-01,-2.842518e-01,-6.042850e-01,-5.344828e-01,-3.016090e-01,-8.873744e-02,7.658854e-03,2.788769e-02,-1.414127e-02,-1.195757e-02,-8.434236e-03,-1.883376e-03,-1.450625e-02,-6.594767e-02,-5.743622e-01,-1.744159e-01,1.457489e+02,5.198266e-03,2.389963e-03,5.900943e-02,-5.845680e+01,-1.345916e-03,-8.276030e-04,-2.284900e-02
842,8.420000,4.775436e-01,-2.814611e+01,4.814755e-01,2.988131e+00,-1.747848e+01,-1.119708e+01,-1.754062e+01,-1.944072e+01,-2.984871e+00,-6.132038e+00,-6.300039e+00,-6.798742e+00,1.269379e+00,-5.548494e+00,-9.020090e-01,-1.585115e+01,-2.500941e+00,-1.318685e+00,-1.938672e+00,-2.990807e+00,-2.944353e+00,-3.491581e+00,-3.361472e+00,-2.642002e+00,3.025054e-01,4.351780e-01,8.211429e-01,1.078987e+00,1.354538e+00,1.645148e+00,1.995345e+00,2.654765e+00,2.219669e+02,2.400383e-01,-9.579313e-02,-3.247042e+00,-3.048259e+00,-1.151269e-01,-4.266476e-01,-5.762048e-01,6.360476e+00,4.022461e+00,2.504013e+00,-7.704577e-01,1.902344e+00,3.043481e+00,1.095644e+00,-1.573266e+00,2.039396e+00,8.158360e-01,-1.021575e+00,-9.932925e-01,-6.508136e-01,-3.572128e-01,-6.055042e-01,-4.040326e-01,-1.527912e-01,-6.856132e-02,1.000101e-02,3.862395e-02,-1.244203e-02,-3.420615e-03,8.416546e-03,-8.602858e-03,-3.512702e-02,-9.218194e-02,-2.186218e-01,-9.716271e-02,7.341603e+01,3.168921e-03,1.821452e-03,2.814150e-02,-5.834256e+01,-1.792288e-03,-1.105326e-03,-2.578762e-02
843,8.430000,3.477461e-01,-3.190247e+01,-4.237322e+00,2.974819e+00,-1.741229e+01,-1.248068e+01,-1.358638e+01,-1.430067e+01,1.232592e+00,-5.762636e+00,-7.069771e-01,-3.983229e+00,4.150243e+00,-7.074735e+00,7.100180e-01,-1.464357e+01,-3.815933e+00,-2.426546e+00,-2.724431e+00,-3.563427e+00,-3.597282e+00,-3.807641e+00,-3.476209e+00,-2.657827e+00,3.167649e-01,4.595948e-01,7.849731e-01,1.074989e+00,1.322337e+00,1.595169e+00,1.882362e+00,2.360291e+00,2.219669e+02,2.156677e-01,-7.429346e-02,-2.928241e+00,-3.147845e+00,1.203310e-01,-1.384710e-01,-1.700919e+00,4.228522e+00,4.434939e+00,3.165672e+00,8.659687e-01,3.057862e+00,2.102376e+00,1.370939e+00,-9.658670e-01,2.783558e+00,1.563463e+00,-9.679515e-01,-8.359091e-01,-5.086403e-01,-4.241560e-01,-5.602535e-01,-2.973415e-01,-5.982559e-02,-4.125743e-02,6.295905e-03,2.640467e-02,-1.884919e-02,-1.541722e-03,1.802429e-02,-1.806453e-02,-5.368989e-02,-8.792868e-02,-3.819580e-02,4.702561e-02,0,0,0,0,-3.649139e+01,-1.356545e-03,-6.601379e-04,-1.461604e-02
844,8.440000,3.668499e-01,-3.440287e+01,-7.314505e+00,2.408726e+00,-1.748018e+01,-1.467816e+01,-9.775703e+00,-9.468805e+00,3.279264e+00,-1.174706e+00,4.489473e-01,-4.483976e+00,6.019835e+00,-5.254957e+00,6.423921e+00,-1.164015e+01,-4.708124e+00,-3.207088e+00,-3.084605e+00,-3.968748e+00,-3.989488e+00,-4.047145e+00,-3.353126e+00,-2.727379e+00,3.215401e-01,4.996059e-01,7.832513e-01,1.079910e+00,1.359598e+00,1.572759e+00,1.825514e+00,2.365418e+00,2.219669e+02,4.342281e-01,-7.181813e-02,-2.138357e+00,-2.330534e+00,5.397191e-01,-3.212337e-01,-3.054662e+00,2.827649e+00,4.735620e+00,2.827125e+00,1.294793e+00,2.734147e+00,8.531680e-01,3.611644e-01,-8.775767e-01,3.035010e+00,2.450666e+00,-7.007726e-01,-5.345972e-01,-2.369996e-01,-3.544193e-01,-5.199164e-01,-1.950887e-01,1.580226e-02,-9.937239e-03,-3.924998e-03,8.814159e-03,-2.833416e-02,-3.494024e-04,2.789214e-02,-8.878291e-03,-3.069695e-02,-1.742299e-02,0,1.206020e-01,0,0,0,0,-1.468321e+01,-6.337842e-04,-3.642905e-04,-5.628300e-03
845,8.450000,2.061695e-01,-3.619785e+01,-8.447280e+00,5.494011e+00,-1.861051e+01,-2.029646e+01,-1.010442e+01,-5.945673e+00,7.572657e+00,-1.154904e+00,3.916619e+00,-2.311835e+00,6.554951e+00,-7.154560e+00,8.448062e+00,-9.526616e+00,-5.123992e+00,-3.308001e+00,-3.071259e+00,-4.424660e+00,-4.674655e+00,-4.299554e+00,-3.447491e+00,-2.681671e+00,3.094749e-01,4.640452e-01,7.279289e-01,1.072618e+00,1.406268e+00,1.570345e+00,1.857699e+00,2.381933e+00,2.219669e+02,6.391332e-01,-4.034897e-02,-1.302091e+00,-1.365734e+00,5.887984e-01,-4.237141e-01,-2.716915e+00,2.170341e+00,4.881257e+00,2.427568e+00,2.130829e-01,2.545859e+00,5.222564e-01,-9.349293e-01,-5.972052e-01,1.279338e+00,2.037283e+00,-4.538292e-01,-2.910840e-01,-5.128174e-02,-1.911807e-01,-4.416107e-01,-7.585392e-02,-2.703881e-03,1.011939e-02,-1.261695e-02,1.495317e-03,-2.845475e-02,4.663622e-03,4.049776e-02,8.324360e-03,7.613659e-04,5.557399e-02,0,1.023438e-01,0,0,0,0,0,0,0,0
846,8.460000,1.892413e-01,-3.669020e+01,-9.066217e+00,4.427130e+00,-1.848554e+01,-2.256250e+01,-5.143354e+00,5.987803e-02,7.980722e+00,-1.961937e+00,5.058896e+00,-3.368599e+00,1.872847e+00,-9.896465e+00,1.040402e+01,-6.156292e+00,-5.350774e+00,-3.550944e+00,-2.950256e+00,-4.332287e+00,-5.005248e+00,-4.221068e+00,-3.296820e+00,-2.679766e+00,2.865254e-01,4.770236e-01,7.079942e-01,1.078426e+00,1.452033e+00,1.613169e+00,1.854192e+00,2.556829e+00,2.219669e+02,6.313154e-01,-1.616194e-02,-8.793415e-01,-1.140255e+00,3.197508e-02,-2.977686e-01,-1.505869e+00,1.649178e+00,4.068531e+00,1.780012e+00,-8.158304e-01,2.190766e+00,-4.748653e-01,-2.042791e+00,1.268417e-01,-5.413485e-01,1.106564e+00,-3.466089e-01,-2.264572e-01,-3.950412e-02,-9.400105e-02,-3.152305e-01,1.083231e-03,-4.496896e-02,2.242892e-02,-1.255165e-02,3.899843e-04,-1.703756e-02,8.918929e-03,2.770318e-02,1.500146e-02,9.705663e-03,4.933488e-02,0,-3.087044e-03,0,0,0,0,0,0,0,0
847,8.470000,2.348056e-01,-3.726926e+01,-1.019014e+01,4.909609e+00,-1.902818e+01,-2.212309e+01,-5.050852e+00,5.341273e+00,1.101970e+01,-4.303606e+00,9.717345e+00,-1.929636e+00,1.549091e+00,-7.740007e+00,5.116660e+00,-7.199079e+00,-5.763753e+00,-3.710038e+00,-3.048014e+00,-4.337561e+00,-5.297455e+00,-4.099949e+00,-3.517881e+00,-2.631036e+00,2.711875e-01,4.783625e-01,6.803279e-01,1.099050e+00,1.478608e+00,1.616586e+00,1.871830e+00,2.542455e+00,2.219669e+02,6.288430e-01,2.071006e-02,-6.430138e-01,-1.101704e+00,-5.631928e-01,-3.515116e-01,-6.398277e-02,1.693701e+00,2.489968e+00,1.043326e+00,-7.505509e-01,1.177946e+00,-1.390891e+00,-1.213059e+00,1.633268e+00,-3.318736e-01,-7.068076e-02,-3.050801e-01,-2.579305e-01,-9.070687e-02,-2.802610e-02,-1.536264e-01,-1.327457e-02,-4.611108e-02,2.556856e-02,4.449844e-04,1.179486e-02,6.448513e-03,6.711268e-03,2.408961e-02,1.326743e-02,1.587837e-02,5.181787e-02,0,-1.053468e-01,0,0,0,0,0,0,0,0
848,8.480000,2.717222e-01,-3.826388e+01,-1.214435e+01,2.860802e+00,-1.876019e+01,-2.129419e+01,-4.056596e+00,5.230377e+00,1.045580e+01,-3.679507e+00,8.502414e+00,-7.049402e+00,-1.691189e+00,-4.328024e+00,5.382880e+00,-7.271097e+00,-6.121288e+00,-4.138355e+00,-3.293748e+00,-4.482303e+00,-5.254240e+00,-4.141531e+00,-3.542776e+00,-2.640552e+00,2.779256e-01,4.943972e-01,7.218640e-01,1.111289e+00,1.461944e+00,1.624646e+00,1.866977e+00,2.531831e+00,2.219669e+02,4.239379e-01,7.997980e-03,-5.387318e-01,-9.065914e-01,-7.455235e-01,-8.621311e-02,8.544229e-01,1.551661e+00,1.196468e-01,4.872799e-01,-9.576452e-01,6.587315e-02,-1.721209e+00,-3.467375e-02,1.492710e+00,5.630354e-01,-7.158743e-01,-2.232603e-01,-2.733140e-01,-1.392982e-01,-2.689366e-02,-1.749468e-02,-6.707263e-02,-4.533365e-02,2.500608e-02,1.655422e-02,1.230801e-02,1.707944e-02,-5.570316e-03,1.400602e-03,-2.409458e-04,-7.128251e-03,-1.479952e-02,0,-1.675386e-01,0,0,0,0,0,0,0,0
849,8.490000,2.684793e-01,-3.862608e+01,-1.241674e+01,3.461211e+00,-2.023074e+01,-2.125052e+01,-2.179292e+00,3.918915e+00,1.155175e+01,-4.048873e+00,8.084592e+00,-7.425887e+00,2.271674e+00,-1.772440e+00,9.299263e+00,-9.322618e+00,-6.264136e+00,-4.303947e+00,-3.353047e+00,-4.489783e+00,-5.318291e+00,-4.405695e+00,-3.555068e+00,-2.573436e+00,3.159998e-01,5.143327e-01,7.532365e-01,1.089743e+00,1.521761e+00,1.630943e+00,1.930698e+00,2.653522e+00,2.219669e+02,2.160880e-01,-2.835223e-02,1.479581e+00,-1.180237e+00,-1.376301e+00,1.176788e+00,1.976800e+00,9.551813e-01,-2.474213e-02,-7.690936e-01,-1.258298e+00,1.471967e+00,-1.871980e+00,1.445060e+00,6.889902e-01,6.878167e-01,-2.841362e-01,5.313110e-02,-4.930592e-02,2.232630e-02,2.433899e-01,3.580528e-01,3.176378e-01,3.670784e-01,2.893314e-01,2.159480e-02,1.956575e-02,3.208892e-02,1.427054e-03,4.624426e-03,7.889521e-03,4.547417e-03,-2.831457e-02,0,-1.681624e-01,0,0,0,0,0,0,0,0
850,8.500000,2.123943e-01,-3.870545e+01,-1.248587e+01,1.423711e+00,-1.831532e+01,-1.872666e+01,1.179174e+00,1.369291e+00,1.015110e+01,-6.877530e+00,6.204638e+00,-9.226518e+00,1.338187e+00,-5.416698e+00,1.112789e+01,-8.673894e+00,-6.216885e+00,-4.620559e+00,-3.494231e+00,-4.390645e+00,-5.082304e+00,-4.403558e+00,-3.504894e+00,-2.583536e+00,3.468903e-01,5.205786e-01,7.569370e-01,1.055228e+00,1.437460e+00,1.604786e+00,1.789117e+00,2.427298e+00,2.219669e+02,0,-5.036162e-02,4.188188e+00,-1.938534e+00,-1.744811e+00,2.991073e+00,3.029864e+00,-9.852521e-01,1.093805e+00,-1.739339e+00,-2.211995e+00,4.558693e+00,-1.435789e+00,2.788534e+00,7.129742e-01,-1.819498e+00,4.367251e-01,3.582663e-01,2.840347e-01,2.189589e-01,5.636519e-01,7.767503e-01,9.397074e-01,8.678468e-01,6.803603e-01,1.115682e-02,2.419336e-02,3.718632e-02,1.909960e-02,9.121179e-04,9.863019e-03,7.703185e-04,-9.142254e-02,3.723938e-01,-5.570967e-02,0,0,0,0,1.628738e+01,0,0,3.056967e-04
851,8.510000,1.227084e-01,-2.965056e+01,-1.592056e+01,-1.253352e+00,-1.336666e+01,-1.352285e+01,-2.892831e+00,7.148105e+00,7.326586e+00,-8.996085e+00,1.822607e+01,-1.020098e+01,7.259703e+00,-3.750719e+00,5.683237e+00,-7.918362e+00,-5.450300e+00,-3.715466e+00,-2.836141e+00,-3.166440e+00,-3.593159e+00,-2.380747e+00,-1.701430e+00,-1.212886e+00,3.446791e-01,5.631005e-01,8.232360e-01,1.134216e+00,1.513972e+00,1.665964e+00,1.933498e+00,2.453149e+00,2.219669e+02,0,-4.484511e-02,5.845474e+00,-2.372580e+00,-1.277167e+00,4.277373e+00,3.001535e+00,-3.845425e+00,1.905159e+00,-2.742394e+00,-1.173280e+00,5.295863e+00,-2.055631e+00,2.763267e+00,1.884103e+00,-4.030005e+00,1.678521e+00,6.094397e-01,5.794395e-01,3.542287e-01,6.425952e-01,1.002499e+00,1.317633e+00,1.175823e+00,8.889290e-01,-1.026663e-03,2.215418e-02,4.101603e-02,4.129826e-02,-7.037449e-03,1.069304e-02,-6.933999e-03,-9.047179e-02,1.173392e+00,8.873005e-02,0,0,0,0,4.057088e+01,5.526003e-03,1.030337e-02,1.770307e-02
852,8.520000,9.279954e-02,-2.181070e+01,-2.008511e+01,-3.505970e+00,-7.236862e+00,-1.000871e+01,-8.626087e+00,9.084807e+00,3.871685e+00,-1.226587e+01,2.622514e+01,-1.284080e+01,9.757466e+00,2.259860e-01,-1.906598e+00,-5.789599e+00,-4.736875e+00,-3.012423e+00,-2.457406e+00,-2.325715e+00,-2.233054e+00,-4.554687e-01,-1.303612e-01,8.097533e-02,3.193699e-01,5.909801e-01,8.727959e-01,1.184550e+00,1.470399e+00,1.656451e+00,1.869429e+00,2.174905e+00,2.238289e+02,2.534336e-01,-1.771826e-02,4.688632e+00,-5.853305e-01,8.368527e-01,3.402607e+00,9.525092e-01,-6.971655e+00,4.380240e-01,-3.207952e+00,6.934375e-01,2.145203e+00,-3.311649e-01,2.307434e+00,2.379045e+00,-3.350737e+00,1.765921e+00,7.809173e-01,8.207779e-01,3.621601e-01,3.347722e-01,6.959969e-01,9.659692e-01,8.018009e-01,5.687780e-01,-8.929228e-03,-2.497852e-03,2.322086e-02,4.092325e-02,-9.598983e-03,4.169309e-03,1.838803e-03,-3.300407e-02,2.234607e+00,2.162706e-01,8.143688e+01,0,0,1.528483e-03,6.460945e+01,9.869615e-03,1.945525e-02,5.745369e-02
853,8.530000,1.040512e-01,-1.784608e+01,-2.048002e+01,-4.597810e-01,-4.383104e+00,-1.060183e+01,-1.650379e+01,9.586953e+00,9.794874e-01,-7.221104e+00,2.455366e+01,-1.589690e+01,1.187837e+01,4.826734e+00,-4.333518e+00,-2.372159e+00,-3.956942e+00,-2.210819e+00,-2.100316e+00,-2.309272e+00,-1.730421e+00,2.084264e-01,6.367819e-01,5.389536e-01,3.246267e-01,5.899029e-01,9.003873e-01,1.231573e+00,1.470104e+00,1.658576e+00,1.855872e+00,2.327359e+00,2.269029e+02,5.330214e-01,3.428885e-02,1.455156e+00,2.810122e+00,2.231765e+00,1.381879e+00,-1.574800e+00,-9.440893e+00,-2.954386e+00,-3.156603e+00,1.855552e+00,-3.937846e+00,3.551994e+00,4.658112e-01,1.457788e-01,-6.004043e-01,2.708673e-01,8.723950e-01,9.559101e-01,2.611682e-01,-1.344010e-01,1.649024e-01,1.973216e-01,-6.896346e-02,-1.866520e-01,-8.069957e-03,-4.255495e-02,9.325266e-04,2.847289e-02,-1.995043e-02,-1.026669e-02,1.065353e-02,4.678192e-02,2.853735e+00,2.245694e-01,1.621360e+02,2.763001e-02,5.151683e-02,8.775109e-02,6.390231e+01,1.148125e-02,2.219149e-02,8.131058e-02
854,8.540000,1.331316e-01,-2.116453e+01,-1.313280e+01,5.211189e+00,-5.794071e+00,-1.542463e+01,-2.687362e+01,2.339987e+00,-2.715111e+00,-4.297833e+00,1.376686e+01,-8.034383e+00,1.056602e+01,2.189799e+00,-6.174132e-01,-2.617390e+00,-3.058977e+00,-1.268993e+00,-2.051343e+00,-3.145368e+00,-2.533688e+00,-8.682990e-01,-6.649958e-01,-6.155661e-01,3.122704e-01,4.946881e-01,8.344657e-01,1.211166e+00,1.411399e+00,1.629326e+00,1.837124e+00,2.325173e+00,2.306720e+02,8.148424e-01,9.836337e-02,-1.608028e-01,5.392450e+00,1.694197e+00,-1.924851e-01,-2.026192e+00,-1.125372e+01,-5.314868e+00,-2.903020e+00,1.323263e+00,-6.246018e+00,8.389438e+00,-3.278073e-01,-2.511709e+00,1.825582e+00,-2.712943e+00,1.006408e+00,1.196619e+00,2.629493e-01,-2.308648e-01,-2.865410e-03,-1.439808e-01,-6.321977e-01,-6.837018e-01,-9.319181e-03,-7.102469e-02,-3.542960e-04,2.939766e-02,1.097298e-03,-1.384509e-03,8.322288e-02,1.327253e-01,2.559302e+00,1.494406e-01,2.419792e+02,3.553307e-02,7.151785e-02,2.433929e-01,3.867048e+01,4.092055e-03,7.593262e-03,6.728537e-02
855,8.550000,2.739866e-01,-2.269787e+01,-5.346106e+00,5.546892e+00,-7.178667e+00,-1.868889e+01,-4.097353e+01,-4.251418e+00,-5.163029e+00,-3.702343e+00,4.765979e+00,5.155778e+00,9.184480e+00,-4.003731e+00,2.036623e+00,-8.150129e+00,-1.927274e+00,1.923707e-01,-1.733332e+00,-3.428618e+00,-2.618330e+00,-1.187724e+00,-1.778930e+00,-1.797875e+00,3.078791e-01,3.984717e-01,8.470637e-01,1.263273e+00,1.443720e+00,1.628193e+00,2.002918e+00,2.611924e+00,2.328140e+02,8.421426e-01,1.206970e-01,9.193516e-02,5.473911e+00,-8.079325e-01,-8.338931e-01,-3.894051e-01,-1.114385e+01,-5.449842e+00,-2.006774e+00,-1.450183e+00,-5.172043e+00,1.050173e+01,-3.480528e-01,-3.114212e+00,2.886805e+00,-4.891880e+00,1.001157e+00,1.213012e+00,2.796839e-01,2.250910e-02,2.292108e-01,6.840449e-02,-6.754627e-01,-7.164918e-01,-1.246455e-02,-7.058422e-02,1.442189e-02,2.879097e-02,7.027209e-03,-4.807889e-03,1.029100e-01,1.084861e-01,1.623656e+00,6.637009e-02,2.392403e+02,3.963973e-02,7.519855e-02,2.856207e-01,1.361449e+01,-5.559412e-03,-1.298257e-02,-1.590729e-04
856,8.560000,4.996487e-01,-2.018882e+01,-6.898122e-01,1.961680e+00,-6.801506e+00,-1.609614e+01,-5.265983e+01,-1.057035e+01,-7.572157e+00,-7.408937e+00,4.888892e+00,1.858005e+01,9.465374e+00,-7.917325e+00,4.036242e+00,-1.646533e+01,-7.196704e-01,1.769077e+00,-1.326152e+00,-2.920366e+00,-1.803427e+00,-4.772981e-01,-2.083493e+00,-2.169119e+00,2.811478e-01,3.315722e-01,8.976862e-01,1.315688e+00,1.489077e+00,1.664720e+00,2.212021e+00,2.696249e+00,2.336698e+02,8.460760e-01,1.499047e-01,1.512633e+00,3.669191e+00,-3.056837e+00,-1.098312e+00,2.199318e+00,-8.823427e+00,-3.143638e+00,-1.897859e-01,-2.875060e+00,-2.045680e+00,7.464808e+00,2.453871e-01,-6.020499e-01,3.154467e+00,-3.991376e+00,8.277617e-01,9.573097e-01,3.542956e-01,3.875369e-01,5.960545e-01,4.709865e-01,-2.941883e-01,-3.713443e-01,-9.608570e-03,-4.091534e-02,3.157402e-02,2.949042e-02,1.070764e-02,-1.946688e-03,9.485116e-02,7.957788e-02,4.624054e-01,8.067655e-03,2.362371e+02,1.445542e-02,2.612545e-02,2.390205e-01,-3.021362e+00,-8.016502e-03,-1.913436e-02,-5.809667e-02
857,8.570000,5.242779e-01,-1.787426e+01,6.680445e-01,-2.874689e+00,-8.048852e+00,-1.221310e+01,-5.932996e+01,-1.120709e+01,-6.625858e+00,-1.291647e+01,3.132425e+00,2.330454e+01,1.068843e+01,-5.690762e+00,7.773682e+00,-1.990759e+01,-1.208112e-01,2.335205e+00,-1.064492e+00,-2.309228e+00,-9.494979e-01,3.549484e-01,-2.031283e+00,-2.266729e+00,2.778652e-01,3.185397e-01,9.408865e-01,1.323266e+00,1.466401e+00,1.616840e+00,2.182974e+00,2.684252e+00,2.335222e+02,8.492551e-01,1.135576e-01,2.013822e+00,1.912726e+00,-3.535931e+00,-1.629521e+00,3.163663e+00,-4.904495e+00,-7.729027e-01,2.043475e+00,-2.677518e+00,-1.535497e-01,2.628229e+00,3.080646e-01,2.113807e+00,3.939759e+00,-6.021158e-01,5.162536e-01,4.796253e-01,3.883943e-01,5.208727e-01,6.495729e-01,5.507144e-01,-3.243463e-02,-7.097936e-02,-6.527015e-03,-1.231585e-02,9.162056e-03,5.661726e-04,-1.027005e-02,-2.010123e-02,-6.070733e-03,-1.259072e-02,-4.253723e-01,2.522516e-03,2.330795e+02,1.037178e-02,9.300190e-03,8.914193e-02,-3.088724e+00,-5.920432e-03,-1.446751e-02,-6.931171e-02
858,8.580000,7.575095e-01,-1.601317e+01,2.206082e+00,-5.862205e+00,-1.085054e+01,-7.665936e+00,-6.181254e+01,-9.900365e+00,-2.932627e+00,-1.406607e+01,4.355240e+00,2.021528e+01,1.104099e+01,2.306453e-02,1.228639e+01,-1.669554e+01,1.766002e-01,2.446138e+00,-6.142848e-01,-1.767378e+00,-3.878319e-01,7.152972e-01,-2.009761e+00,-2.237860e+00,2.792345e-01,3.300774e-01,9.454244e-01,1.328621e+00,1.453596e+00,1.625269e+00,2.221351e+00,2.686898e+00,2.326299e+02,8.516244e-01,1.005125e-01,1.440917e+00,1.030127e+00,-2.651023e+00,-1.892383e+00,2.114663e+00,-1.326859e+00,1.061670e+00,3.376892e+00,-1.089995e+00,-1.563843e-01,-1.780516e+00,-2.656218e-01,2.697687e+00,4.382700e+00,2.677364e+00,2.014907e-01,3.496382e-02,3.899906e-01,4.107850e-01,4.319629e-01,3.395404e-01,4.125363e-02,2.305653e-02,-3.902525e-04,8.659691e-03,-1.731499e-02,-2.035949e-02,-2.122498e-02,-3.111409e-02,-7.006384e-02,-4.060032e-02,-1.080777e+00,1.640499e-03,2.299528e+02,1.008454e-02,8.795236e-03,5.114894e-02,-3.046993e+00,-8.341437e-05,-2.783588e-03,-4.747487e-02
859,8.590000,7.128443e-01,-1.471658e+01,2.769574e+00,-8.220818e+00,-1.330175e+01,-7.085678e+00,-6.091965e+01,-8.450924e+00,2.734578e+00,-1.376137e+01,4.265057e+00,1.747931e+01,9.936997e+00,2.595107e+00,1.761034e+01,-1.104560e+01,2.058585e-01,2.251966e+00,-1.472941e-01,-1.400749e+00,-7.826335e-02,9.695508e-01,-1.977970e+00,-2.118402e+00,2.762007e-01,3.376398e-01,8.690049e-01,1.259637e+00,1.410110e+00,1.547412e+00,1.967899e+00,2.553646e+00,2.312071e+02,8.519809e-01,8.230589e-02,6.937083e-01,5.479053e-01,-1.122616e+00,-1.493110e+00,4.486234e-01,8.747231e-01,1.121342e+00,3.083374e+00,-6.302748e-02,-5.899123e-01,-3.205325e+00,-9.969016e-01,1.171274e+00,3.401130e+00,3.881225e+00,2.029363e-02,-1.655967e-01,3.271365e-01,2.078777e-01,1.765637e-01,9.685104e-02,2.753729e-02,5.259688e-02,2.722800e-04,1.416012e-02,-3.889122e-02,-2.848996e-02,-1.892054e-02,-2.804396e-02,-1.008556e-01,-5.210567e-02,-1.530899e+00,1.354247e-03,2.269388e+02,1.222301e-02,1.152612e-02,3.299790e-02,-2.881280e+00,1.028954e-03,5.024888e-04,-1.468377e-02
860,8.600000,9.079280e-01,-1.456307e+01,3.410059e+00,-8.620372e+00,-1.363697e+01,-8.086534e+00,-5.849928e+01,-6.640086e+00,4.632083e+00,-1.243646e+01,3.540654e+00,1.259008e+01,8.512981e+00,1.428174e+00,2.103141e+01,-7.509504e+00,1.244482e-01,1.985515e+00,1.652022e-01,-1.320680e+00,-7.922975e-02,9.131029e-01,-1.903882e+00,-2.128000e+00,2.800288e-01,3.653206e-01,8.470520e-01,1.245705e+00,1.411098e+00,1.543863e+00,1.969239e+00,2.558550e+00,2.294235e+02,8.529155e-01,4.318470e-02,-1.329475e-01,1.188377e-01,-6.857495e-02,-8.921463e-01,-9.013922e-01,1.240996e+00,6.447714e-01,1.794381e+00,-4.655537e-01,-1.807280e+00,-2.902273e+00,-1.876323e+00,-7.150720e-01,1.246502e+00,3.166931e+00,-8.997054e-02,-2.449129e-01,1.913658e-01,-2.805901e-03,-1.057801e-02,-5.874143e-02,-4.705214e-03,-3.861427e-04,2.282858e-03,1.503572e-02,-2.764974e-02,-1.365092e-02,-9.172166e-03,-1.764460e-02,-5.648825e-02,-2.080259e-02,-1.807433e+00,1.580787e-03,2.240725e+02,1.311273e-02,1.109455e-02,2.971818e-02,-2.637025e+00,1.927394e-03,2.197808e-04,-3.729810e-03
861,8.610000,8.605980e-01,-1.513077e+01,2.805582e+00,-7.108688e+00,-1.412119e+01,-9.759681e+00,-5.661297e+01,-7.230522e+00,5.008658e+00,-1.404641e+01,5.901564e-01,1.109051e+01,6.967924e+00,-5.369481e-01,2.040682e+01,-5.094482e+00,6.732943e-03,1.737533e+00,1.814469e-01,-1.493188e+00,-2.209808e-01,7.403007e-01,-1.946536e+00,-2.058675e+00,2.788295e-01,3.717187e-01,7.956166e-01,1.222274e+00,1.393048e+00,1.517323e+00,1.804752e+00,2.487897e+00,2.274709e+02,8.553808e-01,3.764658e-02,-7.881408e-01,-3.000999e-01,6.238148e-01,-6.171732e-01,-1.423923e+00,8.208229e-01,-4.957561e-01,9.309523e-01,-1.089854e+00,-2.890590e+00,-2.047494e+00,-2.378771e+00,-1.344698e+00,-1.624428e+00,2.210284e+00,-1.580985e-01,-2.626010e-01,5.269202e-02,-1.639791e-01,-1.135556e-01,-1.740940e-01,-6.546579e-02,-3.473518e-02,5.448955e-03,1.130268e-02,-6.552839e-03,8.259093e-03,-1.901984e-03,-6.901026e-04,6.308734e-03,1.844099e-02,-1.942249e+00,1.341540e-03,2.216133e+02,1.400245e-02,1.066298e-02,2.643847e-02,-2.346680e+00,2.834536e-03,1.016719e-04,6.828301e-03
862,8.620000,8.995562e-01,-1.647081e+01,2.782266e+00,-6.761145e+00,-1.490155e+01,-1.083589e+01,-5.776090e+01,-7.286709e+00,4.902241e+00,-1.625132e+01,-2.843709e+00,8.898314e+00,3.143907e+00,-1.986268e+00,1.712066e+01,-3.836447e+00,-1.736897e-01,1.478791e+00,1.781740e-01,-1.735188e+00,-3.693632e-01,5.362151e-01,-2.049004e+00,-2.269655e+00,2.893344e-01,3.882166e-01,8.438699e-01,1.279048e+00,1.416267e+00,1.552091e+00,2.020483e+00,2.615760e+00,2.254608e+02,8.578284e-01,-1.887553e-02,-1.136792e+00,-5.003814e-01,6.842087e-01,-6.084026e-01,-1.364227e+00,1.219105e-01,-1.461326e+00,1.169079e+00,-1.056065e+00,-3.182919e+00,-1.045763e+00,-2.158564e+00,-1.362201e+00,-3.150043e+00,1.434500e+00,-2.017955e-01,-2.567144e-01,-2.411520e-02,-2.448807e-01,-1.337648e-01,-2.102836e-01,-1.365571e-01,-6.602561e-02,7.359681e-03,3.846920e-03,6.082571e-03,1.469805e-02,-3.536820e-03,-6.791473e-04,3.369517e-02,3.645267e-02,-1.978181e+00,-1.566768e-04,2.194305e+02,1.883179e-02,1.032571e-02,3.577961e-02,-2.085989e+00,2.449573e-03,4.945648e-04,1.239824e-02
863,8.630000,9.052632e-01,-1.770342e+01,1.582971e+00,-6.031357e+00,-1.575533e+01,-1.283061e+01,-5.718472e+01,-1.060639e+01,7.254261e+00,-1.730321e+01,-6.995710e+00,9.087718e+00,7.276812e-01,-2.421161e+00,1.144358e+01,-1.830709e+00,-4.355652e-01,1.192324e+00,1.096802e-01,-2.013391e+00,-5.009746e-01,2.875247e-01,-2.232738e+00,-2.221250e+00,2.987927e-01,3.827052e-01,8.378318e-01,1.284261e+00,1.398016e+00,1.539848e+00,1.973820e+00,2.617246e+00,2.234772e+02,8.562322e-01,-7.584292e-02,-1.010393e+00,-5.157349e-01,5.861865e-01,-4.152231e-01,-9.059502e-01,-4.116734e-01,-1.359055e+00,1.554058e+00,-7.849026e-02,-2.232028e+00,-9.041517e-01,-6.385009e-01,-1.431639e+00,-2.917895e+00,1.230849e+00,-2.002689e-01,-2.182475e-01,-2.781682e-02,-2.398068e-01,-9.158543e-02,-1.731201e-01,-1.418113e-01,-4.696295e-02,7.509270e-03,-5.173952e-04,1.661837e-02,1.568961e-02,-4.237151e-03,6.237566e-03,5.096839e-02,4.194844e-02,-1.961963e+00,-1.901841e-03,2.175264e+02,2.353616e-02,1.241890e-02,6.410869e-02,-1.913300e+00,3.780089e-05,3.056698e-04,9.615327e-03
864,8.640000,7.912178e-01,-1.896071e+01,1.519458e+00,-5.737994e+00,-1.586191e+01,-1.337220e+01,-5.760385e+01,-1.225878e+01,9.354676e+00,-1.608838e+01,-8.581005e+00,8.362664e+00,8.402840e-01,-4.440727e+00,9.762820e+00,-1.968890e+00,-6.633804e-01,9.745482e-01,8.050955e-02,-2.284983e+00,-6.080567e-01,8.807308e-02,-2.443567e+00,-2.376841e+00,3.068456e-01,3.790619e-01,8.563573e-01,1.288202e+00,1.390930e+00,1.529205e+00,2.053181e+00,2.676139e+00,2.215294e+02,8.517064e-01,-1.290521e-01,-6.433824e-01,-4.506503e-01,4.567726e-01,-7.831974e-02,-4.915640e-01,-4.365273e-01,-7.883968e-01,1.498614e+00,8.717977e-01,-2.502149e-01,-4.896477e-01,1.518163e+00,-1.685063e+00,-1.013534e+00,1.129661e+00,-1.559085e-01,-1.500262e-01,-1.741910e-02,-1.878178e-01,-3.805710e-02,-1.015846e-01,-1.010897e-01,-5.689907e-03,3.876144e-03,-3.937802e-03,3.222728e-03,2.850533e-03,-9.928989e-03,1.577139e-05,-5.507600e-03,-1.323714e-02,-1.912422e+00,-2.983826e-03,2.156860e+02,2.059374e-02,1.268941e-02,7.287426e-02,-1.763812e+00,-3.732257e-03,-8.787903e-04,1.151045e-03
865,8.650000,5.355526e-01,-1.893779e+01,8.583122e-01,-4.689331e+00,-1.571712e+01,-1.302128e+01,-5.874986e+01,-1.153976e+01,1.055273e+01,-1.452033e+01,-7.701334e+00,6.837578e+00,4.927230e+00,-6.467913e+00,9.496266e+00,1.259824e-01,-7.497662e-01,8.984168e-01,9.119496e-02,-2.417325e+00,-5.595612e-01,9.877131e-02,-2.458311e+00,-2.239897e+00,3.076202e-01,3.737091e-01,8.724647e-01,1.296145e+00,1.384530e+00,1.559953e+00,2.043246e+00,2.667450e+00,2.196268e+02,8.489326e-01,-1.516857e-01,-3.023134e-01,-3.009649e-01,3.225621e-01,2.980267e-01,-5.027390e-02,-4.781990e-01,1.339863e-01,4.718881e-01,1.651176e+00,5.721669e-01,-2.843808e-01,2.672871e+00,-2.013888e+00,2.528417e-01,8.352579e-01,-1.082404e-01,-9.422185e-02,-1.629409e-02,-1.235045e-01,6.937981e-03,-3.908090e-02,-3.385212e-02,-9.591985e-03,1.825303e-03,2.428889e-04,8.099365e-03,2.500772e-03,-5.657184e-03,1.666806e-02,2.170634e-03,-3.081071e-02,-1.825371e+00,-2.271891e-03,2.139191e+02,1.331048e-02,1.100948e-02,5.596778e-02,-1.564227e+00,-5.106596e-03,-1.905125e-03,-6.046817e-03
866,8.660000,4.391507e-01,-1.907054e+01,8.913441e-01,-5.148295e+00,-1.531225e+01,-1.319838e+01,-5.916096e+01,-1.076201e+01,1.074607e+01,-1.328377e+01,-3.741971e+00,7.575146e+00,8.634946e+00,-8.388206e+00,1.302665e+01,8.335122e-01,-7.961318e-01,8.756135e-01,1.003211e-01,-2.472310e+00,-5.303554e-01,1.226690e-01,-2.441666e+00,-2.288781e+00,3.043014e-01,3.730257e-01,8.426670e-01,1.287359e+00,1.373364e+00,1.542117e+00,1.958233e+00,2.524472e+00,2.178239e+02,8.465591e-01,-6.282369e-02,-2.354300e-01,-2.057557e-01,5.199206e-01,1.547070e-01,8.622722e-02,5.395851e-02,1.373604e-01,-2.976648e-01,2.118643e+00,5.325730e-01,3.123546e-01,2.337067e+00,-2.005609e+00,6.422670e-01,1.279465e-01,-9.330487e-02,-6.964416e-02,-3.029161e-02,-9.138999e-02,-2.691666e-02,-7.617022e-02,-2.922766e-02,3.014207e-03,-1.040190e-04,3.385481e-03,-1.135458e-02,-2.779126e-03,-7.344282e-03,1.425328e-02,-3.498166e-02,-5.989697e-02,-1.682117e+00,-1.834619e-03,2.124151e+02,5.283343e-03,6.636472e-03,4.560529e-02,-1.252341e+00,-4.012538e-03,-2.490216e-03,-8.991867e-04
867,8.670000,3.228684e-01,-1.916007e+01,3.922031e-01,-4.713396e+00,-1.454002e+01,-1.316889e+01,-5.879716e+01,-1.068485e+01,8.918003e+00,-1.044964e+01,-6.554392e+00,8.059573e+00,1.019471e+01,-1.051686e+01,1.107587e+01,9.443787e-01,-9.103913e-01,7.706817e-01,1.830395e-02,-2.537250e+00,-5.051354e-01,7.482226e-02,-2.402949e+00,-2.313240e+00,3.091913e-01,3.869378e-01,8.851737e-01,1.297187e+00,1.378512e+00,1.616732e+00,2.032147e+00,2.539026e+00,2.162031e+02,8.474464e-01,1.913184e-02,-5.222780e-01,-5.140601e-02,1.324675e+00,-4.630466e-01,-2.218479e-01,9.397286e-01,-3.603875e-01,-1.270909e+00,2.557114e+00,-9.213753e-01,5.558633e-01,8.592564e-01,-2.566461e+00,-3.781310e-01,-1.142664e+00,-1.095147e-01,-7.670446e-02,-4.880517e-02,-1.165818e-01,-1.709951e-01,-2.411050e-01,-7.306516e-02,-1.982460e-02,8.967936e-04,4.563290e-03,-2.163202e-02,-4.592800e-03,-5.176485e-03,1.873221e-02,-1.109581e-02,-2.378991e-02,-1.475600e+00,-3.301132e-03,2.113407e+02,5.658379e-03,5.919743e-03,4.750909e-02,-8.560486e-01,-1.889834e-03,-2.020526e-03,3.220982e-03
868,8.680000,5.834415e-01,-2.002672e+01,7.237336e-01,-3.126358e+00,-1.567693e+01,-1.286726e+01,-5.731041e+01,-1.199944e+01,8.683717e+00,-7.530512e+00,-6.491611e+00,9.313439e+00,9.891881e+00,-1.244430e+01,1.218435e+01,-1.738356e+00,-1.049592e+00,6.901949e-01,-3.450302e-02,-2.681970e+00,-7.698529e-01,-2.808035e-01,-2.617386e+00,-2.325098e+00,3.055400e-01,3.893750e-01,7.932299e-01,1.273785e+00,1.357217e+00,1.572082e+00,1.883821e+00,2.440866e+00,2.148307e+02,8.432764e-01,6.309767e-02,-7.987896e-01,-1.306364e-01,2.566233e+00,-9.205327e-01,-5.193531e-01,1.762563e+00,-1.412712e-01,-1.864050e+00,1.745556e+00,-8.710319e-01,4.940556e-01,-2.163928e-01,-2.633686e+00,-1.957627e+00,-2.336216e+00,-1.369146e-01,-9.529757e-02,-7.117782e-02,-1.476592e-01,-3.597269e-01,-4.044042e-01,-9.831972e-02,1.678379e-02,9.543925e-04,9.935021e-04,-3.833288e-02,-8.516395e-03,-5.227697e-03,1.393598e-02,-1.902595e-02,1.060693e-02,-1.223845e+00,-7.832289e-03,2.107134e+02,4.357101e-03,2.783197e-03,7.260767e-02,-4.685791e-01,-4.343464e-04,-1.442021e-03,5.995054e-03
869,8.690000,5.590664e-01,-2.107109e+01,6.850874e-01,9.230740e-01,-1.785002e+01,-1.429608e+01,-5.497650e+01,-1.272299e+01,5.229367e+00,-4.611388e+00,-1.093339e+01,8.747747e+00,8.595045e+00,-1.727217e+01,8.026759e+00,-4.301404e+00,-1.170609e+00,6.076038e-01,-8.541884e-02,-2.895404e+00,-1.294788e+00,-9.050174e-01,-2.735777e+00,-2.320861e+00,3.114849e-01,3.883509e-01,7.890232e-01,1.279968e+00,1.366722e+00,1.638632e+00,2.024972e+00,2.590303e+00,2.137454e+02,8.340682e-01,5.174524e-02,-1.201415e+00,-4.690924e-01,3.208498e+00,-5.494562e-01,-9.367388e-01,2.176810e+00,2.899837e-01,-1.791933e+00,-1.544515e-01,-1.351288e-01,3.781857e-01,-1.136083e+00,-2.315900e+00,-3.684193e+00,-2.791544e+00,-2.004147e-01,-1.674622e-01,-1.493386e-01,-2.180766e-01,-4.958932e-01,-4.784620e-01,-1.052197e-01,2.538591e-02,1.234105e-03,-4.033998e-03,-4.206776e-02,-1.047974e-02,-3.166676e-03,4.801798e-03,-3.530339e-02,1.596079e-02,-9.322861e-01,-2.414144e-02,2.104897e+02,4.324433e-03,2.833486e-03,5.857150e-02,-1.421113e+01,-5.996055e-04,-1.175597e-03,-3.548717e-03
870,8.700000,6.365400e-01,-2.210898e+01,9.171983e-02,4.864633e+00,-1.825992e+01,-1.523155e+01,-5.225848e+01,-1.044930e+01,3.270144e+00,-7.475118e+00,-5.907631e+00,9.701337e+00,8.352813e+00,-1.817898e+01,4.763069e+00,-8.224676e+00,-1.350596e+00,4.806646e-01,-2.037066e-01,-3.031529e+00,-1.934163e+00,-1.409432e+00,-2.766850e+00,-2.201051e+00,3.079265e-01,3.772866e-01,6.990779e-01,1.253386e+00,1.353121e+00,1.600847e+00,1.866691e+00,2.551868e+00,2.129335e+02,8.140867e-01,-2.005507e-02,-1.560215e+00,-1.601357e+00,3.030962e+00,2.196681e-01,-1.727152e-02,3.084763e+00,1.183297e+00,-8.617598e-01,-2.820476e+00,3.458796e-01,-6.976936e-01,-1.357757e+00,-1.474715e+00,-4.530994e+00,-2.236464e+00,-3.640479e-01,-4.108548e-01,-3.683235e-01,-2.679672e-01,-5.057445e-01,-4.312723e-01,-1.000059e-01,1.086093e-01,1.041865e-03,-2.618432e-04,-2.209449e-02,-9.168732e-03,-3.768432e-03,-5.669355e-04,-5.835791e-02,-1.783204e-03,-6.310822e-01,-4.706457e-02,2.104977e+02,3.778584e-03,9.694933e-04,7.004935e-02,-3.511129e+01,-6.897215e-04,-6.583338e-04,-1.234807e-02
871,8.710000,5.550453e-01,-2.412601e+01,-1.637252e+00,7.333601e+00,-1.599581e+01,-1.667044e+01,-5.043908e+01,-1.001000e+01,2.665126e+00,-1.124960e+01,-7.522026e+00,9.756553e+00,5.283827e+00,-1.922902e+01,-3.634454e+00,-9.770181e+00,-1.761963e+00,3.813579e-02,-6.437872e-01,-3.452853e+00,-2.402446e+00,-1.753174e+00,-2.854316e+00,-2.248334e+00,3.141686e-01,3.728120e-01,7.219110e-01,1.254988e+00,1.364727e+00,1.626359e+00,1.864196e+00,2.563329e+00,2.124903e+02,7.413340e-01,-6.800002e-02,-1.801162e+00,-3.538302e+00,2.643704e+00,1.965483e-01,1.912312e+00,4.942419e+00,2.708350e+00,2.036687e+00,-3.456461e+00,9.382172e-01,-2.209832e+00,-8.572525e-01,-4.622879e-01,-2.872731e+00,-4.476538e-02,-6.447861e-01,-7.708410e-01,-6.142420e-01,-3.235148e-01,-4.358555e-01,-3.503326e-01,-8.850817e-02,3.382201e-01,-1.711452e-03,1.112130e-02,-1.278102e-02,-4.614258e-03,-5.460191e-03,-1.802175e-02,-8.885813e-02,-6.105974e-02,-3.515823e-01,-7.374547e-02,1.403929e+02,2.949610e-03,9.486112e-04,3.104466e-02,-5.612717e+01,-1.083155e-03,-6.202499e-04,-1.625616e-02
872,8.720000,4.851767e-01,-2.630033e+01,-6.121880e+00,8.823188e+00,-1.550569e+01,-1.176644e+01,-4.415531e+01,-7.439443e+00,5.657038e+00,-1.831379e+01,-6.467896e+00,5.320569e+00,4.758703e+00,-1.883945e+01,-4.640010e+00,-1.018629e+01,-2.574155e+00,-1.079345e+00,-1.596936e+00,-3.743082e+00,-2.744746e+00,-2.013087e+00,-3.058146e+00,-1.818315e+00,3.094075e-01,3.958352e-01,7.163135e-01,1.240432e+00,1.339373e+00,1.575384e+00,1.672420e+00,2.445437e+00,2.123029e+02,6.543207e-01,-1.213140e-01,-1.485365e+00,-5.578367e+00,3.118838e+00,-1.453461e+00,3.948205e+00,7.747318e+00,4.439065e+00,4.107966e+00,-1.482384e+00,1.312307e+00,-3.504323e+00,1.397915e+00,1.127621e+00,2.622056e-01,2.999633e+00,-8.491961e-01,-1.044487e+00,-7.434397e-01,-2.852919e-01,-3.829867e-01,-3.547866e-01,-4.348993e-03,6.912724e-01,-1.306756e-02,2.795522e-02,1.931942e-02,4.182243e-03,6.171167e-03,-2.249420e-03,-2.001271e-02,-4.441660e-02,-1.448746e-01,-7.807573e-02,7.020535e+01,1.595905e-03,4.339652e-04,2.463072e-02,-5.613884e+01,-1.050678e-03,-2.887598e-04,-1.711434e-02
873,8.730000,2.947480e-01,-2.798123e+01,-1.389962e+01,1.216232e+01,-1.824439e+01,-6.467077e+00,-3.431599e+01,-6.861632e-01,1.421936e+01,-1.647436e+01,-5.962173e+00,-1.110279e-01,6.105837e+00,-1.925338e+01,-1.635357e+00,-3.544426e+00,-3.782760e+00,-2.466596e+00,-2.460014e+00,-4.157202e+00,-3.068774e+00,-2.354853e+00,-3.032670e+00,-8.211289e-01,3.021871e-01,4.346831e-01,7.165003e-01,1.263374e+00,1.346295e+00,1.561255e+00,1.677817e+00,2.338220e+00,2.123029e+02,5.452239e-01,-1.119436e-01,-5.375118e-01,-6.529413e+00,4.444942e+00,-3.528355e+00,5.406062e+00,8.788582e+00,5.814954e+00,5.207845e+00,1.285553e+00,3.315615e+00,-4.015937e+00,3.349263e+00,3.551619e+00,3.283060e+00,5.392317e+00,-8.148450e-01,-1.007506e+00,-6.050764e-01,-1.912623e-01,-3.443940e-01,-3.599421e-01,1.007343e-01,1.035314e+00,-3.087932e-02,3.348866e-02,1.976172e-02,1.093936e-03,1.125559e-02,8.698237e-03,2.357175e-02,-8.768678e-03,-3.748474e-02,-6.184318e-02,0,0,0,0,-3.509912e+01,-7.495124e-04,-2.331187e-04,-8.672004e-03
874,8.740000,1.601189e-01,-2.760819e+01,-2.166893e+01,1.804446e+01,-2.440293e+01,-5.922096e-01,-2.158344e+01,7.084110e+00,1.803286e+01,-1.227466e+01,-1.260225e-01,-2.886490e+00,1.493138e+01,-1.252869e+01,5.074548e+00,3.660614e+00,-4.586178e+00,-3.489403e+00,-3.012792e+00,-4.105814e+00,-3.515933e+00,-2.882526e+00,-2.699418e+00,5.417084e-01,2.485794e-01,4.861272e-01,7.983803e-01,1.270105e+00,1.393193e+00,1.622152e+00,1.859817e+00,2.442340e+00,2.123029e+02,5.217631e-01,-6.024539e-02,5.168263e-01,-5.525895e+00,5.700798e+00,-3.982001e+00,4.780526e+00,7.244403e+00,5.104842e+00,4.098157e+00,2.568495e+00,4.731303e+00,-3.015163e+00,3.041260e+00,4.774287e+00,3.156061e+00,5.455256e+00,-4.649771e-01,-6.431573e-01,-3.190902e-01,-1.061554e-01,-3.206432e-01,-3.082801e-01,1.784898e-01,1.127164e+00,-4.338212e-02,2.420791e-02,1.990263e-02,-5.330956e-03,1.967886e-02,2.864361e-02,6.274758e-02,4.653752e-02,0,-3.839365e-02,0,0,0,0,-1.404107e+01,-3.191810e-04,-8.679305e-05,-4.926143e-03
875,8.750000,1.578564e-01,-2.615964e+01,-2.651079e+01,2.494767e+01,-2.918896e+01,4.772759e+00,-1.778210e+01,1.180300e+01,2.251644e+01,-7.841397e+00,5.885111e+00,-6.219604e+00,1.694380e+01,-4.626305e+00,7.923567e+00,1.026796e+01,-4.830176e+00,-3.794367e+00,-2.961242e+00,-4.227799e+00,-3.738823e+00,-3.118165e+00,-2.530008e+00,1.748226e+00,1.901860e-01,4.951093e-01,7.796862e-01,1.245621e+00,1.394095e+00,1.646466e+00,1.888356e+00,2.521034e+00,2.123029e+02,4.983969e-01,7.391496e-03,1.012232e+00,-3.571988e+00,5.727466e+00,-2.523234e+00,3.126734e+00,4.309385e+00,2.411297e+00,1.972314e+00,6.222894e-01,4.237436e+00,-2.828424e+00,1.810572e-01,4.670156e+00,1.675664e+00,3.360341e+00,-6.659627e-02,-2.718892e-01,-1.113709e-01,-7.960878e-02,-2.778331e-01,-1.749475e-01,1.746872e-01,9.553212e-01,-3.219189e-02,1.050605e-02,5.605912e-03,-1.349809e-02,1.499815e-02,2.250220e-02,3.706408e-02,6.295957e-02,0,-2.257168e-02,0,0,0,0,0,0,0,0
876,8.760000,2.523955e-01,-2.462699e+01,-2.744577e+01,3.093450e+01,-2.994341e+01,6.516273e+00,-1.620024e+01,1.184018e+01,2.199928e+01,-9.787794e+00,1.126498e+01,-6.700956e+00,1.454602e+01,-2.281554e+00,6.360832e+00,1.018380e+01,-4.375332e+00,-3.631246e+00,-2.941773e+00,-4.238560e+00,-4.012938e+00,-3.172832e+00,-2.417028e+00,2.532826e+00,1.484975e-01,4.866616e-01,7.842337e-01,1.222654e+00,1.413867e+00,1.675996e+00,1.880888e+00,2.586718e+00,2.123029e+02,4.857659e-01,4.899710e-02,6.469738e-01,-1.823667e+00,4.546965e+00,-3.463484e-01,3.417382e-01,1.866864e+00,1.228191e-01,1.110350e+00,-1.105442e+00,2.435894e+00,-1.917285e+00,-2.407396e+00,2.759092e+00,-4.280498e-01,6.062991e-01,1.105861e-01,-6.041079e-02,-5.303257e-02,-1.373764e-01,-2.655054e-01,-5.438471e-02,1.363297e-01,6.132187e-01,-1.230625e-02,-2.341685e-03,-1.572304e-02,-6.688952e-03,1.589773e-02,4.141056e-03,3.102565e-03,3.493681e-02,0,-5.155853e-02,0,0,0,0,0,0,0,0
877,8.770000,2.855671e-01,-2.441067e+01,-2.887115e+01,3.435463e+01,-2.809032e+01,5.612350e+00,-1.546066e+01,8.992284e+00,2.209771e+01,-1.460634e+01,9.529509e+00,-1.234592e+01,7.203804e+00,-1.026170e+00,6.099820e+00,9.995681e+00,-4.221164e+00,-3.755121e+00,-3.052378e+00,-4.488873e+00,-4.209437e+00,-3.084437e+00,-2.300429e+00,2.959918e+00,1.912687e-01,4.869461e-01,7.516031e-01,1.219609e+00,1.410949e+00,1.646843e+00,1.852601e+00,2.580829e+00,2.123029e+02,4.503641e-01,3.654768e-02,-2.121868e-02,-9.994470e-01,2.437456e+00,8.962105e-01,-1.595802e+00,2.243759e+00,-1.654484e+00,1.560974e-01,-1.757139e+00,5.464209e-01,-1.114224e-01,-1.153241e+00,2.292423e+00,-8.498267e-01,-1.254751e+00,7.334528e-02,-6.623542e-02,-1.400671e-01,-9.935250e-02,-2.393147e-01,-4.920523e-02,1.380505e-01,2.795514e-01,-2.358532e-03,1.068902e-03,-6.307024e-03,1.853657e-03,2.618274e-02,-1.800013e-03,2.557666e-02,2.796979e-02,0,-8.990403e-02,0,0,0,0,0,0,0,0
878,8.780000,3.412491e-01,-2.524781e+01,-2.960709e+01,3.607581e+01,-2.668399e+01,6.966858e-01,-1.340984e+01,9.103562e+00,2.379397e+01,-1.441940e+01,1.023125e+01,-9.409760e+00,7.764400e+00,-5.332993e-01,3.846173e+00,6.828248e+00,-4.337754e+00,-3.811080e+00,-3.232386e+00,-4.662159e+00,-4.608153e+00,-3.171313e+00,-2.132560e+00,3.001956e+00,1.865069e-01,4.785004e-01,7.338066e-01,1.249666e+00,1.464255e+00,1.642668e+00,1.893207e+00,2.587126e+00,2.123029e+02,2.879869e-01,2.113188e-02,-4.241598e-01,-7.456039e-01,3.762306e-01,8.104752e-01,-2.522620e+00,2.978874e+00,-1.344962e+00,8.619703e-01,-7.696720e-01,1.101108e-01,1.772643e+00,1.116963e+00,2.010338e+00,-1.119236e+00,-2.099884e+00,-1.014283e-01,-1.050392e-01,-1.344795e-01,-2.684030e-02,-1.718395e-01,-5.651142e-02,1.364892e-01,7.143264e-02,-1.007610e-02,7.440627e-03,-5.270082e-03,9.543848e-03,3.125994e-02,-3.116059e-03,4.264563e-02,2.317781e-02,0,-9.160209e-02,0,0,0,0,0,0,0,0
879,8.790000,2.961681e-01,-2.595532e+01,-3.042737e+01,3.456429e+01,-2.633762e+01,-2.964568e-01,-7.958509e+00,4.898888e+00,2.239958e+01,-1.431129e+01,9.134082e+00,-5.422315e+00,1.456841e+01,5.961680e+00,4.931763e+00,5.671979e+00,-4.482239e+00,-4.035627e+00,-3.516271e+00,-4.512762e+00,-4.637789e+00,-3.364950e+00,-1.981990e+00,2.911419e+00,1.593886e-01,5.045344e-01,7.733646e-01,1.241383e+00,1.499814e+00,1.654130e+00,2.010080e+00,2.660679e+00,2.123029e+02,1.477663e-01,8.097917e-03,-3.870579e-01,-4.831427e-01,-1.005652e+00,4.478001e-01,-2.141937e+00,3.903438e+00,-9.814491e-01,1.019590e+00,3.506991e-01,4.537768e-01,2.322455e+00,1.328928e+00,1.365294e+00,-1.105324e+00,-1.378018e+00,-1.708300e-01,-1.246352e-01,-5.941644e-02,6.065254e-02,-7.875099e-02,-6.940810e-02,1.317125e-01,-8.659219e-03,-1.895875e-02,1.180866e-02,1.128733e-03,8.287216e-03,3.025573e-02,5.953646e-03,4.284447e-02,2.631421e-02,0,-6.515520e-02,0,0,0,0,0,0,0,0
880,8.800000,3.527544e-01,-2.597546e+01,-3.039568e+01,3.271082e+01,-2.676739e+01,-3.142426e+00,-5.056946e+00,7.162074e+00,2.615820e+01,-1.378368e+01,1.201324e+01,-1.299540e+00,1.644853e+01,4.276212e+00,1.348682e+00,1.846234e+00,-4.751936e+00,-4.016189e+00,-3.382224e+00,-4.360817e+00,-4.657959e+00,-3.315132e+00,-1.893801e+00,2.914239e+00,1.140570e-01,5.150706e-01,7.470026e-01,1.259486e+00,1.525734e+00,1.656773e+00,2.015377e+00,2.662682e+00,2.123029e+02,1.790544e-01,7.179898e-03,-1.757116e-01,-3.818541e-01,-1.728088e+00,1.868799e-01,-1.471443e+00,3.429420e+00,-1.465595e+00,1.164842e+00,9.203375e-01,2.944731e-01,-1.965885e-01,-2.238860e+00,7.867885e-03,-1.258986e+00,1.050055e-01,-2.031029e-01,-1.242624e-01,4.552817e-02,5.054207e-02,2.931175e-02,-3.414073e-02,9.694417e-02,-1.117134e-03,-6.740068e-03,1.408626e-02,-2.965569e-03,-3.496266e-03,-1.024187e-03,2.013183e-03,-6.629420e-03,-1.682982e-02,0,-1.865770e-02,0,0,0,0,0,0,0,0
881,8.810000,3.203040e-01,-2.598213e+01,-3.089256e+01,3.100886e+01,-2.580963e+01,-3.177778e+00,-1.199193e-01,5.055782e+00,2.601355e+01,-1.317070e+01,1.090739e+01,-4.788751e+00,9.506378e+00,3.395542e+00,1.821943e+00,5.596597e+00,-4.868223e+00,-4.275742e+00,-3.274541e+00,-4.336281e+00,-4.578289e+00,-3.359568e+00,-1.761245e+00,2.960480e+00,1.326998e-01,5.277043e-01,7.506488e-01,1.256135e+00,1.531488e+00,1.669559e+00,2.005739e+00,2.674622e+00,2.123029e+02,1.790544e-01,1.208368e-03,-8.935203e-02,-1.228245e-01,-1.646342e+00,2.255953e-01,-1.289361e+00,1.994584e+00,-2.282787e+00,1.583307e+00,1.013497e+00,-4.003858e-01,-2.584704e+00,-5.587183e+00,-1.403747e+00,-2.278955e+00,1.244378e+00,-1.624372e-01,-7.222547e-02,1.000469e-01,-2.248115e-02,8.594785e-02,-1.212900e-02,3.471185e-02,1.643095e-02,2.139995e-02,4.788518e-03,-5.901349e-03,-1.590662e-02,-3.048123e-02,-7.773566e-03,-7.311274e-02,-6.512427e-02,0,1.241374e-02,0,0,0,0,0,0,0,0
882,8.820000,3.650806e-01,-2.611297e+01,-3.128376e+01,2.921309e+01,-2.601359e+01,-5.219867e+00,-1.820305e-01,1.697138e+00,2.781120e+01,-1.038800e+01,1.081696e+01,-1.070948e+01,-8.988833e-01,7.891090e-01,-8.938446e-01,7.390966e+00,-5.160276e+00,-4.312335e+00,-3.125610e+00,-4.497689e+00,-4.491344e+00,-3.344708e+00,-1.758211e+00,2.971839e+00,1.661509e-01,5.373468e-01,7.303367e-01,1.224809e+00,1.443297e+00,1.645019e+00,1.862231e+00,2.496006e+00,2.123029e+02,1.790544e-01,-2.625472e-02,-2.286148e-02,3.723234e-01,-2.243319e+00,4.930635e-01,-6.297690e-01,4.715021e-01,-3.899716e+00,1.402115e+00,-3.384209e-03,-1.369662e+00,-3.626865e+00,-5.738626e+00,-8.987875e-02,-3.392588e+00,5.090500e-01,-7.106485e-02,-6.299305e-03,6.862483e-02,-7.152605e-03,2.363718e-01,5.923293e-02,-4.619424e-02,-2.653155e-02,5.224039e-02,2.347827e-03,2.360434e-02,-2.584455e-02,-3.628062e-02,-1.185868e-02,-8.482955e-02,-7.296763e-02,-2.195404e-01,6.155553e-02,0,0,0,0,1.327536e+01,0,0,0
883,8.830000,2.960469e-01,-2.633333e+01,-3.059745e+01,2.808145e+01,-2.558654e+01,-5.704540e+00,-4.230454e-01,-3.782577e+00,2.948962e+01,-1.094165e+01,7.730298e+00,-1.364086e+01,-4.693803e+00,6.864942e-01,-5.341750e+00,9.121503e+00,-5.090255e+00,-4.248682e+00,-3.144343e+00,-4.556732e+00,-4.291358e+00,-3.410808e+00,-1.876226e+00,2.964773e+00,2.403414e-01,5.173389e-01,7.521908e-01,1.179188e+00,1.388627e+00,1.621138e+00,1.721090e+00,2.418396e+00,2.123029e+02,2.098350e-01,-4.110371e-02,3.287737e-01,1.971818e+00,-3.520535e+00,8.079897e-01,-6.663918e-01,-1.973321e+00,-5.557261e+00,9.529564e-01,-7.327612e-01,-1.421595e+00,-2.075164e+00,-3.050808e+00,1.631321e+00,-4.597476e+00,-2.165086e+00,1.348484e-01,2.760006e-01,1.401193e-01,1.286627e-01,4.584781e-01,1.772970e-01,-1.400338e-01,-1.831967e-01,6.260777e-02,-1.519495e-03,4.306937e-02,-2.403455e-02,-2.183820e-02,-1.056017e-02,-6.386008e-02,-3.513779e-02,-7.403763e-01,1.426175e-01,0,0,0,0,3.308092e+01,0,0,0
884,8.840000,2.336095e-01,-2.591417e+01,-2.868162e+01,2.295793e+01,-2.441361e+01,-5.027890e+00,-2.547873e+00,-7.917325e+00,3.143073e+01,-1.491513e+01,6.753482e+00,-1.500781e+01,-5.144507e+00,5.181343e+00,-1.203241e+01,2.629031e+00,-4.996244e+00,-4.061216e+00,-3.104199e+00,-4.286355e+00,-3.619566e+00,-2.993348e+00,-2.067282e+00,2.779435e+00,3.214382e-01,5.319924e-01,8.642533e-01,1.168736e+00,1.415761e+00,1.621690e+00,1.733554e+00,2.425957e+00,2.112052e+02,4.714417e-01,-5.512796e-02,1.061695e+00,4.554576e+00,-5.890155e+00,9.551300e-01,-2.424116e-02,-3.930553e+00,-7.595375e+00,-1.543166e+00,9.099879e-01,-1.042639e+00,-1.170177e-01,-3.291874e-01,2.932327e+00,-3.100953e+00,-3.988194e+00,4.674493e-01,6.635594e-01,3.585667e-01,4.361121e-01,7.942834e-01,3.117131e-01,-1.937695e-01,-5.187897e-01,5.005137e-02,-4.481333e-03,5.320718e-02,-2.102035e-02,-5.193102e-03,-4.613781e-03,1.152158e-03,2.996659e-02,-1.542101e+00,1.806177e-01,6.637678e+01,0,0,0,5.266682e+01,0,0,2.122093e-02
885,8.850000,1.805211e-01,-2.443766e+01,-2.233454e+01,1.653376e+01,-2.256966e+01,-6.605726e+00,-8.803601e+00,-1.792329e+01,2.896856e+01,-1.457095e+01,5.831155e+00,-1.301541e+01,-3.624849e+00,9.356030e+00,-1.559615e+01,-2.847862e+00,-4.275997e+00,-3.021298e+00,-2.584650e+00,-3.798635e+00,-2.721788e+00,-2.648763e+00,-2.306878e+00,2.140699e+00,3.680951e-01,5.227840e-01,8.990374e-01,1.163998e+00,1.436065e+00,1.628423e+00,1.750777e+00,2.533958e+00,2.091498e+02,7.459481e-01,-7.316311e-03,1.982397e+00,7.236575e+00,-8.508779e+00,2.071562e-01,4.723383e-01,-5.729208e+00,-8.553069e+00,-4.411242e+00,4.358362e+00,3.303091e-01,1.582783e+00,4.590694e-01,2.481198e+00,4.108146e-01,-4.543608e+00,7.510694e-01,1.097110e+00,6.923888e-01,8.286638e-01,1.102384e+00,4.118345e-01,-2.095768e-01,-9.163601e-01,2.045964e-02,-5.468756e-03,3.615787e-02,-2.464464e-02,-1.595105e-02,2.141214e-03,5.854432e-02,4.960723e-02,-2.296362e+00,1.587947e-01,1.322162e+02,0,0,0,5.205495e+01,0,0,5.305232e-02
886,8.860000,1.472037e-01,-2.175233e+01,-1.264233e+01,5.536153e+00,-2.274638e+01,-4.890480e+00,-1.564452e+01,-2.920938e+01,2.035589e+01,-4.023412e+00,6.553333e+00,-1.160730e+01,-3.079297e+00,1.111597e+01,-1.127141e+01,-6.565323e+00,-3.230159e+00,-1.608229e+00,-1.612623e+00,-2.696177e+00,-1.304712e+00,-2.167164e+00,-2.511732e+00,7.899277e-01,3.525310e-01,5.122176e-01,9.229493e-01,1.127302e+00,1.393613e+00,1.618308e+00,1.853148e+00,2.588058e+00,2.061689e+02,8.140864e-01,8.627706e-02,2.455816e+00,8.416677e+00,-9.783837e+00,-1.412300e+00,1.200795e+00,-4.847831e+00,-6.284909e+00,-6.020728e+00,7.094237e+00,8.929798e-01,1.830380e+00,-1.084669e-01,5.496556e-01,5.330909e+00,-3.185220e+00,8.271387e-01,1.212331e+00,9.429663e-01,1.135203e+00,1.192098e+00,3.818141e-01,-1.866832e-01,-1.159737e+00,1.014471e-04,-1.195685e-02,1.161436e-02,-3.470283e-02,-3.400236e-02,5.040765e-04,9.138425e-02,5.051238e-02,-2.721216e+00,8.241638e-02,1.972260e+02,0,0,1.061046e-01,3.138803e+01,1.807488e-03,0,7.229731e-02
887,8.870000,3.026682e-01,-1.850227e+01,-2.434219e+00,-5.751555e+00,-2.538438e+01,-3.411553e+00,-2.252077e+01,-3.590190e+01,1.297083e+01,5.404303e+00,9.481917e+00,-7.427204e+00,-3.431061e+00,1.012517e+01,-3.668178e+00,-8.999359e+00,-2.217951e+00,1.037256e-02,-4.281875e-01,-1.208501e+00,6.313511e-02,-1.764727e+00,-2.701885e+00,-6.222737e-01,3.270932e-01,4.998826e-01,9.036322e-01,1.076682e+00,1.319946e+00,1.633535e+00,1.954014e+00,2.585382e+00,2.033392e+02,8.324862e-01,1.527140e-01,2.150298e+00,7.087627e+00,-9.326974e+00,-2.971508e+00,1.607857e+00,-1.727192e+00,-5.839081e-01,-5.787010e+00,5.979548e+00,1.076883e+00,1.293401e+00,-1.599587e+00,-1.791996e+00,8.026405e+00,-2.139392e+00,5.582913e-01,8.971440e-01,9.198564e-01,1.200285e+00,9.753214e-01,2.912358e-01,-1.349643e-01,-1.098195e+00,-6.174564e-04,-7.054287e-03,1.951963e-03,-4.223155e-02,-2.905137e-02,-1.584899e-03,9.563307e-02,3.305993e-02,-2.857628e+00,2.283761e-02,1.948502e+02,0,0,2.122093e-01,1.088667e+01,4.518720e-03,0,5.341769e-02
888,8.880000,6.039212e-01,-1.660279e+01,3.451601e+00,-1.481860e+01,-3.006776e+01,-6.210020e-01,-1.992845e+01,-3.035257e+01,9.325960e+00,1.056843e+01,9.393001e+00,-8.650010e+00,-5.783736e+00,7.545051e+00,8.658145e+00,-1.022132e+01,-1.889574e+00,4.846023e-01,5.324010e-01,9.459400e-02,9.484634e-01,-1.526296e+00,-2.803195e+00,-1.637762e+00,3.424463e-01,4.836589e-01,9.200277e-01,1.038880e+00,1.303809e+00,1.621654e+00,2.088856e+00,2.652807e+00,2.005044e+02,8.402546e-01,1.316372e-01,1.213685e+00,4.308865e+00,-6.432814e+00,-3.812186e+00,6.850179e-01,2.421928e+00,5.036143e+00,-4.458351e+00,2.469579e+00,6.722777e-01,6.336406e-01,-2.171957e+00,-4.169162e+00,7.149848e+00,-6.893684e-01,1.559964e-01,4.050244e-01,6.860445e-01,9.466696e-01,4.873443e-01,6.908594e-02,-7.756581e-02,-7.583764e-01,1.317445e-02,-1.331991e-03,-9.787923e-03,-4.413668e-02,-1.887799e-02,-1.462516e-02,5.081847e-02,2.431772e-02,-2.790631e+00,9.077805e-03,1.920000e+02,9.037440e-03,0,2.553819e-01,-2.589641e+00,6.374291e-03,4.660475e-04,-2.573968e-03
889,8.890000,7.157323e-01,-1.626094e+01,5.056629e+00,-1.992373e+01,-3.376651e+01,-7.011800e-01,-1.529760e+01,-2.027124e+01,5.548479e+00,8.030876e+00,9.795734e+00,-8.027046e+00,-1.027057e+01,2.181511e+00,1.457110e+01,-1.171682e+01,-2.154833e+00,4.180052e-01,9.421196e-01,8.074054e-01,1.028231e+00,-1.513019e+00,-2.835969e+00,-2.136430e+00,3.700501e-01,5.017919e-01,9.102580e-01,9.970517e-01,1.335710e+00,1.618826e+00,2.111088e+00,2.666883e+00,1.976939e+02,8.470520e-01,2.314587e-02,1.337269e-01,1.725620e+00,-3.033860e+00,-3.957135e+00,-2.651818e-01,4.976009e+00,8.050288e+00,-3.520579e+00,-9.251850e-01,4.218391e-01,-2.021272e-01,-2.147176e+00,-5.796561e+00,3.324752e+00,8.082352e-01,-1.588895e-01,-2.349436e-04,3.865677e-01,5.614253e-01,1.990920e-03,-1.449105e-01,-7.402840e-02,-4.085113e-01,2.353605e-02,4.366857e-03,-1.993368e-02,-4.255216e-02,-1.444244e-03,-2.288835e-02,7.269693e-03,1.867487e-02,-2.681181e+00,6.166720e-03,1.892626e+02,1.807488e-02,0,1.924499e-01,-2.352844e+00,4.470610e-03,1.360803e-03,-4.321381e-02
890,8.900000,5.988576e-01,-1.680456e+01,5.156567e+00,-1.954183e+01,-3.761624e+01,-2.820577e+00,-7.146460e+00,-1.184399e+01,1.775314e+00,7.011199e+00,9.757813e+00,-8.139175e+00,-1.051933e+01,-5.758009e+00,1.535819e+01,-8.653433e+00,-2.481736e+00,2.130765e-01,1.132446e+00,1.029217e+00,6.494612e-01,-1.947589e+00,-2.832520e+00,-2.244876e+00,3.969248e-01,5.046030e-01,8.706968e-01,9.464338e-01,1.291341e+00,1.552537e+00,2.028703e+00,2.668896e+00,1.950383e+02,8.521925e-01,-8.638783e-02,-4.878996e-01,3.750926e-01,-4.564299e-01,-3.315891e+00,-1.146881e+00,4.783237e+00,7.274961e+00,-3.528507e+00,-2.522943e+00,4.986244e-01,-5.281725e-02,-1.585330e+00,-5.860071e+00,-1.223769e+00,1.709126e+00,-2.342959e-01,-1.111128e-01,1.529305e-01,2.563595e-01,-2.625476e-01,-2.763319e-01,-7.241173e-02,-1.805589e-01,2.111241e-02,7.315087e-03,-3.180445e-02,-4.020175e-02,-3.029382e-03,-2.215805e-02,-3.118172e-02,3.139043e-03,-2.483231e+00,4.242903e-03,1.870716e+02,2.283402e-02,2.330237e-03,1.031145e-01,-1.889366e+00,-3.635399e-04,1.870765e-03,-5.158749e-02
891,8.910000,4.209293e-01,-1.773274e+01,5.341396e+00,-1.855924e+01,-4.139581e+01,-3.637675e+00,-4.031711e+00,-4.904741e+00,-8.567414e-01,2.556994e+00,1.140871e+01,-8.693257e+00,-1.179914e+01,-1.220611e+01,9.605557e+00,-5.742128e+00,-2.716317e+00,1.449607e-01,1.204629e+00,1.131314e+00,2.225908e-01,-2.278633e+00,-3.057365e+00,-2.361274e+00,4.175343e-01,5.112448e-01,8.286292e-01,9.101447e-01,1.318959e+00,1.553652e+00,2.020439e+00,2.670712e+00,1.926663e+02,8.573508e-01,-9.356309e-02,-6.762348e-01,-1.552527e-01,6.108532e-01,-2.624985e+00,-1.023131e+00,3.056818e+00,5.271085e+00,-3.309758e+00,-2.192008e+00,3.659807e-01,5.251715e-01,-1.053239e+00,-4.614589e+00,-2.889688e+00,1.350812e+00,-2.028712e-01,-1.047109e-01,2.596946e-02,1.037459e-01,-2.700547e-01,-2.603545e-01,-6.347148e-02,-9.353604e-02,1.491089e-02,5.336261e-03,-2.878028e-02,-3.117123e-02,-1.149011e-03,-1.238971e-02,-2.374469e-02,1.339340e-03,-2.222084e+00,2.236831e-03,1.855501e+02,1.545476e-02,5.638895e-03,7.227395e-02,-1.438654e+00,-4.089969e-03,1.400894e-03,-3.254878e-02
892,8.920000,3.193836e-01,-1.830638e+01,5.184680e+00,-1.778299e+01,-4.283257e+01,-4.887158e+00,-1.645206e+00,-1.661015e+00,-5.113965e+00,6.906601e-01,1.107964e+01,-8.580991e+00,-1.294609e+01,-1.456150e+01,5.022069e+00,-4.663040e+00,-2.780311e+00,6.556083e-02,1.165799e+00,1.214437e+00,3.854605e-02,-2.525148e+00,-3.054556e+00,-2.428135e+00,4.242663e-01,5.155079e-01,8.018198e-01,8.813247e-01,1.297037e+00,1.543451e+00,1.978272e+00,2.666588e+00,1.906021e+02,8.563197e-01,-5.599458e-02,-5.586786e-01,-5.901392e-01,6.248590e-01,-1.698376e+00,-7.766787e-01,9.231604e-01,2.798398e+00,-2.987859e+00,-1.170471e+00,-3.227298e-01,1.990222e+00,-1.533617e+00,-2.996131e+00,-1.980408e+00,-3.513001e-01,-1.732124e-01,-7.456188e-02,-6.019181e-02,3.956223e-02,-1.585701e-01,-1.362600e-01,1.132050e-02,-4.903700e-02,7.793778e-03,5.656987e-03,-1.721689e-02,-1.877581e-02,4.930186e-03,-4.505753e-04,-1.762886e-02,-4.514146e-03,-1.952512e+00,-8.889317e-04,1.844093e+02,8.529801e-03,6.534375e-03,5.753242e-02,-1.143796e+00,-4.836297e-03,-8.291328e-05,-1.043234e-02
893,8.930000,3.876539e-01,-1.889121e+01,4.266309e+00,-1.774888e+01,-4.428328e+01,-4.783543e+00,-2.764138e+00,9.926960e-01,-7.555674e+00,2.311069e-01,1.096473e+01,-5.180281e+00,-1.432338e+01,-1.648969e+01,5.290719e+00,-6.957962e+00,-3.019901e+00,-3.179133e-02,1.055290e+00,1.233525e+00,-1.658442e-02,-2.526011e+00,-3.042308e+00,-2.512481e+00,4.309338e-01,5.230207e-01,8.007951e-01,8.737500e-01,1.327116e+00,1.561420e+00,2.017580e+00,2.674733e+00,1.888017e+02,8.561726e-01,-2.078351e-02,-4.993221e-01,-8.660063e-01,8.583593e-01,-1.109504e+00,-5.300716e-01,-1.878110e-01,6.311702e-01,-2.018778e+00,4.087280e-01,-3.184107e-01,2.345951e+00,-1.166933e+00,-2.083521e+00,3.982235e-01,-1.818726e+00,-1.676067e-01,-5.554535e-02,-1.073565e-01,-4.551071e-02,-9.420186e-02,-8.613846e-02,6.218154e-02,1.071830e-02,2.525717e-03,5.463332e-03,-3.348970e-03,-3.115338e-03,1.782342e-02,2.028752e-02,5.827713e-03,-3.440022e-03,-1.718147e+00,-4.429525e-03,1.834004e+02,4.777143e-03,4.902400e-03,5.249698e-02,-1.015048e+00,-2.596703e-03,-7.957852e-04,-5.916510e-03
894,8.940000,3.355224e-01,-1.901872e+01,2.743415e+00,-1.682271e+01,-4.466439e+01,-6.131036e+00,-3.164444e+00,-8.007214e-01,-9.814516e+00,2.321789e+00,8.366155e+00,5.544472e-02,-1.692529e+01,-1.859687e+01,7.613571e+00,-9.802016e+00,-3.196006e+00,-7.135686e-02,9.061559e-01,1.175923e+00,-2.380166e-02,-2.505199e+00,-2.783445e+00,-2.414458e+00,4.291939e-01,5.270000e-01,7.985294e-01,8.707521e-01,1.311913e+00,1.546400e+00,1.941989e+00,2.644314e+00,1.872081e+02,8.483369e-01,-5.683145e-03,-5.850868e-01,-8.839103e-01,1.565533e+00,-5.433079e-01,-4.772786e-01,-6.808526e-01,-1.391446e+00,-7.482493e-01,9.864600e-01,3.881456e-01,1.491655e+00,-4.313980e-01,-1.405780e+00,1.492158e+00,-2.234160e+00,-1.220459e-01,-4.063194e-02,-1.471289e-01,-1.759979e-01,-1.510495e-01,-1.129015e-01,3.617058e-02,7.283282e-02,-2.273571e-03,6.211639e-04,1.980585e-03,6.813467e-03,2.093234e-02,3.354708e-02,2.284408e-03,-1.074705e-02,-1.546610e+00,-8.918256e-03,1.824275e+02,3.991339e-03,2.283919e-03,6.084129e-02,-1.032005e+00,-3.905056e-04,-3.218563e-04,-5.066513e-03
895,8.950000,3.089423e-01,-1.987318e+01,2.231998e+00,-1.474758e+01,-4.602742e+01,-5.666093e+00,-4.211147e+00,-2.179037e+00,-8.600357e+00,3.785070e+00,1.117339e+01,-1.281719e+00,-1.564421e+01,-2.060602e+01,1.030092e+01,-1.226627e+01,-3.346503e+00,-6.430721e-02,7.976675e-01,9.230173e-01,-2.172446e-01,-2.719300e+00,-2.882012e+00,-2.314521e+00,4.276991e-01,5.328155e-01,8.135296e-01,8.998544e-01,1.400638e+00,1.653615e+00,2.067719e+00,2.664648e+00,1.857725e+02,8.391946e-01,2.816916e-02,-9.747953e-01,-6.019440e-01,2.455740e+00,8.654926e-01,-7.765182e-01,-5.229823e-01,-2.455001e+00,-2.750475e-01,8.737236e-01,1.422197e+00,1.365554e-01,7.456859e-01,-3.381098e-01,1.265618e+00,-1.775286e+00,-6.015863e-02,-8.938437e-02,-2.502573e-01,-3.535399e-01,-3.072990e-01,-2.109342e-01,-3.332105e-02,6.063540e-02,-8.722300e-03,-7.942039e-03,1.454651e-04,8.812184e-03,-3.074765e-04,3.017262e-02,-2.383859e-02,-3.938100e-02,-1.424826e+00,-1.334800e-02,1.814658e+02,4.740473e-03,3.785198e-03,4.103696e-02,-1.059464e+00,7.815737e-04,4.244598e-04,6.440172e-03
896,8.960000,3.303237e-01,-2.074083e+01,1.782285e+00,-1.145598e+01,-4.467703e+01,-6.832276e+00,-4.325964e+00,-7.032381e+00,-8.332870e+00,3.845979e+00,1.291603e+01,-3.071997e+00,-1.444267e+01,-1.953223e+01,9.977757e+00,-1.317969e+01,-3.227240e+00,-1.213409e-01,5.589659e-01,4.897012e-01,-6.163714e-01,-2.993012e+00,-2.953851e+00,-2.162951e+00,4.145158e-01,5.137163e-01,8.053555e-01,9.023399e-01,1.364938e+00,1.665089e+00,1.964625e+00,2.617895e+00,1.843836e+02,8.202174e-01,6.965461e-02,-1.589035e+00,-5.288438e-01,3.575626e+00,3.195439e+00,-1.207563e+00,-2.528424e-01,-2.343512e+00,-3.652789e-01,-3.310958e-01,2.211616e+00,2.191573e-01,2.535782e+00,1.556438e+00,2.339117e-01,-9.176263e-01,-3.683446e-02,-2.085304e-01,-4.714816e-01,-5.773525e-01,-5.509402e-01,-2.748989e-01,-9.299538e-02,8.076739e-03,-1.796740e-02,-1.836433e-02,-5.156004e-03,4.267395e-03,-1.838949e-02,5.818391e-03,-4.426502e-02,-5.127456e-02,-1.305063e+00,-1.439597e-02,1.802166e+02,6.595608e-03,5.483695e-03,3.792986e-02,-9.457596e-01,2.329424e-03,1.966519e-03,3.930837e-02
897,8.970000,5.310991e-01,-2.290413e+01,1.737154e+00,-8.153549e+00,-3.994949e+01,-8.315514e+00,-4.798289e+00,-8.166481e+00,-9.671735e+00,3.837630e+00,1.580077e+01,-2.933784e+00,-1.183626e+01,-1.771256e+01,1.043672e+01,-1.414556e+01,-3.305078e+00,-4.537211e-01,-2.240121e-02,-1.910637e-01,-1.256794e+00,-3.336776e+00,-3.123711e+00,-2.335057e+00,3.946613e-01,4.899524e-01,7.981094e-01,9.020171e-01,1.299066e+00,1.652939e+00,1.887069e+00,2.491038e+00,1.830898e+02,8.034923e-01,5.147765e-02,-2.102199e+00,-7.965633e-01,4.476291e+00,5.583289e+00,-1.983135e+00,-3.274155e-01,-8.317508e-01,-6.409027e-01,-1.525501e+00,7.329141e-01,1.412107e+00,3.550104e+00,2.767090e+00,-1.133793e+00,-3.025889e-01,-6.038861e-02,-3.529001e-01,-6.834747e-01,-7.816092e-01,-7.817223e-01,-2.577507e-01,-6.575274e-02,-6.151605e-02,-2.519004e-02,-2.100037e-02,-1.336608e-02,8.735848e-03,-1.461508e-02,-1.860977e-02,-4.030840e-02,-4.298498e-02,-1.148347e+00,-1.196878e-02,1.792085e+02,7.382877e-03,5.424811e-03,9.615355e-02,-6.782257e-01,3.150325e-03,2.558744e-03,6.671400e-02
898,8.980000,5.727170e-01,-2.544843e+01,3.466175e-01,-2.241601e+00,-3.172616e+01,-1.084414e+01,-4.135085e+00,-9.524561e+00,-1.110522e+01,6.400296e-01,1.711055e+01,1.977264e+00,-6.150360e+00,-1.226141e+01,8.715234e+00,-1.345051e+01,-3.400891e+00,-9.193018e-01,-1.041218e+00,-1.153799e+00,-2.258728e+00,-3.570956e+00,-3.127573e+00,-2.363806e+00,3.558757e-01,4.566098e-01,7.804595e-01,8.910077e-01,1.270752e+00,1.575830e+00,1.810989e+00,2.474746e+00,1.820242e+02,7.942082e-01,-2.469517e-02,-2.297326e+00,-1.154911e+00,4.863542e+00,6.152027e+00,-2.445593e+00,-8.887432e-01,1.541412e+00,-2.317123e-01,-2.023266e+00,-7.962798e-01,1.187250e+00,4.268277e+00,2.627714e+00,-1.911705e+00,5.110537e-01,-1.183852e-01,-4.179212e-01,-7.246255e-01,-8.732914e-01,-8.927826e-01,-2.110735e-01,-3.029385e-02,-9.192850e-02,-2.522753e-02,-1.482810e-02,-1.243814e-02,2.565929e-02,3.141425e-02,-6.842971e-03,4.330926e-02,1.681645e-02,-9.671723e-01,-7.499504e-03,1.788273e+02,1.431726e-02,1.129671e-02,2.298248e-01,-4.236618e-01,3.635171e-03,3.290738e-03,6.210882e-02
899,8.990000,4.451338e-01,-2.803038e+01,-1.032986e+00,3.026685e+00,-2.458641e+01,-1.357584e+01,-5.943665e+00,-5.091701e+00,-1.041869e+01,-2.239460e+00,1.274071e+01,3.254183e+00,-2.039844e+00,-1.040598e+01,5.263218e+00,-1.364381e+01,-3.561620e+00,-1.429827e+00,-1.819614e+00,-2.163278e+00,-3.304678e+00,-3.719081e+00,-3.123915e+00,-2.521674e+00,3.310689e-01,4.563669e-01,7.591472e-01,9.491997e-01,1.374656e+00,1.605196e+00,1.942995e+00,2.521298e+00,1.812105e+02,7.923553e-01,-7.940783e-02,-2.105637e+00,-1.156158e+00,4.496727e+00,4.957968e+00,-2.543916e+00,-1.345882e+00,2.724597e+00,1.013290e+00,-1.730871e+00,-2.015036e+00,3.671786e-01,3.229453e+00,1.512608e+00,-1.761632e+00,8.662678e-01,-1.351389e-01,-3.719205e-01,-5.707152e-01,-8.171561e-01,-8.326599e-01,-1.750551e-01,-3.512321e-02,-8.699901e-02,-1.893162e-02,-9.872993e-03,-1.668334e-02,2.711603e-02,4.295802e-02,-9.268165e-04,5.404926e-02,-5.896521e-03,-8.551132e-01,-4.909396e-03,1.787693e+02,1.663127e-02,1.367241e-02,2.786595e-01,-5.189392e-01,2.192655e-03,1.538912e-03,2.004340e-02
900,9.000000,2.498305e-01,-2.966434e+01,-2.607201e+00,7.271616e+00,-2.159843e+01,-1.643008e+01,-8.196993e+00,-8.627103e-01,-9.117951e+00,-3.231808e+00,1.046466e+01,-2.297321e-01,2.000509e+00,-1.004695e+01,3.005984e+00,-1.087529e+01,-3.690894e+00,-1.722894e+00,-2.165555e+00,-2.890649e+00,-4.056343e+00,-3.857227e+00,-3.105218e+00,-2.529285e+00,3.201744e-01,4.563686e-01,7.626459e-01,1.007045e+00,1.484214e+00,1.654746e+00,2.153208e+00,2.686847e+00,1.804874e+02,7.882884e-01,-6.042548e-02,-1.876197e+00,-5.597242e-01,3.036434e+00,3.107950e+00,-2.029898e+00,-1.638581e+00,2.425600e+00,1.376049e+00,-1.143946e+00,-1.464924e+00,-5.760589e-01,7.884018e-01,2.278796e-01,-1.339879e-01,8.714186e-01,-1.333093e-01,-2.747353e-01,-3.600449e-01,-6.323001e-01,-6.241168e-01,-1.571422e-01,-1.235517e-01,-1.513598e-01,-9.358874e-03,-8.680922e-03,-1.465893e-02,1.373389e-02,2.763345e-02,-1.192546e-03,2.190584e-02,-3.994298e-02,-8.709488e-01,-3.115052e-03,1.783179e+02,2.014727e-02,1.781358e-02,2.572210e-01,-9.184494e-01,8.361461e-05,-1.559594e-03,-1.697158e-02
901,9.010000,2.955033e-01,-3.132436e+01,-2.566728e+00,9.573475e+00,-2.022351e+01,-1.824212e+01,-9.496746e+00,1.125579e+00,-5.598918e+00,-2.880807e+00,9.048534e+00,5.607605e-03,2.355653e-01,-1.125675e+01,4.483180e+00,-1.110182e+01,-3.835770e+00,-1.911528e+00,-2.313809e+00,-3.408420e+00,-4.521286e+00,-4.068916e+00,-3.310504e+00,-2.687312e+00,3.178539e-01,4.407080e-01,7.235994e-01,9.795786e-01,1.407125e+00,1.608847e+00,1.986206e+00,2.355505e+00,1.795826e+02,7.819052e-01,-2.789059e-02,-1.479549e+00,-1.513231e-03,1.767657e+00,2.110930e+00,-1.516462e+00,-7.543585e-01,4.850537e-01,1.051561e+00,-1.507658e+00,5.575237e-02,-9.132733e-02,-5.705007e-01,5.694708e-01,1.733286e+00,1.041986e-01,-8.064125e-02,-1.546376e-01,-2.391857e-01,-4.270436e-01,-4.169590e-01,-1.173146e-01,-1.497307e-01,-1.409764e-01,-5.982751e-03,-1.270694e-02,-1.571220e-02,-1.112344e-02,1.350772e-03,-1.782305e-02,-5.726776e-02,-7.181568e-02,-9.798523e-01,2.902985e-04,1.768685e+02,1.543115e-02,9.860933e-03,1.826725e-01,-1.306531e+00,-8.635577e-05,-3.134251e-03,-2.240210e-02
902,9.020000,3.454049e-01,-3.318242e+01,-1.685132e+00,9.667174e+00,-1.836786e+01,-1.866049e+01,-1.055145e+01,-5.052019e-01,-6.634863e+00,-4.759028e+00,1.163201e+01,7.212567e-01,-3.346055e+00,-1.069663e+01,8.435313e+00,-1.036440e+01,-3.930363e+00,-2.052128e+00,-2.594345e+00,-3.692729e+00,-4.771008e+00,-4.181749e+00,-3.652037e+00,-3.037786e+00,3.156888e-01,4.210347e-01,7.249387e-01,9.444878e-01,1.392684e+00,1.568041e+00,1.898912e+00,2.357928e+00,1.784834e+02,7.838580e-01,-1.438050e-02,-1.005165e+00,3.737533e-01,6.622909e-01,1.741475e+00,-1.248272e+00,-1.905823e-01,-9.122002e-01,8.787166e-01,-1.976408e+00,4.191144e-01,6.588267e-01,-7.733562e-01,1.165912e+00,2.370785e+00,-8.104685e-01,-3.079667e-02,-6.120612e-02,-1.575232e-01,-2.551590e-01,-2.535026e-01,-4.647417e-02,-1.146072e-01,-1.119923e-01,-3.247890e-03,-7.879978e-03,-9.408760e-03,-4.053128e-03,1.050992e-02,-1.219403e-02,-5.056263e-02,-6.554699e-03,-1.089453e+00,4.290557e-03,1.751855e+02,1.533539e-02,5.404477e-03,1.929605e-01,-1.418263e+00,4.030699e-05,-2.942338e-03,-1.874283e-02
903,9.030000,2.578937e-01,-3.366908e+01,-1.501586e+00,1.066719e+01,-1.564705e+01,-2.004294e+01,-8.538229e+00,-2.845186e+00,-6.402433e+00,-9.014138e+00,1.243580e+01,2.322052e+00,-2.219065e+00,-7.233789e+00,1.121498e+01,-1.337826e+01,-3.845093e+00,-2.038398e+00,-2.801148e+00,-3.897456e+00,-5.032141e+00,-4.143393e+00,-3.599159e+00,-2.972306e+00,3.033979e-01,4.104991e-01,6.994398e-01,9.248611e-01,1.427175e+00,1.559433e+00,1.783804e+00,2.326679e+00,1.773132e+02,7.960220e-01,-3.468600e-02,-4.117142e-01,1.523902e-01,2.327149e-01,9.831159e-01,-1.621064e+00,-1.224375e-02,-1.419551e+00,1.260068e+00,-1.494303e+00,3.253925e-01,2.621147e-01,7.645825e-01,1.650436e+00,1.634460e+00,-5.828335e-01,-2.465997e-02,1.977559e-02,-5.112972e-02,-1.461939e-01,-1.499665e-01,-8.471060e-03,-7.667017e-03,1.296198e-02,-1.026058e-03,-6.567418e-04,-1.478076e-04,2.050975e-02,4.003941e-02,1.202500e-02,2.252855e-02,9.064698e-02,-1.122266e+00,6.315493e-03,1.738029e+02,1.860543e-02,4.205707e-03,1.987793e-01,-1.220706e+00,2.636591e-04,-2.492466e-05,-1.751824e-02
904,9.040000,1.967328e-01,-3.351780e+01,-1.271005e+00,1.003621e+01,-1.517929e+01,-2.177103e+01,-9.629163e+00,-3.438329e+00,-4.322611e+00,-1.004718e+01,1.086660e+01,1.906179e+00,-6.389568e-01,-6.228870e+00,1.149401e+01,-1.378942e+01,-3.840217e+00,-1.965490e+00,-2.709501e+00,-3.921925e+00,-5.068429e+00,-4.052360e+00,-3.533927e+00,-2.946750e+00,3.111629e-01,4.320731e-01,7.276819e-01,1.014138e+00,1.526739e+00,1.618483e+00,2.001595e+00,2.668487e+00,1.761748e+02,8.026828e-01,-4.021577e-02,-1.528358e-01,-8.530913e-02,4.704571e-02,-1.439452e-01,-2.292394e+00,-9.134914e-01,-9.211628e-01,2.418755e+00,-7.789182e-03,-9.951123e-01,-1.029768e+00,1.328949e+00,1.615461e+00,2.247835e-01,5.424595e-02,-6.208437e-02,3.759898e-02,8.151917e-02,-1.229682e-01,-1.038754e-01,-2.968764e-02,2.495737e-02,6.965502e-02,3.263399e-03,4.516256e-03,-2.600902e-03,3.623577e-02,3.525804e-02,2.270392e-02,4.749657e-02,9.085231e-02,-1.087660e+00,3.781581e-03,1.727594e+02,1.876166e-02,5.929504e-03,1.554534e-01,-9.838394e-01,-1.053603e-03,1.411564e-03,-3.068970e-02
905,9.050000,1.964093e-01,-3.321524e+01,-2.011840e+00,1.055253e+01,-1.690221e+01,-2.479217e+01,-1.001911e+01,-4.505611e+00,-4.547051e-01,-7.708246e+00,1.105820e+01,7.237198e-01,2.704928e+00,-5.238451e+00,1.112613e+01,-1.230348e+01,-4.004143e+00,-1.855969e+00,-2.511879e+00,-4.024791e+00,-5.122408e+00,-4.175966e+00,-3.407894e+00,-2.668020e+00,3.149866e-01,4.319051e-01,7.214888e-01,1.047302e+00,1.540295e+00,1.643752e+00,2.047507e+00,2.653460e+00,1.751256e+02,8.040703e-01,-2.234619e-02,-2.622574e-01,-5.176615e-01,-1.477786e-01,-8.983973e-01,-2.321180e+00,-1.862087e+00,-3.917318e-01,2.592787e+00,1.650245e+00,-1.020177e+00,-2.327590e+00,6.369253e-01,1.087002e+00,2.122707e-01,1.595658e+00,-1.498835e-01,-2.874077e-02,1.246928e-01,-1.474480e-01,-6.620526e-02,-5.984616e-02,1.932573e-03,5.969848e-02,8.282727e-03,3.552824e-03,-5.858982e-03,3.343416e-02,1.147370e-02,1.402569e-02,2.087569e-02,6.017401e-02,-1.022342e+00,-9.996891e-05,1.719780e+02,1.503631e-02,9.473796e-03,1.138348e-01,-8.263839e-01,-2.861740e-03,1.935117e-03,-2.302435e-02
906,9.060000,1.750682e-01,-3.417352e+01,-1.856551e+00,9.959733e+00,-1.846000e+01,-2.774785e+01,-1.437847e+01,-4.280803e+00,2.485050e+00,-5.450920e+00,7.345247e+00,-3.628416e+00,8.366928e-01,-3.616993e+00,9.603654e+00,-1.063056e+01,-4.161259e+00,-1.955348e+00,-2.331383e+00,-4.243903e+00,-5.245251e+00,-4.313900e+00,-3.622882e+00,-2.841653e+00,3.262115e-01,4.329130e-01,7.009097e-01,1.064446e+00,1.512415e+00,1.639402e+00,2.004544e+00,2.648799e+00,1.741389e+02,7.987418e-01,-1.977266e-02,-3.778107e-01,-9.201349e-01,-1.592875e-01,-8.508860e-01,-1.744054e+00,-1.810401e+00,-3.776177e-01,1.179410e+00,1.579854e+00,-8.332626e-01,-2.288499e+00,5.901403e-01,6.306723e-01,3.510470e-01,1.384379e+00,-1.689772e-01,-9.132785e-02,4.284186e-02,-1.456342e-01,-5.392151e-02,-5.589762e-02,1.923547e-02,4.225915e-02,6.485430e-03,-1.573911e-03,-7.478321e-03,1.372316e-02,-1.261157e-02,-2.887607e-03,-4.604689e-02,-5.331969e-03,-9.382736e-01,-2.953398e-03,1.711787e+02,1.185194e-02,9.828254e-03,8.198421e-02,-6.860565e-01,-2.974239e-03,1.502929e-03,9.836070e-04
907,9.070000,1.569950e-01,-3.465251e+01,-3.797120e+00,9.966537e+00,-1.849868e+01,-2.866043e+01,-1.547401e+01,-4.382608e+00,3.157669e+00,-3.061043e+00,9.095592e+00,-6.548598e+00,2.277370e-01,-3.104720e+00,1.322151e+01,-6.979396e+00,-4.433989e+00,-2.187173e+00,-2.366742e+00,-4.473708e+00,-5.274756e+00,-4.311853e+00,-3.545018e+00,-2.726362e+00,3.372873e-01,4.278433e-01,6.835310e-01,1.066878e+00,1.491706e+00,1.619102e+00,1.886709e+00,2.637393e+00,1.732195e+02,7.974927e-01,-1.680183e-02,-3.253677e-01,-1.043105e+00,-2.552596e-01,-5.170978e-01,-4.733862e-01,-9.352140e-01,-6.526855e-01,-6.877326e-01,6.584973e-01,5.753525e-01,-6.191490e-01,9.174347e-01,-7.388425e-01,4.176020e-01,4.919321e-01,-1.518257e-01,-1.022360e-01,-7.310619e-02,-6.837825e-02,-2.271399e-02,-2.497578e-02,3.447561e-02,2.442582e-02,3.843293e-03,-3.423935e-03,-6.650687e-05,-1.346087e-03,-1.827977e-02,-1.227734e-02,-6.126902e-02,-3.365397e-03,-7.833374e-01,-5.446649e-03,1.704613e+02,7.751593e-03,1.193192e-02,1.203921e-01,-3.185379e-01,-1.979994e-03,5.645274e-04,1.579665e-02
908,9.080000,1.175766e-01,-3.468822e+01,-4.979040e+00,9.532772e+00,-1.863548e+01,-2.855717e+01,-1.595371e+01,-5.387919e+00,-2.317481e-01,-4.471515e+00,7.681596e+00,-5.900156e+00,3.550340e+00,-4.142374e+00,1.220156e+01,-9.529567e+00,-4.470180e+00,-2.256527e+00,-2.567860e+00,-4.425638e+00,-5.261862e+00,-4.263904e+00,-3.369188e+00,-2.706284e+00,3.324398e-01,4.262345e-01,7.092692e-01,1.072966e+00,1.487976e+00,1.616370e+00,1.851760e+00,2.649861e+00,1.724365e+02,7.912046e-01,-6.666788e-03,-8.673515e-02,-7.639390e-01,-5.730389e-01,-5.410048e-01,7.474030e-01,3.264090e-01,-1.139732e+00,-1.756524e+00,-5.634061e-01,1.682748e+00,2.017806e+00,2.071820e+00,-1.399670e+00,-7.012571e-01,-6.036404e-01,-1.119010e-01,-3.528738e-02,-1.448180e-01,7.262959e-02,3.795848e-02,-9.406996e-03,2.940726e-02,2.363174e-02,-1.840580e-03,-5.103764e-03,7.775736e-03,-1.607850e-02,-1.941081e-02,-1.213776e-02,-5.717533e-02,-1.760833e-02,-5.284378e-01,-4.974675e-03,1.700875e+02,7.532822e-03,1.221509e-02,1.570928e-01,2.362595e-01,-1.790551e-04,-9.341612e-05,1.149691e-02
909,9.090000,1.411460e-01,-3.458473e+01,-5.666121e+00,9.489713e+00,-1.939996e+01,-2.675444e+01,-1.390755e+01,-7.215481e+00,-2.534969e+00,-4.905462e+00,1.376679e+01,-1.236155e+00,5.935278e+00,-8.669972e+00,1.191519e+01,-1.039432e+01,-4.608811e+00,-2.216559e+00,-2.759172e+00,-4.275815e+00,-5.227673e+00,-4.325843e+00,-3.362364e+00,-2.613576e+00,3.310889e-01,4.181246e-01,7.169765e-01,1.036312e+00,1.461115e+00,1.593881e+00,1.817554e+00,2.636102e+00,1.720601e+02,7.806056e-01,-6.881366e-03,3.767990e-01,-2.952533e-02,-1.184495e+00,-1.026806e+00,1.827108e+00,5.221366e-01,-1.635814e+00,-7.970486e-01,-9.200462e-01,1.642092e+00,3.028695e+00,1.515726e+00,-1.173458e+00,-1.796804e+00,-1.116269e+00,-2.856169e-02,8.041100e-02,-4.994784e-02,2.161151e-01,1.754207e-01,3.210039e-02,-3.925984e-02,2.699752e-02,-2.908009e-03,1.543015e-04,1.624848e-02,-1.986359e-02,-2.105489e-02,-9.736228e-03,-2.336172e-02,-2.385502e-02,-2.223511e-01,-7.888377e-04,1.709310e+02,7.295897e-03,1.110302e-02,1.552637e-01,6.959015e-01,1.829476e-03,-9.406834e-04,-9.823963e-03
910,9.100000,1.496588e-01,-3.464109e+01,-4.741745e+00,7.332951e+00,-2.071438e+01,-2.496383e+01,-1.352965e+01,-8.563026e+00,-3.451249e+00,-7.345741e+00,1.342339e+01,3.804394e+00,8.342025e+00,-7.832716e+00,6.750528e+00,-1.194130e+01,-4.633353e+00,-2.117091e+00,-2.859259e+00,-3.979701e+00,-5.079000e+00,-4.353940e+00,-3.567173e+00,-2.779887e+00,3.201078e-01,4.122535e-01,7.230656e-01,9.993367e-01,1.430656e+00,1.591323e+00,1.753245e+00,2.561403e+00,1.720764e+02,7.823119e-01,1.187072e-03,1.141356e+00,6.824177e-01,-2.429691e+00,-2.056688e+00,2.566669e+00,5.797437e-01,-1.666187e+00,6.518556e-01,1.630131e-01,1.246575e+00,2.019568e+00,-5.487055e-01,-4.142956e-01,-1.137280e+00,-1.235417e-01,4.896803e-02,2.039362e-01,2.009717e-01,4.115492e-01,4.451286e-01,1.132875e-01,-5.826433e-02,4.925585e-02,2.132431e-03,5.695266e-03,2.077475e-02,-1.845511e-02,-1.814718e-02,-6.046045e-03,9.431815e-03,-2.038715e-02,-1.250153e-02,7.643098e-03,1.721252e+02,1.118451e-02,9.775625e-03,1.220330e-01,6.170349e-01,2.203501e-03,-4.590456e-04,2.160318e-03
911,9.110000,1.065471e-01,-3.279208e+01,-4.063394e+00,5.143972e+00,-2.259326e+01,-2.132156e+01,-1.407536e+01,-1.097412e+01,7.821767e-01,-6.224161e+00,1.443515e+01,3.742601e+00,5.410525e+00,-7.126840e+00,6.963005e+00,-1.135487e+01,-4.495211e+00,-1.854836e+00,-2.470782e+00,-3.616100e+00,-4.489084e+00,-4.106333e+00,-3.642324e+00,-2.554572e+00,3.289132e-01,4.356053e-01,7.578752e-01,1.004375e+00,1.415091e+00,1.582944e+00,1.819158e+00,2.562347e+00,1.722878e+02,7.979949e-01,7.267172e-03,2.140010e+00,1.299392e+00,-3.736793e+00,-3.624004e+00,2.791619e+00,8.766177e-01,-1.212563e+00,6.875964e-01,1.796490e+00,2.798624e-01,-8.215013e-01,-3.250888e+00,-3.286471e-02,5.516591e-02,3.264243e-01,1.704117e-01,3.583353e-01,5.385225e-01,6.706017e-01,7.680250e-01,2.126664e-01,2.671084e-02,8.053722e-02,1.026055e-02,1.092693e-02,2.884161e-02,-1.583990e-02,-9.261894e-03,1.363170e-03,4.343505e-02,6.124568e-03,-1.092987e-02,1.497107e-02,1.729220e+02,1.507313e-02,8.448234e-03,8.880219e-02,-6.210327e-03,1.812670e-03,1.198607e-03,2.325854e-02
912,9.120000,1.408114e-01,-2.987776e+01,-2.368315e+00,-4.428105e-01,-2.732228e+01,-1.844027e+01,-1.297109e+01,-1.183953e+01,1.368957e+00,-2.997100e+00,1.358029e+01,1.708304e+00,1.069189e+00,-6.985418e+00,8.991251e+00,-9.667000e+00,-4.282140e+00,-1.417707e+00,-1.707197e+00,-2.697749e+00,-3.405514e+00,-3.807222e+00,-3.520529e+00,-2.489506e+00,3.441898e-01,4.459704e-01,7.926936e-01,9.966590e-01,1.420252e+00,1.591608e+00,1.898117e+00,2.584803e+00,1.722601e+02,8.207255e-01,3.828838e-02,2.563834e+00,1.664660e+00,-4.280969e+00,-5.055854e+00,2.171270e+00,2.509140e+00,4.950642e-01,-7.643098e-01,3.150080e+00,1.011839e+00,-2.649279e+00,-4.910923e+00,-7.240347e-01,1.292572e+00,7.094786e-01,1.975614e-01,4.404875e-01,7.628243e-01,8.711380e-01,8.978379e-01,2.061429e-01,1.040513e-01,5.774543e-02,1.805219e-02,1.193509e-02,1.988491e-02,-2.622465e-02,-1.738393e-03,1.182439e-02,6.497072e-02,2.915509e-02,-1.866211e-01,1.521952e-02,1.721771e+02,1.466171e-02,1.124725e-02,2.011251e-01,-7.137070e-01,8.336633e-04,2.478305e-03,3.709104e-02
913,9.130000,1.819055e-01,-2.626634e+01,-3.558781e-01,-5.306370e+00,-3.421604e+01,-1.605813e+01,-9.803746e+00,-1.164004e+01,-1.507090e+00,1.902667e+00,1.508765e+01,-4.295616e+00,-6.682747e+00,-9.257945e+00,1.107066e+01,-9.899350e+00,-3.932359e+00,-7.745749e-01,-6.425904e-01,-1.563782e+00,-2.224291e+00,-3.535871e+00,-3.252131e+00,-2.356080e+00,3.703507e-01,4.559008e-01,8.263705e-01,9.584511e-01,1.420008e+00,1.600554e+00,1.962293e+00,2.655025e+00,1.719136e+02,8.362542e-01,6.844354e-02,1.934681e+00,1.683018e+00,-3.506029e+00,-5.322516e+00,6.933521e-01,3.983041e+00,2.438980e+00,-2.614664e+00,3.035362e+00,9.458572e-01,-2.603927e+00,-3.960645e+00,-9.581419e-01,3.225139e-01,1.999495e-01,1.324391e-01,3.867818e-01,7.055975e-01,8.307214e-01,6.737291e-01,6.014051e-02,1.045230e-01,-3.638182e-02,1.811635e-02,7.586831e-03,1.864964e-03,-3.891448e-02,-1.389036e-02,1.458422e-02,4.081398e-02,2.636893e-02,-4.346023e-01,9.905243e-03,1.708739e+02,1.462064e-02,1.636024e-02,2.320104e-01,-1.178532e+00,4.668929e-04,2.459350e-03,1.120243e-02
914,9.140000,3.034215e-01,-2.508479e+01,1.727797e+00,-8.846719e+00,-4.018227e+01,-1.673919e+01,-3.119762e+00,-5.754747e+00,-6.128165e+00,4.341248e+00,1.815634e+01,-5.422890e+00,-1.016596e+01,-1.038734e+01,1.115956e+01,-9.121669e+00,-3.926972e+00,-4.547843e-01,4.076676e-02,-6.501706e-01,-1.722207e+00,-3.608457e+00,-3.242013e+00,-2.590406e+00,3.896500e-01,4.617812e-01,7.882425e-01,8.911752e-01,1.419505e+00,1.641640e+00,2.006531e+00,2.660839e+00,1.713304e+02,8.392798e-01,6.065669e-02,7.055811e-01,1.222509e+00,-1.475103e+00,-4.266747e+00,-1.210783e+00,4.269337e+00,4.216316e+00,-2.554223e+00,1.352906e+00,8.882324e-01,-9.882181e-01,-1.357951e+00,-7.507704e-01,-1.031964e+00,-6.011859e-01,-6.668401e-03,2.188583e-01,4.590604e-01,5.428926e-01,1.771007e-01,-9.579384e-02,2.531135e-02,-9.043229e-02,1.267021e-02,4.742333e-03,-1.977817e-02,-4.499780e-02,-3.190951e-02,8.861458e-03,-1.811922e-03,8.146524e-03,-6.546906e-01,2.537978e-03,1.695807e+02,1.557907e-02,1.821115e-02,2.358841e-01,-1.314941e+00,8.901662e-04,6.410225e-04,-3.059792e-02
915,9.150000,3.674598e-01,-2.551517e+01,2.303640e+00,-8.184218e+00,-4.277585e+01,-1.870534e+01,9.141777e-01,-1.821617e+00,-8.542580e+00,5.283474e+00,1.687642e+01,-5.711436e+00,-8.775128e+00,-1.021659e+01,7.491419e+00,-1.062779e+01,-4.010600e+00,-4.023884e-01,1.832236e-01,-4.862827e-01,-1.962092e+00,-3.905013e+00,-3.258967e+00,-2.686031e+00,3.967649e-01,4.656341e-01,7.694256e-01,8.625441e-01,1.346012e+00,1.630849e+00,1.969021e+00,2.656173e+00,1.705797e+02,8.382439e-01,1.690597e-02,-4.783211e-01,5.762781e-01,4.686872e-01,-2.497545e+00,-2.979436e+00,3.013160e+00,4.828901e+00,-6.140162e-01,-5.995235e-01,-4.972366e-01,7.712412e-01,1.648927e+00,6.147575e-02,-2.034528e+00,-1.168450e+00,-1.345631e-01,2.400478e-02,1.763757e-01,1.825259e-01,-3.291988e-01,-1.982341e-01,-5.240681e-02,-1.066264e-01,3.644323e-03,2.152264e-03,-3.590838e-02,-3.890081e-02,-3.488246e-02,-7.508516e-04,-2.494085e-02,-9.585714e-03,-8.514465e-01,-2.422965e-03,1.683276e+02,1.694891e-02,1.726304e-02,1.274348e-01,-1.441710e+00,1.030460e-03,-1.674524e-03,-4.651129e-02
916,9.160000,3.513177e-01,-2.672544e+01,2.414469e+00,-6.379400e+00,-4.437610e+01,-2.317058e+01,3.016629e+00,4.332839e+00,-7.884412e+00,2.077024e+00,1.712707e+01,-2.524877e+00,-4.674374e+00,-1.025995e+01,5.621053e+00,-1.230871e+01,-4.276362e+00,-5.095090e-01,1.751984e-01,-5.220360e-01,-2.651110e+00,-4.101620e+00,-3.390554e+00,-2.776692e+00,3.943337e-01,4.648155e-01,7.222753e-01,8.196235e-01,1.297702e+00,1.620768e+00,1.885694e+00,2.624961e+00,1.696536e+02,8.324205e-01,-3.308860e-02,-9.000681e-01,-2.629280e-04,1.672063e+00,-9.551536e-01,-3.485863e+00,8.714793e-01,4.451282e+00,1.920611e+00,-2.034455e+00,-1.954915e+00,1.533914e+00,3.813263e+00,7.137664e-01,-1.840110e+00,-1.516008e+00,-1.616246e-01,-8.637089e-02,2.097731e-02,-4.150702e-02,-5.914142e-01,-1.702824e-01,-6.399117e-02,-4.903758e-02,-1.390606e-03,3.384566e-03,-3.462382e-02,-2.407754e-02,-1.853015e-02,-1.125941e-02,-2.307992e-02,-1.154332e-02,-1.038008e+00,-3.388780e-03,1.668756e+02,1.794841e-02,1.400096e-02,1.004233e-01,-1.597687e+00,4.383596e-04,-2.835994e-03,-3.314105e-02
917,9.170000,2.424872e-01,-2.783762e+01,2.182176e+00,-4.196593e+00,-4.460684e+01,-2.773962e+01,2.193860e+00,7.460673e+00,-3.699047e+00,3.716111e-02,1.311610e+01,-1.888417e+00,-1.183901e+00,-9.014261e+00,3.667273e+00,-1.414808e+01,-4.430480e+00,-6.271887e-01,1.720722e-01,-7.152203e-01,-3.405833e+00,-4.280460e+00,-3.439895e+00,-2.796069e+00,3.862305e-01,4.651450e-01,6.798123e-01,7.997229e-01,1.306497e+00,1.607236e+00,1.898007e+00,2.625036e+00,1.684947e+02,8.275690e-01,-3.064780e-02,-9.270603e-01,-1.011795e-01,1.810370e+00,2.756867e-01,-3.222434e+00,-6.432725e-01,3.783176e+00,3.079565e+00,-2.473233e+00,-3.666255e+00,1.002081e+00,4.537088e+00,8.204523e-01,-9.559695e-01,-1.753558e+00,-9.475498e-02,-1.409883e-01,-2.892864e-02,-9.735425e-02,-6.179546e-01,-1.077527e-01,-2.587700e-02,-4.137242e-02,-2.606395e-03,6.739062e-03,-3.137998e-02,-1.258420e-02,2.244946e-02,-6.731319e-03,2.638687e-02,-4.175663e-04,-1.190419e+00,-2.300858e-03,1.650179e+02,1.858828e-02,1.009271e-02,6.718435e-02,-1.647667e+00,-3.279967e-04,-3.389894e-03,-7.581607e-03
918,9.180000,2.004647e-01,-2.842390e+01,1.787215e+00,-2.480216e+00,-4.404254e+01,-2.965137e+01,5.977934e-01,1.186052e+01,1.053124e+00,-3.207871e+00,1.026192e+01,3.351731e-01,5.104748e+00,-7.419670e+00,3.871085e+00,-1.494156e+01,-4.525155e+00,-7.742386e-01,1.512290e-01,-7.432370e-01,-3.957408e+00,-4.272146e+00,-3.471505e+00,-2.780575e+00,3.879642e-01,4.789486e-01,6.599301e-01,8.021981e-01,1.346612e+00,1.597149e+00,1.926638e+00,2.618691e+00,1.671828e+02,8.276734e-01,7.757710e-03,-6.576002e-01,-1.681657e-02,1.460569e+00,1.317556e+00,-2.395065e+00,-1.230106e+00,2.768511e+00,2.813227e+00,-2.055189e+00,-4.800853e+00,-3.335997e-02,4.062683e+00,3.724612e-01,-6.094988e-01,-1.923918e+00,1.099997e-02,-1.327678e-01,-3.790971e-02,-7.020385e-02,-4.841443e-01,-3.571739e-02,4.897952e-02,-3.471835e-02,-3.843901e-03,9.863612e-03,-1.824198e-02,7.429254e-03,4.086377e-02,3.457427e-04,5.689312e-02,9.358454e-03,-1.259895e+00,-5.920708e-04,1.632471e+02,1.695119e-02,7.616339e-03,1.003041e-01,-1.468321e+00,-1.062950e-03,-2.798141e-03,4.577091e-03
919,9.190000,2.896473e-01,-2.930124e+01,2.111370e+00,-1.081963e+00,-4.156420e+01,-3.157711e+01,-1.092767e+00,1.333043e+01,2.386476e+00,-4.440241e+00,1.977715e+00,-2.131054e+00,9.020752e+00,-7.534467e+00,3.586555e+00,-1.807915e+01,-4.359978e+00,-9.749653e-01,5.056514e-02,-8.624535e-01,-4.398715e+00,-4.358513e+00,-3.347877e+00,-2.890952e+00,3.869177e-01,4.922629e-01,6.436983e-01,8.083358e-01,1.433805e+00,1.609002e+00,2.080483e+00,2.657221e+00,1.658630e+02,8.291132e-01,4.384217e-02,-4.467514e-01,5.220258e-03,9.808741e-01,1.764545e+00,-1.588943e+00,-9.621955e-01,1.918717e+00,2.079731e+00,-2.133747e+00,-4.620132e+00,-4.858480e-01,2.252558e+00,-3.644148e-01,-4.803343e-01,-2.064636e+00,6.560349e-02,-1.264760e-01,-4.921894e-02,-3.485141e-02,-3.229614e-01,3.565426e-02,7.742073e-02,-2.355943e-02,-3.145957e-03,1.064080e-02,-9.236425e-03,1.240877e-02,4.633179e-02,9.713531e-03,4.564489e-02,1.165109e-02,-1.222218e+00,-8.328796e-04,1.619035e+02,1.580754e-02,3.505881e-03,8.958643e-02,-1.109196e+00,-1.708315e-03,-1.740099e-03,1.882696e-02
920,9.200000,3.665263e-01,-2.928163e+01,2.365790e+00,-6.338723e-01,-3.930965e+01,-3.322715e+01,-1.490589e+00,1.524052e+01,3.138961e+00,-5.960218e+00,-1.308006e+00,-2.570358e+00,1.053672e+01,-9.137539e+00,2.613918e+00,-1.996276e+01,-4.256613e+00,-9.994596e-01,4.640338e-02,-7.994387e-01,-4.575390e+00,-4.241180e+00,-3.191666e+00,-2.902843e+00,3.747706e-01,5.005746e-01,6.491224e-01,8.524633e-01,1.438367e+00,1.621614e+00,2.078921e+00,2.655661e+00,1.646700e+02,8.286881e-01,2.219105e-02,-3.190132e-01,-2.585286e-01,9.258841e-01,1.727290e+00,-8.953127e-01,-8.480843e-01,6.307279e-01,2.586577e+00,-2.259296e+00,-2.990346e+00,-4.486097e-01,1.084642e-02,-4.989032e-01,-4.944630e-01,-1.481986e+00,5.010080e-02,-1.160196e-01,-7.423906e-02,-8.914390e-02,-2.125257e-01,7.202711e-02,2.780368e-02,3.463168e-02,-4.035306e-03,6.130991e-03,-5.363858e-03,1.323100e-02,3.243632e-02,9.682715e-03,1.779461e-03,5.638647e-03,-1.107982e+00,-3.602624e-03,1.610912e+02,1.402403e-02,3.303676e-03,1.121077e-01,-7.652740e-01,-2.352057e-03,-6.602897e-04,2.143048e-02
921,9.210000,3.786673e-01,-2.964251e+01,1.918990e+00,-2.153941e-01,-3.815056e+01,-3.389644e+01,-1.572927e+00,1.536426e+01,5.656692e+00,-9.255401e+00,-4.199599e+00,-2.864891e+00,7.362907e+00,-9.977401e+00,1.894185e+00,-2.196066e+01,-4.236733e+00,-1.146958e+00,-2.160966e-02,-8.613765e-01,-4.711649e+00,-4.117671e+00,-3.192711e+00,-2.852733e+00,3.770975e-01,5.075360e-01,6.390340e-01,8.366342e-01,1.492279e+00,1.643571e+00,2.050090e+00,2.664806e+00,1.636400e+02,8.228973e-01,-1.596461e-02,-4.055409e-01,-7.605920e-01,1.178472e+00,1.692721e+00,-3.487915e-01,-8.999829e-01,-5.297089e-01,3.094183e+00,-2.218266e+00,-3.647973e-01,-8.083714e-01,-1.674233e+00,2.798015e-01,3.898506e-01,1.009550e-01,-1.466122e-02,-1.556089e-01,-1.364174e-01,-2.322125e-01,-1.572624e-01,7.825937e-02,-4.332833e-02,9.925773e-02,1.284641e-03,2.865732e-04,-6.432146e-03,5.625838e-03,1.413660e-02,-5.456925e-04,-7.046483e-02,-1.334741e-02,-9.656036e-01,-6.687850e-03,1.605499e+02,1.151028e-02,3.548546e-03,1.554173e-01,-5.384613e-01,-3.255872e-03,2.596259e-04,3.035980e-02
922,9.220000,2.669100e-01,-2.984833e+01,5.907616e-01,1.715920e+00,-3.711291e+01,-3.296827e+01,-3.402549e+00,1.399724e+01,1.235090e+01,-1.209677e+01,-1.601158e+00,-1.540956e+00,5.987902e+00,-8.692719e+00,2.244955e+00,-2.041074e+01,-4.336273e+00,-1.268340e+00,-1.838789e-01,-1.189495e+00,-4.863569e+00,-4.032431e+00,-3.410069e+00,-2.626526e+00,3.726977e-01,5.019670e-01,6.354429e-01,8.542039e-01,1.479557e+00,1.628278e+00,1.950732e+00,2.643092e+00,1.627544e+02,8.127682e-01,-4.323158e-02,-7.431400e-01,-1.099478e+00,1.534330e+00,1.910911e+00,-3.178951e-01,-9.522678e-01,-1.402085e+00,2.537015e+00,-1.106013e+00,1.534022e+00,-1.810651e+00,-2.574565e+00,8.405598e-01,1.231527e+00,1.518940e+00,-7.860394e-02,-2.078373e-01,-2.261129e-01,-4.184206e-01,-1.672783e-01,1.161985e-02,-7.684173e-02,9.905782e-02,4.572415e-03,-6.352216e-03,-9.642005e-03,-1.499987e-03,5.048919e-03,-6.016815e-03,-8.683028e-02,-3.632622e-02,-8.154022e-01,-7.533359e-03,1.600975e+02,7.339530e-03,4.293558e-03,1.745410e-01,-3.647965e-01,-3.070684e-03,1.068719e-04,1.708678e-02
923,9.230000,2.596324e-01,-3.104559e+01,-8.040757e-01,3.635503e+00,-3.419896e+01,-3.345051e+01,-4.636702e+00,1.130352e+01,1.325142e+01,-1.246330e+01,3.003045e-01,-6.687611e+00,2.923994e+00,-6.357870e+00,5.720290e+00,-1.735039e+01,-4.393454e+00,-1.618570e+00,-5.163805e-01,-1.828488e+00,-5.040938e+00,-4.071591e+00,-3.455317e+00,-2.532822e+00,3.943773e-01,4.929996e-01,6.183773e-01,8.355947e-01,1.483893e+00,1.602941e+00,1.792253e+00,2.596768e+00,1.619928e+02,8.036339e-01,-3.601298e-02,-9.471582e-01,-1.308702e+00,1.249000e+00,2.251451e+00,-3.470638e-01,-7.627844e-01,-1.207119e+00,1.254466e+00,2.403601e-01,2.420213e+00,-2.644227e+00,-1.719845e+00,1.215258e+00,1.284861e+00,1.883952e+00,-1.509298e-01,-2.518898e-01,-2.848208e-01,-4.744807e-01,-1.420939e-01,-2.316179e-02,-4.374347e-02,5.943332e-02,1.461285e-03,-7.439774e-03,-6.925344e-03,6.510156e-03,-6.299496e-03,-6.360829e-03,-8.195858e-02,-5.056589e-02,-6.434616e-01,-7.204604e-03,1.597081e+02,2.870428e-03,4.309070e-03,2.101688e-01,-1.276337e-01,-1.882114e-03,-4.520302e-05,8.116285e-03
924,9.240000,2.098858e-01,-3.229579e+01,-1.770069e+00,5.112330e+00,-3.173089e+01,-3.503959e+01,-4.720041e+00,1.026046e+01,1.202667e+01,-9.886336e+00,4.112152e+00,-9.712255e+00,-1.166510e-01,-6.744505e+00,6.858498e+00,-1.467320e+01,-4.571272e+00,-1.802840e+00,-8.367757e-01,-2.407986e+00,-5.247137e+00,-4.206121e+00,-3.444571e+00,-2.567509e+00,3.889928e-01,4.760817e-01,6.112407e-01,8.454831e-01,1.467805e+00,1.611845e+00,1.773688e+00,2.508049e+00,1.614166e+02,8.006530e-01,-2.784969e-02,-1.033403e+00,-1.357621e+00,2.214501e-01,1.821087e+00,-3.792725e-01,-3.846247e-01,-6.876973e-01,-9.246635e-03,8.523206e-01,1.636477e+00,-2.152052e+00,-6.884153e-01,8.287827e-01,8.078550e-01,6.162025e-01,-2.300963e-01,-2.641653e-01,-2.865620e-01,-3.695436e-01,-8.702679e-02,-2.858820e-02,4.113555e-03,-7.494950e-03,-6.343424e-04,-4.518202e-03,-1.838368e-03,9.426242e-03,-3.629994e-03,3.824234e-05,-5.057283e-02,-4.459514e-02,-4.704529e-01,-1.046265e-02,1.596882e+02,2.990534e-03,3.457774e-03,1.701659e-01,4.856873e-02,-4.755638e-04,3.696589e-05,-2.350813e-03
925,9.250000,2.271145e-01,-3.315457e+01,-3.444106e+00,4.331401e+00,-2.958431e+01,-3.459610e+01,-4.728102e+00,1.119705e+01,1.209114e+01,-9.158817e+00,5.044811e+00,-1.200038e+01,1.815957e+00,-4.875218e+00,6.011720e+00,-1.540967e+01,-4.873883e+00,-2.139157e+00,-1.119265e+00,-2.624535e+00,-5.230335e+00,-4.146636e+00,-3.394177e+00,-2.585075e+00,3.762564e-01,4.832797e-01,6.165084e-01,8.735453e-01,1.466657e+00,1.619984e+00,1.728819e+00,2.479498e+00,1.610916e+02,7.929319e-01,-3.108419e-02,-7.223904e-01,-1.138763e+00,-5.228819e-01,1.171017e+00,-2.930546e-01,-2.066099e-01,-1.392997e-01,4.413174e-01,8.458530e-01,7.579640e-01,-3.130566e-01,5.891165e-01,6.704865e-01,7.741774e-01,-7.675672e-01,-2.442472e-01,-1.935726e-01,-1.997033e-01,-1.873314e-01,-3.549981e-02,2.332411e-02,3.569076e-02,-1.842508e-02,-4.268908e-03,4.160792e-04,6.838632e-03,2.647943e-02,4.269528e-03,2.564716e-03,9.600973e-03,-2.534676e-03,-3.122681e-01,-1.825042e-02,1.601164e+02,4.274209e-03,3.740423e-03,1.981863e-01,-1.054292e+01,1.439142e-05,-9.561631e-05,-2.239707e-02
926,9.260000,1.439205e-01,-3.396086e+01,-4.877330e+00,2.475222e+00,-3.031480e+01,-3.429184e+01,-5.279972e+00,1.061199e+01,1.288481e+01,-9.487407e+00,4.208972e+00,-9.644833e+00,3.099844e+00,-5.290132e+00,6.138515e+00,-1.830009e+01,-5.246541e+00,-2.328873e+00,-1.315247e+00,-2.639189e+00,-5.204005e+00,-4.137850e+00,-3.420071e+00,-2.637874e+00,3.785865e-01,4.842359e-01,6.271855e-01,8.823598e-01,1.470025e+00,1.619948e+00,1.729585e+00,2.478751e+00,1.608527e+02,7.658060e-01,-2.828929e-02,-4.042976e-01,-6.798089e-01,-6.751894e-01,4.329374e-01,-2.937744e-01,6.140243e-01,-1.657438e-01,3.831758e-01,4.265290e-01,-6.598603e-01,1.187806e+00,4.540548e-01,1.705498e-01,1.220413e+00,-2.478591e-01,-1.643445e-01,-1.301384e-01,-9.799339e-02,-4.156718e-02,-2.576876e-02,5.648398e-03,5.565371e-02,-7.499456e-03,1.054883e-03,3.372580e-03,7.332265e-03,2.213828e-02,1.472187e-03,-5.702925e-03,2.704380e-02,1.983934e-02,-2.055603e-01,-2.664484e-02,1.601362e+02,4.259820e-03,4.762711e-03,1.687782e-01,-2.664842e+01,-7.236205e-04,-4.288792e-04,-3.816880e-02
927,9.270000,1.371941e-01,-3.382501e+01,-4.944262e+00,2.339648e+00,-2.905193e+01,-3.528966e+01,-5.389786e+00,1.043126e+01,1.502894e+01,-8.433496e+00,4.041714e+00,-8.286605e+00,4.261329e+00,-3.732624e+00,9.951168e+00,-1.937478e+01,-5.277056e+00,-2.323416e+00,-1.275662e+00,-2.649543e+00,-5.240003e+00,-3.989106e+00,-3.289113e+00,-2.589764e+00,3.782359e-01,4.910029e-01,6.445980e-01,9.495535e-01,1.504130e+00,1.611713e+00,1.862310e+00,2.598744e+00,1.607134e+02,7.298053e-01,-1.499091e-02,-1.005928e-01,-4.020185e-02,-1.647954e-01,2.054459e-01,1.514389e-01,1.680713e+00,1.552447e-01,-8.984137e-02,-2.011582e-01,-1.340446e+00,2.041004e+00,5.372706e-01,2.646877e-01,1.756597e+00,1.156628e+00,-2.190433e-02,-1.023279e-01,-8.505285e-03,5.438130e-02,-4.275494e-02,-3.854756e-02,4.069719e-02,-1.121855e-03,4.103330e-03,5.036769e-03,2.103460e-03,1.124978e-02,-7.195187e-03,-1.113310e-02,5.280205e-02,2.823985e-02,-1.302124e-01,-2.986340e-02,1.067694e+02,2.307742e-03,3.178520e-03,9.887730e-02,-4.272494e+01,-1.245257e-03,-1.064923e-03,-5.361744e-02
928,9.280000,1.133995e-01,-3.398206e+01,-4.419035e+00,2.732260e+00,-2.983240e+01,-3.616168e+01,-1.319077e+00,9.814639e+00,1.247365e+01,-8.116352e+00,1.314399e+00,-5.630110e+00,9.309372e-01,-6.463053e+00,1.099084e+01,-1.392993e+01,-5.191408e+00,-2.361402e+00,-1.248544e+00,-2.603317e+00,-5.371147e+00,-4.256644e+00,-3.218835e+00,-2.602661e+00,3.932774e-01,4.890831e-01,6.338572e-01,9.181705e-01,1.456429e+00,1.587466e+00,1.842162e+00,2.547623e+00,1.605779e+02,6.989921e-01,5.442008e-03,-1.022705e-01,-1.290106e-01,2.964828e-01,4.559423e-01,1.255925e+00,2.187876e+00,4.009998e-01,-8.328117e-01,-1.023393e+00,-1.652261e+00,1.433253e+00,1.333618e+00,2.593994e-04,9.906833e-01,2.378326e+00,3.642602e-02,-2.004257e-01,-6.003577e-02,2.959590e-02,-4.601064e-02,-8.734433e-02,1.053646e-02,1.779971e-02,3.804034e-03,7.256529e-03,-4.256374e-03,-1.050651e-04,-2.783122e-02,-1.219254e-02,1.382344e-02,-1.135449e-02,-6.851044e-02,-2.592982e-02,5.311954e+01,3.556648e-04,1.594330e-03,2.897642e-02,-4.270419e+01,-1.082738e-03,-1.270394e-03,-4.364337e-02
929,9.290000,1.674204e-01,-3.364693e+01,-3.874263e+00,3.378906e+00,-2.879828e+01,-3.290398e+01,1.695016e+00,1.237195e+01,1.184751e+01,-1.085014e+01,-2.101325e-01,-3.802716e+00,5.586763e+00,-2.965319e+00,1.236854e+01,-1.181160e+01,-5.010971e+00,-2.634532e+00,-1.195143e+00,-2.370564e+00,-5.360538e+00,-4.279976e+00,-3.291309e+00,-2.608290e+00,3.894276e-01,5.060400e-01,6.236898e-01,9.118889e-01,1.437479e+00,1.580559e+00,1.936541e+00,2.586262e+00,1.605779e+02,6.770218e-01,7.045563e-03,-4.501072e-01,-9.602116e-01,1.437634e-01,6.145571e-01,2.092819e+00,9.986520e-01,-1.845656e-01,-1.237864e+00,-1.088242e+00,-8.712122e-01,8.625616e-01,2.484387e+00,-5.027151e-02,1.463680e-02,1.812744e+00,-7.448077e-02,-3.145208e-01,-2.161869e-01,-1.133020e-01,-2.330523e-02,-8.653688e-02,-2.932239e-02,1.810234e-02,3.197244e-03,7.956815e-03,6.221545e-03,1.056538e-02,-2.294431e-02,-2.007580e-03,5.063140e-03,-2.507436e-02,-2.709656e-02,-1.824517e-02,0,0,0,0,-2.666584e+01,-4.971150e-04,-7.951370e-04,-2.267310e-02
930,9.300000,1.560174e-01,-3.456125e+01,-6.057383e+00,3.438007e+00,-2.816191e+01,-2.920505e+01,2.117008e+00,1.164664e+01,1.031147e+01,-1.339605e+01,-1.926412e+00,-4.720510e+00,9.105217e+00,-5.672488e+00,9.883245e+00,-1.019004e+01,-5.197453e+00,-3.175443e+00,-1.655685e+00,-2.630699e+00,-5.373790e+00,-4.429136e+00,-3.366291e+00,-2.539613e+00,3.920108e-01,5.130000e-01,6.163577e-01,9.006668e-01,1.364194e+00,1.574562e+00,1.761587e+00,2.428220e+00,1.605779e+02,6.625486e-01,-4.052252e-03,-9.499332e-01,-2.027866e+00,-1.777286e-01,8.588409e-01,1.602666e+00,-8.720452e-01,-1.197494e+00,-1.029640e+00,4.909589e-01,6.363041e-01,4.116680e-01,2.981355e+00,-4.978486e-01,-5.813122e-03,3.510594e-01,-2.709906e-01,-3.652127e-01,-3.900385e-01,-3.383560e-01,-3.284683e-02,-5.328550e-02,-3.920627e-03,1.918399e-02,6.031692e-04,5.276024e-03,2.057990e-02,3.367693e-02,-8.275425e-03,5.623579e-03,4.974723e-03,-1.195414e-02,0,-1.163713e-02,0,0,0,0,-1.062391e+01,-7.113297e-05,-3.188660e-04,-5.795284e-03
931,9.310000,1.511130e-01,-3.578595e+01,-8.926147e+00,2.705591e+00,-2.681439e+01,-2.830388e+01,-2.114569e+00,8.592429e+00,9.920712e+00,-1.123486e+01,1.306058e+00,-4.428597e+00,1.259612e+01,-4.379264e+00,1.057815e+01,-1.218101e+01,-5.646437e+00,-3.489000e+00,-2.153026e+00,-3.202362e+00,-5.355207e+00,-4.335544e+00,-3.361997e+00,-2.530777e+00,3.948554e-01,5.188285e-01,6.844555e-01,1.011132e+00,1.435526e+00,1.608127e+00,1.927913e+00,2.533073e+00,1.605779e+02,6.568012e-01,-9.747373e-03,-1.142506e+00,-2.415287e+00,-6.521031e-01,1.060469e+00,4.156559e-01,-2.058680e+00,-1.981925e+00,-1.124080e+00,1.952792e+00,1.275254e+00,-9.839709e-02,1.480986e+00,-1.379903e+00,-3.652597e-01,-4.138786e-01,-3.681360e-01,-3.001813e-01,-4.467206e-01,-4.524258e-01,-2.028494e-02,-8.564234e-03,5.839627e-02,8.209634e-03,3.686231e-03,2.378988e-03,3.706974e-02,5.358458e-02,1.585271e-02,1.123413e-02,1.572400e-02,1.958723e-02,0,-6.450427e-03,0,0,0,0,0,0,0,0
932,9.320000,1.012920e-01,-3.766222e+01,-1.203242e+01,2.180274e+00,-2.653014e+01,-3.044840e+01,-3.774510e+00,5.716930e+00,8.288852e+00,-5.469198e+00,3.737824e+00,-3.258829e+00,1.233303e+01,-8.245323e+00,1.185697e+01,-1.198993e+01,-6.228628e+00,-3.760232e+00,-2.719795e+00,-3.879199e+00,-5.538046e+00,-4.495287e+00,-3.203094e+00,-2.545498e+00,3.935793e-01,5.090689e-01,7.063739e-01,1.036933e+00,1.416028e+00,1.601800e+00,1.871349e+00,2.514446e+00,1.605779e+02,6.509168e-01,-3.731802e-03,-7.013428e-01,-1.846162e+00,-8.771768e-01,1.434844e+00,9.799423e-02,-1.435548e+00,-1.721008e+00,-1.655137e+00,1.838370e+00,1.142059e+00,-1.959622e-01,6.485337e-01,-1.416007e+00,-1.753920e-01,-1.073702e+00,-2.602577e-01,-1.916566e-01,-3.482191e-01,-3.028028e-01,3.837023e-02,6.349249e-02,1.355946e-01,1.167908e-02,3.763586e-03,3.748298e-03,3.522702e-02,4.981337e-02,2.876468e-02,1.158488e-02,2.940753e-02,4.993493e-02,0,-2.841020e-03,0,0,0,0,0,0,0,0
933,9.330000,1.460462e-01,-3.780898e+01,-1.296318e+01,7.472566e-01,-2.431182e+01,-3.020403e+01,-5.652623e+00,5.427180e+00,7.238418e+00,-5.049602e+00,3.334021e+00,-5.025542e+00,1.137778e+01,-8.578415e+00,9.555381e+00,-1.298105e+01,-6.336063e+00,-3.843044e+00,-2.896690e+00,-4.008443e+00,-5.379835e+00,-4.289722e+00,-3.080926e+00,-2.564300e+00,4.070745e-01,5.199004e-01,7.640305e-01,1.111678e+00,1.490826e+00,1.623111e+00,1.960280e+00,2.641084e+00,1.605779e+02,6.505856e-01,1.105706e-02,-7.929611e-02,-7.834345e-01,-7.322739e-01,1.618018e+00,1.065908e+00,1.262574e-02,-5.853832e-01,-1.218030e+00,3.736734e-01,7.917563e-01,-3.451606e-01,-3.235433e-01,-1.566653e+00,-1.122334e+00,-6.140235e-01,-7.801342e-02,-1.026469e-01,-2.007301e-01,-8.410633e-02,1.083959e-01,1.042384e-01,1.245084e-01,2.905376e-02,2.950165e-03,6.189704e-03,2.254489e-02,3.000785e-02,1.895845e-02,8.589315e-03,-1.539078e-02,2.751493e-02,0,5.180359e-04,0,0,0,0,0,0,0,0
934,9.340000,1.398918e-01,-3.705645e+01,-1.326968e+01,3.128995e-02,-2.223897e+01,-2.776501e+01,-3.291705e+00,4.624225e+00,3.376929e+00,-7.296831e+00,2.769903e+00,-5.401848e+00,1.295706e+01,-1.065295e+01,9.517669e+00,-1.515854e+01,-6.153928e+00,-3.956704e+00,-3.024948e+00,-3.741673e+00,-5.169625e+00,-4.134585e+00,-2.828853e+00,-2.464456e+00,4.047192e-01,5.312055e-01,7.527053e-01,1.099460e+00,1.480368e+00,1.624994e+00,1.892441e+00,2.623889e+00,1.605779e+02,6.514513e-01,1.078696e-02,2.478783e-01,1.268654e-01,-1.881708e-01,1.056938e+00,1.929826e+00,7.966112e-01,-1.935265e-01,-4.496417e-02,-8.618377e-01,8.333036e-01,-6.164339e-01,-8.266882e-01,-6.981620e-01,-3.578971e-01,4.506403e-01,5.548558e-02,-5.072679e-02,-4.165790e-02,2.744014e-02,1.210817e-01,6.741977e-02,2.122447e-02,3.849278e-02,-2.792865e-04,4.176730e-03,8.953136e-03,1.180882e-02,1.272153e-02,5.076134e-03,-1.773779e-02,1.931698e-02,0,1.411319e-03,0,0,0,0,0,0,0,0
935,9.350000,1.870984e-01,-3.648532e+01,-1.222469e+01,1.187133e-01,-2.086988e+01,-2.431603e+01,-2.292843e+00,6.211866e+00,6.286522e+00,-8.452672e+00,5.748800e+00,-5.082891e+00,1.066640e+01,-1.100872e+01,6.136127e+00,-1.366683e+01,-6.073854e+00,-3.903998e+00,-3.004100e+00,-3.691657e+00,-4.997438e+00,-3.994703e+00,-2.926576e+00,-2.426029e+00,4.040363e-01,5.387087e-01,7.740142e-01,1.129908e+00,1.498149e+00,1.639476e+00,1.840413e+00,2.615927e+00,1.605779e+02,6.591241e-01,2.486645e-03,-1.190949e-03,5.467532e-01,4.862198e-01,1.230873e-01,1.477879e+00,1.333612e+00,2.060746e-01,1.261660e+00,-9.160608e-01,7.469937e-01,-5.976210e-01,-2.361187e+00,-5.784076e-01,1.169802e+00,2.118314e+00,5.784244e-02,-5.950703e-02,4.315858e-02,-3.290451e-02,8.859396e-03,-4.140864e-02,-8.468328e-02,1.292717e-02,-1.225087e-03,-2.037477e-03,-7.319528e-03,-1.273562e-02,-2.562785e-03,-1.932669e-03,-3.463861e-02,-7.475662e-03,0,1.777172e-04,0,0,0,0,0,0,0,0
936,9.360000,1.347007e-01,-3.708466e+01,-1.176734e+01,1.553692e+00,-2.296642e+01,-2.374327e+01,-1.471344e+00,4.356955e+00,8.539979e+00,-8.076852e+00,6.696952e+00,-6.312325e+00,8.555287e+00,-1.052098e+01,1.177711e+01,-9.393845e+00,-6.082304e+00,-3.983389e+00,-2.874380e+00,-3.900391e+00,-5.123836e+00,-4.305698e+00,-3.174147e+00,-2.422169e+00,3.937020e-01,5.205484e-01,7.461477e-01,1.086863e+00,1.475974e+00,1.618998e+00,1.842594e+00,2.623610e+00,1.605779e+02,6.537041e-01,1.053177e-03,-3.380035e-01,2.000031e-01,7.239444e-01,-3.653854e-01,6.270857e-01,1.004701e+00,-2.875062e-01,2.082786e+00,-2.929167e-01,2.436914e-01,-4.778369e-01,-4.173624e+00,-1.171817e+00,1.642481e+00,2.355112e+00,-1.290913e-02,-7.228885e-02,3.478818e-02,-1.330644e-01,-7.364912e-02,-9.420276e-02,-1.177785e-01,1.207521e-02,3.881037e-04,-1.032302e-02,-1.795959e-03,-1.524587e-02,-1.293659e-04,-6.264615e-03,-1.446919e-02,-5.757618e-03,0,-5.419612e-04,0,0,0,0,0,0,0,0
937,9.370000,1.610750e-01,-3.780083e+01,-1.098058e+01,2.417155e+00,-2.333266e+01,-2.482550e+01,1.052554e-01,6.591188e+00,1.096519e+01,-9.239896e+00,5.105464e+00,-7.558409e+00,1.772731e+00,-1.153643e+01,1.427467e+01,-5.271825e+00,-6.082663e+00,-4.127237e+00,-2.756181e+00,-4.093606e+00,-5.358433e+00,-4.411209e+00,-3.331696e+00,-2.520807e+00,4.064577e-01,5.150416e-01,7.307116e-01,1.054299e+00,1.480209e+00,1.616446e+00,1.812010e+00,2.603846e+00,1.605779e+02,6.503478e-01,2.664123e-03,-5.410183e-01,-8.187017e-01,-1.611376e-01,-4.580788e-01,6.697826e-02,1.058105e+00,-1.036812e+00,6.577967e-01,-1.472809e-01,-1.105879e+00,3.292976e-02,-4.516389e+00,-1.969072e+00,1.572130e+00,1.216255e+00,-1.205268e-01,-1.356957e-01,-7.075985e-02,-1.050236e-01,-6.341638e-02,-6.201773e-02,-1.324594e-02,2.175221e-02,4.013055e-03,-7.468432e-03,8.154005e-03,-1.403006e-02,6.696904e-03,-4.374159e-03,3.526330e-03,-4.246950e-03,0,-1.687050e-04,0,0,0,0,0,0,0,0
938,9.380000,1.581694e-01,-3.808871e+01,-1.289172e+01,2.501791e+00,-2.283451e+01,-2.437485e+01,5.327533e-01,2.997033e+00,1.145152e+01,-8.367803e+00,4.310028e+00,-6.553274e+00,-3.464232e+00,-1.624817e+01,1.366080e+01,-7.580476e+00,-6.214069e+00,-4.206529e+00,-2.974966e+00,-4.206020e+00,-5.357374e+00,-4.397346e+00,-3.215186e+00,-2.356691e+00,4.054491e-01,4.914240e-01,7.653768e-01,1.061036e+00,1.488691e+00,1.605186e+00,1.834296e+00,2.601141e+00,1.605779e+02,6.531296e-01,7.066874e-03,-4.694038e-01,-1.660015e+00,-1.394101e+00,-6.602093e-01,3.435270e-01,2.108006e-01,-1.234470e+00,-4.940309e-01,5.800450e-01,-1.313915e+00,-2.131967e-01,-3.002622e+00,-1.417529e+00,-2.977149e-01,-3.033721e-01,-2.293169e-01,-1.357128e-01,-1.468999e-01,-2.399297e-02,5.684133e-02,1.676121e-02,5.080182e-02,2.456794e-02,7.902801e-03,-1.167625e-03,2.489456e-02,1.028275e-03,3.609538e-03,-2.628875e-03,1.575634e-02,1.509452e-03,0,4.362196e-03,0,0,0,0,0,0,0,0
939,9.390000,1.886847e-01,-3.868838e+01,-1.575601e+01,-1.161025e+00,-2.322623e+01,-2.366535e+01,1.995634e+00,1.707767e+00,8.119733e+00,-9.043601e+00,1.412868e+00,-4.797767e+00,-5.905790e+00,-1.799048e+01,1.305493e+01,-8.492237e+00,-6.610606e+00,-4.470907e+00,-3.307606e+00,-4.063961e+00,-5.197752e+00,-4.258968e+00,-2.972286e+00,-2.350007e+00,4.182280e-01,5.159288e-01,8.051696e-01,1.072671e+00,1.525275e+00,1.624511e+00,1.862194e+00,2.605926e+00,1.605779e+02,6.585678e-01,5.911589e-04,-2.509815e-01,-1.519201e+00,-2.373682e+00,-1.511992e+00,2.547304e-01,-3.201160e-01,-1.008025e+00,-1.746829e+00,3.654110e-01,-1.787252e+00,-1.099371e+00,-1.564519e-01,5.610909e-01,-6.177050e-01,-5.810906e-01,-2.322200e-01,-1.050944e-01,-6.876583e-02,1.133587e-01,1.513083e-01,2.684641e-02,3.528104e-02,-1.829081e-02,1.038809e-02,6.918472e-03,2.085770e-02,4.965329e-03,1.803875e-03,-1.327515e-03,4.053162e-02,1.517630e-02,0,6.177038e-03,0,0,0,0,0,0,0,0
940,9.400000,1.562302e-01,-3.898790e+01,-1.767970e+01,-3.627724e+00,-2.632068e+01,-2.260571e+01,-1.362530e+00,6.263158e-01,7.492555e+00,-5.274774e+00,1.973677e+00,-8.758629e+00,-2.618564e+00,-1.438161e+01,1.089840e+01,-9.300499e+00,-6.964918e+00,-4.490118e+00,-3.333167e+00,-4.035179e+00,-4.919970e+00,-4.298012e+00,-3.099843e+00,-2.384730e+00,4.273308e-01,5.142667e-01,8.333915e-01,1.082818e+00,1.471489e+00,1.601821e+00,1.896284e+00,2.630117e+00,1.605779e+02,6.714051e-01,-8.178711e-04,-4.459381e-02,-2.245234e-01,-2.140219e+00,-1.709652e+00,-5.768566e-01,-8.416687e-01,4.718300e-01,-1.507028e+00,1.002160e-01,-1.242791e+00,-9.753122e-01,2.060833e+00,2.489765e+00,-1.029798e+00,-9.846415e-02,-1.468068e-01,-2.576590e-03,8.404639e-02,1.715724e-01,1.100188e-01,2.318983e-02,-5.083609e-02,-1.072091e-01,9.975722e-03,1.051916e-02,-3.020048e-04,4.977345e-03,-2.077651e-03,-2.325201e-03,5.052590e-02,1.904008e-02,0,3.707510e-03,0,0,0,0,0,0,0,0
941,9.410000,1.650004e-01,-3.860614e+01,-1.618260e+01,-6.386496e+00,-2.914953e+01,-2.443642e+01,-5.476828e-01,2.736423e+00,4.210535e+00,-8.959355e+00,-2.662619e+00,-1.195259e+01,5.676375e-01,-9.664262e+00,1.256734e+01,-7.317267e+00,-6.868339e+00,-4.510915e+00,-2.920910e+00,-3.612233e+00,-4.820593e+00,-4.326643e+00,-3.212962e+00,-2.598242e+00,4.474572e-01,5.382126e-01,8.009928e-01,1.068235e+00,1.497829e+00,1.611491e+00,1.983675e+00,2.665239e+00,1.605779e+02,6.720952e-01,8.058029e-03,3.233948e-02,8.210539e-01,-1.034639e+00,-6.780800e-01,-1.381026e+00,-1.189746e+00,7.758166e-01,-1.070073e+00,-4.604229e-01,-6.217202e-01,2.540627e-01,2.275080e+00,2.274256e+00,-1.446584e+00,-2.169804e-01,-1.184669e-02,8.452630e-02,1.207266e-01,1.202590e-01,-8.330107e-03,2.826786e-02,-7.766747e-02,-1.324820e-01,2.075624e-03,3.201294e-03,-1.895288e-02,2.564168e-03,-7.537305e-03,-5.488706e-03,2.554774e-02,-4.438946e-02,0,-2.104992e-03,0,0,0,0,0,0,0,0
942,9.420000,1.659222e-01,-3.835280e+01,-1.380104e+01,-5.586567e+00,-2.842112e+01,-2.687360e+01,-2.403932e+00,4.841855e+00,5.870985e+00,-7.908845e+00,1.338164e-01,-7.852425e+00,3.603221e+00,-7.962453e+00,8.755609e+00,-8.660282e+00,-6.819237e+00,-4.199408e+00,-2.748082e+00,-3.574022e+00,-4.995859e+00,-4.247559e+00,-3.349029e+00,-2.768620e+00,4.407131e-01,5.328779e-01,7.659552e-01,1.088141e+00,1.492026e+00,1.600070e+00,2.026185e+00,2.666685e+00,1.605779e+02,6.649035e-01,7.715279e-03,-1.018234e-01,1.102780e+00,3.064915e-01,9.277275e-01,-1.590298e+00,-1.104367e+00,1.229398e+00,-6.223316e-01,-5.291693e-01,-6.694966e-01,2.467421e+00,1.848929e+00,1.078579e+00,-1.603714e+00,-1.244899e-01,6.712060e-02,9.574194e-02,2.056496e-02,2.471643e-02,-1.472634e-01,2.973747e-02,-2.690294e-02,-1.300231e-01,-7.235301e-03,1.307380e-03,-2.792959e-02,6.650388e-03,-3.311109e-03,-1.913559e-03,-2.822697e-03,-8.532469e-02,5.587006e-01,-3.230804e-03,0,0,0,0,1.294000e+01,0,0,4.209419e-03
943,9.430000,2.241288e-01,-3.884423e+01,-1.359007e+01,-5.354797e+00,-2.556641e+01,-2.843654e+01,-3.432394e+00,3.479080e+00,3.580153e+00,-1.002868e+01,-7.758024e-01,-3.980555e+00,2.358717e+00,-9.828776e+00,6.893408e+00,-9.897247e+00,-6.742680e+00,-4.193630e+00,-2.996515e+00,-3.693244e+00,-5.201458e+00,-4.142855e+00,-3.236031e+00,-2.820472e+00,4.219150e-01,5.226297e-01,7.441234e-01,1.082831e+00,1.477320e+00,1.597943e+00,1.924982e+00,2.365695e+00,1.605779e+02,6.512936e-01,-3.833947e-03,-1.004444e-01,1.072518e+00,1.131571e+00,1.122711e+00,-5.346106e-01,-8.372551e-01,9.876949e-01,-5.332531e-01,4.082136e-02,-9.107240e-01,2.713629e+00,1.536338e+00,8.558594e-01,-2.121854e+00,-7.299089e-01,1.507048e-01,9.697042e-02,-3.200109e-02,1.727719e-02,-1.462699e-01,-3.663673e-02,-3.794963e-02,-1.099221e-01,-9.254167e-03,5.444408e-04,-1.227131e-02,9.085178e-03,-1.055135e-02,1.282114e-02,-9.703982e-03,-8.906247e-02,1.714366e+00,1.028404e-02,0,0,0,0,3.194435e+01,0,0,1.052355e-02
944,9.440000,1.652423e-01,-3.937797e+01,-1.346206e+01,-2.611115e+00,-2.347360e+01,-2.855714e+01,-5.442008e+00,6.401975e+00,4.696088e+00,-7.385958e+00,-2.317215e+00,-4.075398e-01,5.730539e+00,-8.906455e+00,5.716802e+00,-8.632958e+00,-6.692144e+00,-4.170051e+00,-3.192540e+00,-3.871092e+00,-5.465855e+00,-4.241219e+00,-3.222823e+00,-2.923730e+00,4.039254e-01,5.285950e-01,7.221782e-01,1.108772e+00,1.465188e+00,1.599027e+00,1.911517e+00,2.353266e+00,1.633714e+02,6.656519e-01,-1.806613e-02,5.577625e-01,2.036126e+00,1.678951e+00,1.583399e-01,-6.025816e-01,-4.230824e-01,8.289711e-01,-2.633893e-01,-4.280295e-01,-1.593632e+00,9.218675e-01,1.959570e+00,1.708309e+00,-1.473034e+00,-1.160563e+00,4.044753e-01,2.753146e-01,1.812840e-01,2.044122e-01,-7.282839e-02,-9.008875e-02,-6.533794e-02,-8.349059e-02,-1.016164e-02,2.126157e-03,-6.625128e-03,-1.856029e-03,4.440844e-03,2.937372e-02,3.324135e-02,3.776884e-03,3.225616e+00,3.121902e-02,6.469999e+01,0,0,2.104709e-02,5.058013e+01,1.954152e-03,0,4.393222e-02
945,9.450000,1.461706e-01,-3.859578e+01,-1.098950e+01,-2.216365e+00,-2.600974e+01,-2.626770e+01,-3.214920e+00,6.894838e+00,2.131717e+00,-9.016692e+00,-5.990723e+00,-2.106882e+00,7.185667e+00,-4.912964e+00,3.477477e+00,-1.098047e+01,-6.178361e+00,-4.040741e+00,-2.858687e+00,-3.377312e+00,-5.316945e+00,-4.512997e+00,-3.465813e+00,-3.070297e+00,4.195802e-01,5.430762e-01,7.615247e-01,1.103345e+00,1.458491e+00,1.676118e+00,1.992489e+00,2.376637e+00,1.677530e+02,7.231413e-01,-2.514137e-02,1.694647e+00,3.717569e+00,2.082407e+00,-1.280125e+00,-1.782096e+00,-6.674830e-01,-7.963910e-02,2.471300e-01,-8.590004e-01,-6.323522e-01,-9.676991e-01,2.358467e+00,2.777734e+00,-7.298777e-01,-2.002042e+00,7.450241e-01,6.555246e-01,5.496200e-01,4.547372e-01,5.354557e-02,-7.949977e-02,-9.482662e-02,-3.266411e-02,-1.291078e-02,-3.275496e-03,-7.056278e-03,-1.273457e-02,1.078496e-02,3.940051e-02,9.028073e-02,9.919560e-02,4.109503e+00,4.825007e-02,1.273717e+02,0,0,4.209419e-02,4.958195e+01,1.288491e-02,8.291295e-03,6.790306e-02
946,9.460000,1.145707e-01,-3.568821e+01,-4.920696e+00,1.238973e+00,-2.740776e+01,-3.097092e+01,-4.628081e+00,7.278831e+00,5.278255e+00,-1.055499e+01,-5.226886e+00,-4.179924e+00,1.098759e+01,-1.878816e+00,3.098405e+00,-1.392149e+01,-5.079020e+00,-2.899280e+00,-1.910576e+00,-2.709927e+00,-5.302258e+00,-4.512932e+00,-3.560827e+00,-3.061160e+00,3.910723e-01,5.332854e-01,7.241289e-01,1.068604e+00,1.523644e+00,1.707851e+00,2.158638e+00,2.680099e+00,1.731185e+02,7.850748e-01,-1.675616e-03,2.705842e+00,4.766512e+00,2.208254e+00,-2.151060e+00,-3.913145e+00,-1.656262e+00,-9.644667e-01,3.352880e-01,-1.471260e+00,1.035778e+00,-2.279330e+00,1.891515e+00,2.677177e+00,-4.752715e-02,-2.599596e+00,9.814243e-01,1.026684e+00,8.417051e-01,6.284192e-01,1.248016e-01,4.083004e-02,-2.689517e-02,6.121929e-02,-2.243580e-02,-1.780052e-02,-2.772643e-02,-4.920847e-02,9.429467e-03,2.051954e-02,6.372653e-02,9.514137e-02,3.788399e+00,4.774610e-02,1.892148e+02,9.770758e-03,0,1.986140e-01,2.958807e+01,2.781543e-02,2.072824e-02,7.722428e-02
947,9.470000,1.237578e-01,-3.221588e+01,7.270954e-01,3.132194e+00,-2.999996e+01,-3.614013e+01,-7.176773e+00,2.642457e+00,4.524719e+00,-1.273917e+01,-2.482728e+00,-6.932858e+00,1.152252e+01,5.460737e-01,4.553218e+00,-1.726320e+01,-3.824121e+00,-1.551393e+00,-8.893969e-01,-2.000141e+00,-5.015528e+00,-4.404498e+00,-3.541162e+00,-2.915078e+00,3.637877e-01,5.039070e-01,7.078667e-01,1.039242e+00,1.502016e+00,1.740533e+00,2.252825e+00,2.698256e+00,1.762519e+02,8.328325e-01,5.722911e-02,2.884047e+00,4.484374e+00,2.003555e+00,-2.902168e+00,-4.475833e+00,-2.112186e+00,-1.829953e-01,2.006513e-01,-1.110420e+00,2.371479e+00,-1.699123e+00,1.370411e+00,1.113969e+00,9.142336e-01,-1.869400e+00,8.921764e-01,1.099838e+00,8.950688e-01,6.447046e-01,1.318742e-01,1.109206e-01,4.437482e-02,1.163481e-01,-2.400078e-02,-2.464160e-02,-4.457343e-02,-7.466840e-02,-6.200194e-04,-7.361579e-03,6.785727e-03,5.565836e-02,2.731232e+00,3.246458e-02,1.856524e+02,5.953916e-02,4.145647e-02,2.507318e-01,1.026493e+01,3.096892e-02,2.952297e-02,3.577596e-02
948,9.480000,1.680706e-01,-2.903871e+01,4.512206e+00,5.755877e+00,-3.223379e+01,-4.318665e+01,-1.174239e+01,3.705832e+00,5.176028e+00,-1.288102e+01,1.107677e+00,-9.391200e+00,1.301969e+01,1.749912e+00,4.941296e+00,-1.848958e+01,-2.962143e+00,-2.813054e-01,3.134084e-02,-1.417582e+00,-4.992555e+00,-4.091319e+00,-3.319625e+00,-2.695243e+00,3.196427e-01,4.591770e-01,6.103751e-01,8.947808e-01,1.490573e+00,1.669418e+00,2.099982e+00,2.668163e+00,1.780639e+02,8.495367e-01,1.091561e-01,2.228472e+00,3.127746e+00,1.010581e+00,-3.753403e+00,-3.199744e+00,-9.961389e-01,1.604910e+00,-8.591654e-01,-1.107957e+00,2.007607e+00,-6.252103e-02,1.514292e-01,-7.573178e-01,8.510755e-01,-1.022928e+00,5.420448e-01,8.061520e-01,7.283176e-01,5.980196e-01,1.018728e-01,8.872791e-02,5.710335e-02,9.007683e-02,-9.700152e-03,-1.871026e-02,-3.821185e-02,-8.490677e-02,-9.019447e-03,-1.648514e-02,-4.008658e-02,-7.621956e-03,1.477251e+00,1.539726e-02,1.835000e+02,1.093076e-01,8.291294e-02,3.028497e-01,-2.284698e+00,1.476898e-02,2.405966e-02,-2.426688e-02
949,9.490000,4.055661e-01,-2.750030e+01,6.715918e+00,5.542960e+00,-3.810756e+01,-4.253901e+01,-1.021869e+01,7.766361e+00,3.186088e+00,-1.340578e+01,2.699388e+00,-7.996859e+00,1.302168e+01,-1.157485e+00,7.127200e+00,-1.804343e+01,-2.775917e+00,1.494596e-01,6.456988e-01,-7.999617e-01,-4.812425e+00,-4.169201e+00,-3.364540e+00,-2.671515e+00,3.352911e-01,4.569224e-01,5.955345e-01,8.169141e-01,1.471927e+00,1.658527e+00,2.055746e+00,2.660897e+00,1.789364e+02,8.532332e-01,1.038855e-01,1.380584e+00,1.716571e+00,2.509294e-01,-3.775274e+00,-1.219401e+00,4.038692e-01,3.266908e+00,-6.828572e-01,-1.064718e+00,5.621289e-01,1.636260e+00,3.036427e-01,-2.517889e+00,8.834122e-01,-6.060839e-01,1.782552e-01,4.120011e-01,4.883159e-01,5.152627e-01,5.342965e-02,1.600466e-02,3.567753e-02,4.345629e-02,4.552814e-03,-5.915502e-03,-2.337495e-02,-7.228760e-02,-3.631234e-03,-1.283714e-02,-2.774148e-02,-5.054665e-03,6.674622e-01,3.999251e-03,1.815538e+02,1.050762e-01,1.061584e-01,1.688561e-01,-1.761900e+00,-1.356849e-02,2.135102e-03,-5.852936e-02
950,9.500000,5.194470e-01,-2.690364e+01,7.723624e+00,5.086496e+00,-4.212098e+01,-4.377020e+01,-8.087815e+00,1.274143e+01,1.651744e+00,-1.576147e+01,2.220090e+00,-3.960529e+00,1.099516e+01,-4.813626e+00,6.066792e+00,-1.864601e+01,-2.892898e+00,2.810540e-01,9.634638e-01,-3.199182e-01,-4.894445e+00,-4.186941e+00,-3.363621e+00,-2.732557e+00,3.568198e-01,4.632264e-01,5.892357e-01,7.552337e-01,1.493592e+00,1.666429e+00,2.056745e+00,2.660669e+00,1.791625e+02,8.518608e-01,3.754516e-02,6.679598e-01,7.137327e-01,-3.969120e-01,-2.491177e+00,3.097870e-01,1.287848e+00,3.186978e+00,3.635460e-01,-1.138008e+00,-1.152259e+00,2.426969e+00,5.204915e-01,-2.119073e+00,3.821332e-01,-8.501927e-01,-3.323042e-02,8.635242e-02,2.613227e-01,4.108493e-01,4.210210e-02,-1.360469e-02,4.691601e-04,-7.216644e-03,1.312999e-02,8.289019e-03,2.628613e-03,-2.164880e-02,5.316639e-03,1.517997e-02,3.525455e-02,8.447600e-03,1.580399e-01,3.909469e-04,1.798406e+02,6.084714e-02,8.794736e-02,1.182174e-01,-1.370197e+00,-2.811546e-02,-1.674477e-02,-6.317195e-02
951,9.510000,4.674970e-01,-2.638049e+01,7.704241e+00,4.721531e+00,-4.393274e+01,-4.194535e+01,-6.984716e+00,1.445920e+01,2.872575e+00,-1.662253e+01,-2.282901e-01,-1.466891e+00,1.405300e+01,-8.761603e+00,8.407531e+00,-2.021540e+01,-2.967468e+00,2.274326e-01,1.086121e+00,2.734107e-02,-4.797435e+00,-4.276663e+00,-3.340776e+00,-2.679139e+00,3.679632e-01,4.723048e-01,6.015616e-01,7.475778e-01,1.482351e+00,1.677842e+00,2.135736e+00,2.676730e+00,1.790400e+02,8.516667e-01,-4.143630e-02,2.582785e-01,5.755949e-03,-2.194490e-01,-5.997177e-01,2.962082e-01,8.928013e-01,2.331689e+00,1.754565e+00,-9.904631e-01,-2.182792e+00,1.668589e+00,1.523185e+00,-7.718087e-01,-6.881974e-01,-5.463686e-01,-8.071284e-02,-6.219407e-02,1.011208e-01,2.650125e-01,4.176664e-03,7.763338e-03,1.019454e-02,3.619671e-03,8.362234e-03,1.247416e-02,8.266849e-03,2.982676e-03,7.600188e-03,1.918191e-02,4.888780e-02,1.149387e-02,-1.065292e-01,3.296375e-04,1.786726e+02,1.592694e-02,4.961478e-02,5.040116e-02,-9.002426e-01,-2.403494e-02,-2.601526e-02,-3.060258e-02
952,9.520000,3.248310e-01,-2.625881e+01,7.586708e+00,4.182031e+00,-4.177709e+01,-4.193454e+01,-6.920143e+00,1.629430e+01,7.150514e+00,-1.696268e+01,-3.189778e+00,-5.213379e-01,1.510648e+01,-5.043395e+00,6.211796e+00,-2.165455e+01,-3.032520e+00,1.114702e-01,1.117743e+00,2.230134e-01,-4.789539e+00,-4.105611e+00,-3.329161e+00,-2.727514e+00,3.689566e-01,4.929309e-01,6.205046e-01,8.212050e-01,1.511944e+00,1.735660e+00,2.236260e+00,2.702484e+00,1.788024e+02,8.522747e-01,-1.244085e-02,-1.189117e-02,-2.944650e-01,-6.824560e-02,2.017784e-01,3.053360e-01,5.653800e-01,1.062963e+00,1.988860e+00,1.931267e-02,-2.237996e+00,7.443410e-01,1.461574e+00,8.385807e-01,-7.825909e-01,2.115347e-01,-8.019767e-02,-1.068821e-01,2.108139e-02,1.292703e-01,1.843572e-02,-1.238971e-02,5.836678e-03,4.719353e-03,3.348947e-03,1.251608e-02,8.090978e-03,1.545601e-02,-5.871725e-03,9.122873e-03,4.035964e-02,9.206128e-03,-2.099808e-01,9.449124e-04,1.780896e+02,1.330489e-02,2.746091e-02,4.621744e-02,-5.203415e-01,-1.205210e-02,-2.117481e-02,-1.017109e-02
953,9.530000,2.956926e-01,-2.653132e+01,6.813156e+00,4.897947e+00,-4.127809e+01,-4.197580e+01,-6.338523e+00,1.764837e+01,9.209525e+00,-1.775748e+01,-5.509637e+00,-1.373509e+00,1.858194e+01,-4.901644e+00,3.613710e+00,-1.927100e+01,-3.109671e+00,-7.671887e-02,1.074163e+00,2.536350e-01,-4.843995e+00,-4.171049e+00,-3.330797e+00,-2.655938e+00,3.710339e-01,5.044410e-01,6.212343e-01,7.988419e-01,1.500752e+00,1.719821e+00,2.210428e+00,2.697458e+00,1.785838e+02,8.546744e-01,2.177460e-02,-2.223528e-01,-3.303270e-01,-7.766223e-02,6.260719e-02,-3.898842e-01,4.358360e-01,4.409414e-01,7.624975e-01,6.070926e-01,-1.392555e+00,2.271494e-01,2.665658e-01,1.201857e+00,-7.154950e-01,1.473635e+00,-8.380568e-02,-8.677258e-02,-4.793000e-03,2.482374e-02,-1.113009e-02,-4.218984e-02,7.377386e-03,-1.777916e-02,2.649915e-03,7.045901e-03,3.667176e-04,-6.262660e-04,-1.691589e-02,-1.337484e-02,1.102471e-02,1.769400e-03,-2.532379e-01,9.126246e-04,1.779280e+02,8.672595e-03,6.325314e-03,5.184321e-02,-3.830368e-01,-3.757316e-03,-1.166864e-02,5.651082e-03
954,9.540000,5.431449e-01,-2.688769e+01,6.696842e+00,4.657060e+00,-4.243941e+01,-4.222830e+01,-5.584012e+00,1.646166e+01,8.427567e+00,-1.509743e+01,-6.329215e+00,-2.855152e-01,1.603856e+01,-2.550702e+00,4.550748e+00,-1.806054e+01,-3.222785e+00,-1.012807e-01,1.074850e+00,2.132864e-01,-4.778986e+00,-4.301696e+00,-3.339427e+00,-2.720561e+00,3.720292e-01,5.097387e-01,6.198543e-01,8.068817e-01,1.455033e+00,1.691053e+00,2.221197e+00,2.696335e+00,1.783406e+02,8.550815e-01,3.780393e-02,-1.545473e-01,-2.026332e-01,-3.358290e-01,-1.942909e-01,-4.503597e-01,6.941796e-04,-1.717985e-01,-2.756007e-01,1.349856e+00,-5.230419e-01,-4.955586e-01,-4.598883e-01,9.239475e-01,6.185932e-02,1.414684e+00,-6.474678e-02,-2.658412e-02,7.982051e-03,-2.082706e-02,1.583195e-02,-4.204335e-02,1.779072e-02,-2.627239e-02,2.652010e-03,-1.109579e-03,-5.897111e-03,-2.092521e-02,-2.429543e-02,-3.052762e-02,-6.521940e-03,-3.447795e-03,-3.123199e-01,6.381452e-04,1.776112e+02,4.213807e-03,3.718019e-03,6.664094e-02,-4.895676e-01,-3.084584e-03,-5.562498e-03,3.304340e-03
955,9.550000,4.672130e-01,-2.717782e+01,6.497540e+00,4.095705e+00,-4.328854e+01,-4.374789e+01,-5.473602e+00,1.658022e+01,6.046535e+00,-1.451970e+01,-5.621349e+00,-4.490558e-01,1.491979e+01,-3.998664e+00,5.660580e+00,-1.464423e+01,-3.291364e+00,-1.000549e-01,1.083603e+00,1.563233e-01,-4.858362e+00,-4.389570e+00,-3.298756e+00,-2.771512e+00,3.796765e-01,4.991304e-01,6.037204e-01,7.516081e-01,1.426227e+00,1.633271e+00,2.198391e+00,2.688651e+00,1.780046e+02,8.548265e-01,-7.838467e-03,1.486416e-02,1.123724e-01,-8.308083e-01,1.632347e-01,-5.047878e-01,-6.101111e-01,-3.293154e-01,-6.366553e-01,1.000664e+00,3.134871e-02,-1.375544e+00,-8.933780e-01,8.798357e-01,-1.872013e-01,6.822370e-01,-8.921599e-03,3.209724e-02,3.611417e-02,-8.800738e-03,3.999519e-02,3.255024e-02,9.226513e-03,-4.903672e-02,4.470441e-03,-1.435608e-03,-1.350921e-03,1.888549e-03,-3.787541e-03,-3.812015e-03,1.104894e-02,9.849549e-04,-4.181595e-01,-1.255930e-04,1.769966e+02,1.685903e-03,3.143036e-03,6.844483e-02,-7.356507e-01,-1.106432e-03,-7.715784e-04,1.182907e-03
956,9.560000,4.280905e-01,-2.670830e+01,6.731350e+00,2.904007e+00,-4.174332e+01,-4.330029e+01,-7.349133e+00,1.596938e+01,7.354005e+00,-1.183230e+01,-5.749132e+00,-3.461358e+00,1.463812e+01,-8.751467e-01,5.497658e+00,-1.689452e+01,-3.265407e+00,-9.782393e-03,1.152934e+00,1.675340e-01,-4.703196e+00,-4.206567e+00,-3.256228e+00,-2.801090e+00,3.778954e-01,4.900383e-01,5.997760e-01,7.401958e-01,1.427729e+00,1.626297e+00,2.209668e+00,2.689648e+00,1.775303e+02,8.553894e-01,-3.475634e-02,9.274044e-02,2.896717e-01,-6.826656e-01,5.759662e-01,-4.739216e-01,-9.099447e-01,-5.076218e-02,1.281478e-01,7.191763e-02,-3.428871e-01,-1.880405e+00,-2.578875e-01,2.963554e-01,-1.250716e+00,-7.384882e-02,3.553095e-02,5.290067e-02,4.829649e-02,1.671573e-02,1.266470e-02,6.480365e-02,-1.208615e-02,-3.781448e-02,4.516417e-03,-1.338342e-03,2.450979e-03,8.784354e-03,1.178762e-02,1.473736e-02,-6.362915e-03,-4.955435e-03,-5.548385e-01,-7.726252e-04,1.761075e+02,1.375319e-03,1.239557e-03,5.443833e-02,-9.648803e-01,6.531582e-04,2.870213e-04,-4.044197e-03
957,9.570000,3.140275e-01,-2.654669e+01,7.357764e+00,1.620432e+00,-4.080996e+01,-4.396374e+01,-8.506518e+00,1.624793e+01,6.563030e+00,-1.438673e+01,-5.642935e+00,-6.663306e+00,1.481527e+01,-1.340243e+00,2.204249e+00,-1.644282e+01,-3.132968e+00,3.801820e-02,1.215692e+00,2.325075e-01,-4.681914e+00,-4.055862e+00,-3.326264e+00,-2.860858e+00,3.904530e-01,5.071132e-01,6.245188e-01,8.416276e-01,1.495466e+00,1.733140e+00,2.271436e+00,2.705726e+00,1.768981e+02,8.538925e-01,3.527675e-02,-3.719025e-02,4.327660e-01,-2.083638e-01,3.728996e-01,-3.577148e-01,-1.185234e+00,8.032475e-02,5.817993e-01,-2.697527e-01,-1.186680e+00,-1.773973e+00,-3.975706e-01,-2.034521e-01,-1.294390e+00,-7.337211e-01,5.459895e-02,6.205727e-02,4.823918e-02,1.768314e-02,-3.856878e-02,2.809629e-02,-4.685576e-02,-5.171723e-02,2.622277e-03,-6.314367e-04,4.273796e-03,1.387429e-02,1.459627e-02,2.240115e-02,-2.138705e-02,-8.900261e-03,-6.999313e-01,-1.824599e-03,1.750016e+02,4.559680e-03,3.706653e-03,6.385905e-02,-1.135226e+00,1.490450e-03,7.688751e-04,-3.280744e-03
958,9.580000,4.459560e-01,-2.673955e+01,7.715088e+00,2.481368e+00,-4.079887e+01,-4.448999e+01,-8.617277e+00,1.637399e+01,8.810060e+00,-1.480433e+01,-8.032857e+00,-6.580414e+00,1.480138e+01,-2.398135e+00,2.533331e-02,-1.753049e+01,-3.124328e+00,9.418612e-02,1.250288e+00,2.587729e-01,-4.803887e+00,-4.144532e+00,-3.386104e+00,-2.864960e+00,3.892230e-01,4.990557e-01,6.217099e-01,8.057938e-01,1.479351e+00,1.714806e+00,2.152859e+00,2.663020e+00,1.761197e+02,8.516853e-01,4.294547e-02,-2.659811e-01,2.315600e-01,7.641218e-01,-6.835137e-02,-5.483196e-01,-1.275843e+00,5.774266e-01,1.441688e+00,-4.434059e-01,-1.492966e+00,-1.361394e+00,-6.643440e-01,-2.266588e-01,-4.650916e-01,-1.470379e-01,2.860737e-02,4.618723e-02,3.838237e-02,-1.337573e-02,-1.357208e-01,-4.019799e-02,-7.400227e-02,-2.796798e-02,5.842239e-04,-3.784558e-03,-1.760083e-03,-1.415622e-03,2.101624e-03,8.355367e-03,-3.360000e-02,-1.192553e-02,-8.318512e-01,-2.158284e-03,1.737843e+02,6.042710e-03,4.871317e-03,4.871284e-02,-1.227637e+00,1.114207e-03,5.852701e-04,-4.863186e-03
959,9.590000,6.346640e-01,-2.734815e+01,8.169500e+00,3.265205e+00,-4.189627e+01,-4.494162e+01,-1.076570e+01,1.677954e+01,8.227505e+00,-1.438245e+01,-1.041288e+01,-7.759393e+00,1.285030e+01,-4.254430e+00,1.924791e+00,-1.799485e+01,-3.088908e+00,1.582472e-01,1.276122e+00,1.991196e-01,-5.000860e+00,-4.280106e+00,-3.468097e+00,-2.998163e+00,3.871241e-01,4.914645e-01,6.141224e-01,7.881806e-01,1.473397e+00,1.701023e+00,2.119860e+00,2.657464e+00,1.752103e+02,8.475555e-01,1.744103e-02,-2.758871e-01,-2.563987e-01,1.330341e+00,-3.770855e-01,-2.153538e-01,-1.210991e+00,5.933682e-01,1.847360e+00,9.581226e-01,-1.129037e+00,-1.383531e+00,-8.941019e-01,6.615223e-01,1.367112e+00,-6.378460e-02,-2.434032e-02,1.617799e-02,2.340794e-02,-6.702758e-02,-1.274331e-01,-6.852083e-02,-4.290216e-02,1.914606e-02,-1.503482e-03,-5.928504e-03,-8.301670e-03,-1.204039e-02,-5.449200e-03,1.615644e-04,-7.802963e-03,-2.247500e-03,-9.286087e-01,-1.443195e-03,1.724821e+02,6.804455e-03,5.171531e-03,5.490385e-02,-1.218897e+00,5.173461e-04,-3.873372e-04,-8.035116e-03
960,9.600000,4.824996e-01,-2.763748e+01,7.483282e+00,5.902230e+00,-4.154192e+01,-4.555295e+01,-1.259876e+01,1.859071e+01,1.373021e+01,-1.405147e+01,-1.082899e+01,-9.720283e+00,1.229888e+01,-5.513471e-01,3.311929e+00,-1.685369e+01,-3.144400e+00,1.610392e-01,1.314631e+00,1.173493e-01,-5.222327e+00,-4.295435e+00,-3.555323e+00,-2.872277e+00,3.824809e-01,4.789398e-01,5.961738e-01,7.598412e-01,1.449272e+00,1.684132e+00,2.117457e+00,2.654152e+00,1.742150e+02,8.477665e-01,-6.524555e-02,-1.905109e-01,-6.874006e-01,9.637003e-01,-4.100422e-01,3.269497e-01,-1.085737e+00,-3.396017e-01,1.337343e+00,1.569412e+00,-5.822773e-01,-1.564122e+00,-1.190848e+00,1.205325e+00,2.225097e+00,1.800413e-01,-5.473349e-02,-4.277420e-02,-1.190547e-02,-1.379294e-01,-3.327732e-02,-4.607420e-02,-2.539840e-02,5.334835e-02,-1.868308e-05,-1.659384e-03,-7.402569e-03,1.141214e-02,6.804466e-05,1.090077e-02,3.676159e-02,1.207929e-02,-9.535217e-01,-1.206994e-04,1.712290e+02,5.823966e-03,3.433469e-03,3.460000e-02,-1.028249e+00,4.600496e-05,-2.154141e-04,-4.286948e-03
961,9.610000,3.829609e-01,-2.747716e+01,6.191673e+00,6.561708e+00,-4.232386e+01,-4.450903e+01,-1.257073e+01,1.810642e+01,1.333976e+01,-9.972545e+00,-9.890056e+00,-1.201102e+01,1.159601e+01,1.043974e+00,7.396513e+00,-1.710014e+01,-3.244634e+00,8.548161e-02,1.300560e+00,-3.191858e-02,-5.109859e+00,-4.323015e+00,-3.456165e+00,-2.761469e+00,3.863066e-01,4.875286e-01,5.957785e-01,8.044019e-01,1.483260e+00,1.749284e+00,2.250123e+00,2.698923e+00,1.732074e+02,8.486360e-01,-8.493853e-02,-1.794378e-01,-6.520990e-01,4.338927e-01,-1.504478e-01,7.426964e-01,1.206337e-01,-1.344993e+00,5.156366e-01,1.927909e+00,-1.704345e-01,-9.689618e-01,-6.761326e-01,8.389755e-01,1.729121e+00,-1.073219e-01,-7.449722e-02,-9.996427e-02,-6.485830e-02,-1.828370e-01,4.724913e-02,-6.908731e-02,-1.088090e-02,4.077129e-02,3.418416e-04,3.275454e-04,-6.399023e-03,1.474105e-02,4.191744e-03,9.279775e-03,4.286339e-02,1.275587e-02,-8.762680e-01,1.248807e-03,1.701848e+02,7.255783e-03,2.488891e-03,3.073989e-02,-6.444718e-01,3.014176e-04,8.336560e-04,-4.463168e-03
962,9.620000,2.455798e-01,-2.762759e+01,5.266998e+00,5.651618e+00,-4.263528e+01,-4.307153e+01,-1.314344e+01,1.401255e+01,1.294065e+01,-9.162217e+00,-1.120566e+01,-1.227521e+01,9.474290e+00,9.792881e-01,8.414959e+00,-1.707763e+01,-3.320133e+00,-8.330205e-02,1.178541e+00,-3.153552e-01,-4.915774e+00,-4.353448e+00,-3.519061e+00,-2.716565e+00,3.895383e-01,4.927267e-01,5.938690e-01,8.547438e-01,1.474761e+00,1.745179e+00,2.271536e+00,2.702687e+00,1.723535e+02,8.505416e-01,-3.837961e-02,-2.661144e-01,-2.632229e-01,-8.035383e-02,1.105610e-01,5.720612e-01,6.054028e-01,-2.025107e+00,-6.332048e-01,5.042539e-01,2.644725e-01,-7.430174e-01,-6.023632e-01,-5.421781e-03,5.148643e-01,-5.968090e-01,-3.885758e-02,-1.125350e-01,-1.053940e-01,-1.893174e-01,4.564376e-02,-5.476665e-02,-3.187790e-02,4.447388e-03,9.601057e-04,2.974963e-03,1.745415e-03,3.020871e-02,5.662239e-03,4.973126e-03,3.266058e-02,1.003051e-02,-7.129944e-01,1.095700e-03,1.697917e+02,6.047070e-03,5.135567e-03,3.936008e-02,-2.231415e-01,8.580154e-04,2.383474e-03,-1.137378e-03
963,9.630000,3.284313e-01,-2.825028e+01,6.017147e+00,5.559974e+00,-4.210183e+01,-4.246885e+01,-9.890187e+00,1.234366e+01,1.120047e+01,-7.187527e+00,-1.107672e+01,-1.132674e+01,1.088194e+01,-8.248700e-01,8.018882e+00,-1.841949e+01,-3.373528e+00,-2.194034e-01,1.019875e+00,-4.987132e-01,-4.917891e+00,-4.596536e+00,-3.540632e+00,-2.872162e+00,3.853046e-01,4.862088e-01,5.832797e-01,8.144345e-01,1.481612e+00,1.716898e+00,2.257137e+00,2.696976e+00,1.717597e+02,8.524119e-01,-5.255143e-03,-3.533701e-01,6.124511e-02,2.181268e-02,3.707527e-01,-5.826824e-01,8.637983e-01,-1.147253e+00,2.093210e-02,-1.828940e+00,1.807122e+00,-6.283625e-01,-1.148257e-01,1.295551e-02,-6.074902e-01,-2.766274e-01,-2.799821e-02,-7.034211e-02,-8.577346e-02,-1.242385e-01,-7.080440e-02,-9.317398e-03,-6.046162e-02,1.662498e-02,-7.611215e-05,4.548550e-04,4.087544e-03,1.546122e-02,6.822539e-03,-6.437802e-03,-5.625176e-03,2.496958e-04,-5.406006e-01,4.032493e-04,1.699784e+02,8.199991e-03,8.488762e-03,3.020798e-02,-2.340851e-02,1.598693e-03,2.231922e-03,-4.854061e-03
964,9.640000,3.178664e-01,-2.858149e+01,6.254430e+00,6.001328e+00,-4.110013e+01,-4.371273e+01,-1.091202e+01,1.134655e+01,1.163383e+01,-1.292271e+01,-8.913291e+00,-1.377751e+01,9.644106e+00,3.559662e-01,5.575066e+00,-1.917806e+01,-3.274240e+00,-2.491933e-01,9.280030e-01,-5.958406e-01,-5.090092e+00,-4.432508e+00,-3.672479e+00,-2.794694e+00,3.877825e-01,4.944745e-01,6.111503e-01,9.058685e-01,1.478407e+00,1.725191e+00,2.277252e+00,2.705278e+00,1.713739e+02,8.513570e-01,2.063904e-02,-1.698921e-01,-1.095190e-02,3.532360e-01,4.096684e-01,-1.494476e+00,6.186175e-01,3.359758e-01,1.157953e+00,-3.452814e+00,3.394938e+00,-6.499246e-01,-1.086102e-01,1.166648e-01,-2.571964e-01,2.145750e-01,-2.603116e-02,-5.699345e-03,-1.812696e-02,-3.451478e-02,-1.621759e-01,8.718643e-02,-3.762805e-02,9.283249e-02,-8.720875e-04,-2.314094e-03,3.314507e-03,-7.148785e-03,4.999316e-03,-1.463219e-02,-5.476863e-02,-2.088964e-02,-4.540619e-01,-8.168876e-04,1.702165e+02,9.641939e-03,1.235090e-02,2.917907e-02,-1.944443e-01,1.848767e-03,3.851353e-04,-5.179473e-03
965,9.650000,3.205419e-01,-2.876707e+01,6.004183e+00,6.495917e+00,-4.123767e+01,-4.710184e+01,-9.367455e+00,1.370315e+01,1.409783e+01,-1.723700e+01,-2.000630e+00,-1.440168e+01,1.093698e+01,1.420413e+00,5.779008e+00,-1.743307e+01,-3.407571e+00,-1.832833e-01,9.969618e-01,-5.128684e-01,-5.376722e+00,-4.330072e+00,-3.681764e+00,-2.639280e+00,3.868040e-01,4.889289e-01,6.075756e-01,8.561457e-01,1.515549e+00,1.727089e+00,2.219139e+00,2.698876e+00,1.709942e+02,8.502445e-01,1.273642e-02,3.934860e-02,-2.270316e-01,1.425563e-01,2.367172e-02,-1.490302e+00,-1.924039e-01,8.241695e-01,1.878189e+00,-3.032749e+00,3.472614e+00,-1.080510e-01,-4.158103e-01,3.350487e-01,5.248273e-01,6.905609e-01,-5.000222e-02,4.827140e-02,4.559550e-02,1.602884e-02,-1.320613e-01,1.301051e-01,-2.344565e-02,1.161940e-01,5.062044e-04,-3.486404e-03,3.812623e-03,-1.143270e-02,3.843606e-03,-9.610367e-03,-7.361250e-02,-3.014307e-02,-4.930969e-01,-1.410317e-03,1.698553e+02,1.345181e-02,1.004083e-02,1.156009e-02,-6.102234e-01,1.037944e-03,-1.798406e-03,1.218077e-04
966,9.660000,3.527197e-01,-2.821866e+01,5.218721e+00,6.949827e+00,-4.101902e+01,-4.822742e+01,-1.031172e+01,1.501268e+01,1.728173e+01,-2.140155e+01,1.230988e+00,-1.398736e+01,8.903720e+00,4.399710e-01,8.248914e+00,-1.649797e+01,-3.433267e+00,-1.298588e-01,1.099363e+00,-4.808514e-01,-5.497238e+00,-4.050748e+00,-3.636636e+00,-2.368844e+00,3.844282e-01,4.797962e-01,5.982936e-01,7.981443e-01,1.482788e+00,1.666922e+00,2.016692e+00,2.597289e+00,1.704659e+02,8.475409e-01,2.006236e-03,2.291866e-01,-2.736924e-01,1.170555e-01,1.853493e-01,-6.475670e-01,-4.764856e-01,1.114293e+00,1.738274e+00,-6.572498e-01,1.491510e+00,1.036512e+00,-2.395403e-01,1.058001e-01,9.936367e-01,4.811861e-01,-4.551876e-02,5.673968e-02,5.677922e-02,3.122880e-02,-4.443002e-02,1.026059e-01,3.209424e-02,7.556315e-02,1.307160e-04,-5.111775e-03,-5.936742e-04,-2.622885e-02,-3.172183e-03,-1.074580e-02,-9.293177e-02,-3.721168e-02,-6.272553e-01,-2.165097e-03,1.688810e+02,1.266500e-02,6.285207e-03,2.278666e-02,-1.029742e+00,6.789739e-04,-2.480912e-03,3.628366e-03
967,9.670000,3.746867e-01,-2.823495e+01,5.399844e+00,5.798506e+00,-4.202403e+01,-4.766301e+01,-1.115235e+01,1.463144e+01,1.776746e+01,-1.811185e+01,1.214210e+00,-1.176207e+01,9.173079e+00,8.083711e-01,9.306094e+00,-1.630673e+01,-3.544025e+00,-3.771365e-02,1.162172e+00,-4.760636e-01,-5.374625e+00,-4.136890e+00,-3.675782e+00,-2.504117e+00,3.895128e-01,4.761159e-01,6.087711e-01,8.111331e-01,1.498639e+00,1.697980e+00,2.019355e+00,2.600255e+00,1.697482e+02,8.472684e-01,1.180070e-02,3.024788e-01,-2.316133e-01,-7.361450e-02,4.239357e-01,5.907844e-01,-8.906578e-01,7.761508e-01,1.697964e-01,1.117886e+00,-9.767057e-01,1.350003e+00,-4.629562e-01,7.557537e-02,2.439104e-01,-2.964792e-01,4.072833e-03,2.852655e-02,1.128527e-02,1.864193e-02,5.846195e-02,8.187356e-02,6.161852e-02,-2.458859e-03,1.085705e-03,-6.228387e-04,2.798951e-03,-6.839574e-04,-1.583195e-03,-2.394581e-03,-3.874553e-02,-8.822727e-03,-7.709061e-01,-4.552221e-03,1.675950e+02,1.187818e-02,2.529581e-03,3.401322e-02,-1.201859e+00,1.553401e-04,-1.284171e-03,5.148449e-03
968,9.680000,3.008251e-01,-2.770162e+01,5.188138e+00,6.935310e+00,-3.978021e+01,-4.666998e+01,-1.240200e+01,1.645387e+01,1.849038e+01,-1.577153e+01,-3.063163e+00,-9.914758e+00,9.328353e+00,1.190987e+00,8.779706e+00,-1.733530e+01,-3.433607e+00,-3.827970e-02,1.129294e+00,-4.580990e-01,-5.313291e+00,-4.016069e+00,-3.514999e+00,-2.484460e+00,3.870817e-01,4.753221e-01,6.075842e-01,7.972305e-01,1.471001e+00,1.686016e+00,1.912485e+00,2.568530e+00,1.688606e+02,8.420196e-01,2.683499e-03,2.941139e-01,-1.556619e-01,2.962937e-02,8.768715e-01,1.019158e+00,-2.136249e-02,1.110907e+00,-1.403400e+00,1.512353e+00,-2.227769e+00,1.717746e+00,-5.107507e-01,-3.761081e-01,-6.089771e-01,-6.263930e-01,4.529874e-02,-2.489688e-02,-4.233199e-02,2.297226e-02,6.230426e-02,6.029382e-02,1.075879e-01,-4.321570e-02,3.745616e-04,4.162371e-03,2.534997e-03,1.267813e-02,4.311466e-03,8.028304e-03,1.740541e-02,2.112942e-02,-7.911896e-01,-1.205515e-02,1.661979e+02,1.382362e-02,3.701972e-03,3.609434e-02,-8.520401e-01,9.055007e-05,3.757551e-05,3.213565e-03
969,9.690000,4.054927e-01,-2.751319e+01,4.861408e+00,6.135103e+00,-3.973740e+01,-4.492664e+01,-1.277561e+01,1.686331e+01,1.434248e+01,-1.446258e+01,-4.737082e+00,-9.687970e+00,8.409879e+00,1.422781e+00,6.733164e+00,-1.849680e+01,-3.387037e+00,-8.644015e-02,1.038423e+00,-4.310350e-01,-5.176386e+00,-3.938044e+00,-3.434490e+00,-2.593766e+00,3.909057e-01,4.880518e-01,6.169251e-01,8.531828e-01,1.513527e+00,1.705569e+00,2.077514e+00,2.669142e+00,1.679424e+02,8.302441e-01,7.375047e-03,1.890812e-01,-1.492815e-01,-3.324085e-01,1.114403e+00,1.514488e+00,1.215481e+00,6.956085e-01,-2.243686e+00,9.509507e-01,-1.195150e+00,1.423713e+00,-1.473030e+00,-1.080234e+00,-6.958522e-01,-4.194595e-01,3.368459e-02,-9.153523e-02,-9.996840e-02,-2.772770e-02,7.365832e-02,6.863119e-02,1.098809e-01,-3.959499e-02,-2.402365e-05,5.362338e-03,5.202115e-04,1.483268e-02,-7.493663e-03,2.966046e-04,2.503954e-02,-1.248407e-03,-1.436520e+00,-2.356460e-02,1.651876e+02,1.364920e-02,4.911598e-03,3.064849e-02,-3.372531e+00,-7.608093e-04,5.481269e-04,3.310422e-03
970,9.700000,3.507342e-01,-2.710897e+01,4.709630e+00,6.929676e+00,-3.777797e+01,-4.449982e+01,-9.606909e+00,1.945128e+01,1.197722e+01,-1.566442e+01,-6.932211e+00,-6.435680e+00,6.731567e+00,-1.747774e+00,6.490493e+00,-1.853490e+01,-3.285268e+00,-2.299800e-01,9.495779e-01,-3.885044e-01,-5.284836e+00,-3.848703e+00,-3.219342e+00,-2.540097e+00,3.856045e-01,4.946401e-01,6.068916e-01,8.405101e-01,1.496902e+00,1.703269e+00,2.074639e+00,2.668493e+00,1.674129e+02,7.957773e-01,1.925546e-02,-1.523643e-01,-3.610494e-01,-1.188881e+00,8.840653e-01,1.567092e+00,1.797831e+00,-1.322670e-01,-2.516915e+00,5.549887e-01,4.849409e-01,1.297081e+00,-1.530362e+00,-1.870356e+00,7.520843e-02,2.360989e-01,-6.546426e-02,-1.636443e-01,-1.635305e-01,-1.116997e-01,8.163686e-02,3.955996e-02,7.346597e-02,-5.868082e-02,5.810737e-04,3.875950e-03,1.135945e-03,1.175588e-02,-1.230077e-02,-4.382050e-03,1.401591e-02,-2.048519e-02,-2.350323e+00,-3.466228e-02,1.658246e+02,1.223224e-02,5.282076e-03,4.053685e-02,-1.545816e+01,-2.225691e-03,-2.980693e-04,3.041127e-03
971,9.710000,3.866074e-01,-2.758587e+01,4.892691e+00,4.139281e+00,-3.745313e+01,-4.117566e+01,-6.472491e+00,1.661078e+01,9.805613e+00,-1.341065e+01,-2.827014e+00,-6.383044e+00,3.106320e+00,-3.123418e+00,6.971439e+00,-1.780423e+01,-3.449772e+00,-3.995396e-01,7.521884e-01,-6.494994e-01,-5.020561e+00,-3.877418e+00,-3.274206e+00,-2.674273e+00,3.901312e-01,4.932686e-01,6.117185e-01,8.636567e-01,1.448220e+00,1.690837e+00,2.063476e+00,2.544032e+00,1.632895e+02,7.525666e-01,2.094168e-03,-8.730696e-01,-1.339508e+00,-1.781642e+00,1.050972e+00,1.751573e+00,1.450197e+00,-1.643465e+00,-1.187896e+00,1.036781e+00,1.861445e+00,9.485496e-01,-3.556717e-01,-2.323153e+00,8.609549e-01,1.126307e+00,-2.862335e-01,-3.148685e-01,-3.359802e-01,-3.191933e-01,7.943902e-02,-2.513361e-02,3.066423e-02,-4.062571e-02,-9.434193e-04,-1.697332e-03,8.922517e-04,-3.008956e-03,-2.481098e-02,-3.314010e-02,-5.045491e-02,-4.993737e-02,-3.286954e+00,-3.913533e-02,1.509191e+02,8.869828e-03,4.480163e-03,4.834408e-02,-3.201289e+01,-2.936092e-03,-1.025059e-03,-1.692947e-03
972,9.720000,4.065451e-01,-2.842710e+01,3.367249e+00,1.988814e+00,-3.650202e+01,-4.071001e+01,-6.564397e+00,1.591880e+01,8.174243e+00,-1.352255e+01,-1.593493e+00,-5.081818e+00,4.328320e+00,-5.887693e+00,9.036611e+00,-1.650109e+01,-3.729561e+00,-6.999515e-01,4.547584e-01,-9.073651e-01,-4.983019e+00,-3.848583e+00,-3.227811e+00,-2.737611e+00,3.903743e-01,4.920934e-01,6.158672e-01,8.507729e-01,1.442150e+00,1.671472e+00,1.989584e+00,2.528659e+00,1.594355e+02,7.075469e-01,-2.267823e-03,-1.565197e+00,-2.518730e+00,-2.193957e+00,7.908219e-01,2.134453e+00,5.702509e-01,-2.401204e+00,-5.227973e-01,2.028370e+00,2.832574e+00,2.260160e-01,1.295585e+00,-1.747299e+00,1.244996e+00,1.401070e+00,-5.162836e-01,-4.620925e-01,-5.007170e-01,-4.693584e-01,7.560072e-02,-8.336246e-02,-2.125902e-02,-4.310618e-02,6.111115e-04,-1.923054e-03,7.213229e-03,7.752317e-03,-4.067004e-03,-3.759383e-02,-3.752027e-02,-1.018057e-02,-3.162634e+00,-3.511650e-02,9.604139e+01,5.084858e-03,2.427343e-03,4.245218e-02,-4.425535e+01,-3.079187e-03,-1.383064e-03,-1.081917e-02
973,9.730000,3.880581e-01,-3.121947e+01,-1.164941e+00,-3.026784e-01,-3.512052e+01,-3.806367e+01,-7.045879e+00,1.041222e+01,1.030449e+01,-1.034961e+01,1.900783e+00,-5.622153e+00,7.833144e+00,-8.123027e+00,9.764880e+00,-1.388217e+01,-4.596058e+00,-1.425797e+00,-3.940686e-01,-1.767571e+00,-4.930099e+00,-4.063772e+00,-3.276934e+00,-2.698138e+00,3.838038e-01,4.808384e-01,6.168985e-01,8.330066e-01,1.416848e+00,1.555767e+00,1.867767e+00,2.489372e+00,1.554963e+02,6.786826e-01,-5.466179e-02,-2.167011e+00,-3.598653e+00,-1.700117e+00,1.293393e+00,2.804028e+00,1.116174e+00,-1.490584e+00,7.001547e-01,2.847771e+00,3.301605e+00,-4.540120e-01,3.224686e-01,-1.427327e+00,7.166548e-01,1.579843e+00,-6.951966e-01,-6.443750e-01,-6.457762e-01,-6.115610e-01,-6.321716e-03,-9.931743e-02,-5.105276e-02,-1.185889e-02,4.005927e-03,8.912593e-04,1.931242e-02,2.407302e-02,1.819949e-02,-2.773330e-02,-2.697523e-02,2.263355e-02,-1.952545e+00,-2.541269e-02,4.001469e+01,2.542429e-03,1.213671e-03,2.122609e-02,-3.978795e+01,-2.282451e-03,-1.138767e-03,-1.391403e-02
974,9.740000,3.386697e-01,-3.311815e+01,-4.855206e+00,-1.819128e+00,-3.499017e+01,-3.538354e+01,-6.468960e+00,1.054454e+01,9.113791e+00,-7.053091e+00,4.866760e+00,-5.686045e+00,1.084608e+01,-7.984464e+00,1.131876e+01,-1.349058e+01,-5.293543e+00,-2.027314e+00,-9.808787e-01,-2.176261e+00,-4.952063e+00,-4.172338e+00,-3.324273e+00,-2.743695e+00,3.918238e-01,4.912399e-01,6.403677e-01,8.945968e-01,1.492253e+00,1.582835e+00,1.984892e+00,2.644920e+00,1.554963e+02,6.571367e-01,-7.840549e-02,-2.109674e+00,-3.475202e+00,-1.142797e+00,2.094255e+00,3.906972e+00,2.682244e+00,-3.900387e-01,1.076059e+00,2.553021e+00,2.464752e+00,-1.623300e+00,-2.709368e+00,-5.607278e-01,-3.382660e-01,1.019793e+00,-6.296856e-01,-7.350194e-01,-6.426572e-01,-5.999684e-01,-1.821899e-02,-5.764890e-02,-6.600194e-02,4.479074e-03,8.824239e-03,5.127752e-03,2.559950e-02,3.965424e-02,2.130445e-02,-5.344415e-03,-2.467340e-02,2.156439e-02,-7.878296e-01,-1.584201e-02,0,0,0,0,-2.320975e+01,-1.271215e-03,-6.068356e-04,-1.061305e-02
975,9.750000,1.472362e-01,-3.607540e+01,-8.989349e+00,-2.457334e+00,-3.174209e+01,-2.981875e+01,-9.393403e-01,1.184499e+01,1.283661e+01,-2.406524e+00,1.045088e+01,-8.350990e+00,1.459782e+00,-9.211666e+00,9.413641e+00,-1.141027e+01,-6.143764e+00,-2.957733e+00,-1.758874e+00,-3.072857e+00,-5.067647e+00,-4.212127e+00,-3.481239e+00,-2.730525e+00,4.094361e-01,4.981517e-01,6.960303e-01,9.621099e-01,1.514166e+00,1.596489e+00,1.930946e+00,2.599069e+00,1.554963e+02,6.507082e-01,-7.318208e-02,-1.735614e+00,-2.723271e+00,-4.468578e-01,2.889573e+00,4.296678e+00,3.368007e+00,6.880039e-01,5.227051e-01,4.406707e-01,8.225679e-01,-1.563838e+00,-4.334286e+00,-1.496468e-01,-6.333635e-01,3.672698e-01,-4.382466e-01,-7.504607e-01,-5.734655e-01,-4.918989e-01,-6.276789e-02,8.689022e-03,-7.450569e-02,-2.176237e-03,7.229733e-03,1.290513e-02,2.629548e-02,4.607322e-02,7.873881e-03,1.195726e-02,-4.817659e-02,-1.035922e-02,0,-8.188248e-03,0,0,0,0,-8.002937e+00,-5.084858e-04,-2.427343e-04,-4.245218e-03
976,9.760000,1.349286e-01,-3.654751e+01,-1.009656e+01,-2.647844e+00,-2.771996e+01,-2.529761e+01,3.793550e+00,1.325223e+01,1.228848e+01,-4.728987e+00,6.455217e+00,-1.183390e+01,-6.031841e+00,-8.147013e+00,7.520900e+00,-1.263808e+01,-6.104136e+00,-3.609081e+00,-2.076125e+00,-3.254564e+00,-5.005340e+00,-4.062649e+00,-3.455668e+00,-2.699022e+00,4.216793e-01,5.090756e-01,7.042988e-01,9.844925e-01,1.500013e+00,1.624390e+00,1.834628e+00,2.581632e+00,1.554963e+02,6.423240e-01,-5.047299e-02,-1.156657e+00,-1.755401e+00,1.798032e-01,3.417812e+00,3.770986e+00,2.291117e+00,1.264145e-01,9.580431e-02,-1.703935e+00,-7.809569e-01,-1.357276e+00,-2.978479e+00,2.382360e-01,-5.365286e-01,-4.681403e-01,-2.078027e-01,-6.436540e-01,-4.824015e-01,-3.847365e-01,-5.524530e-02,4.862685e-02,-4.776420e-02,3.893375e-03,-3.434464e-03,1.339426e-02,8.669561e-03,3.586967e-02,-2.899471e-02,2.962470e-03,-8.919835e-02,-7.354186e-02,0,-1.721770e-03,0,0,0,0,0,0,0,0
977,9.770000,1.240183e-01,-3.818287e+01,-1.216062e+01,-2.122609e+00,-2.430776e+01,-2.162325e+01,4.662900e+00,1.249840e+01,1.133067e+01,-9.308308e+00,5.219394e+00,-1.036742e+01,-5.399324e+00,-8.789987e+00,8.496990e+00,-1.247207e+01,-6.381994e+00,-4.387217e+00,-2.713773e+00,-3.687914e+00,-5.217300e+00,-4.075171e+00,-3.583765e+00,-2.731356e+00,4.050247e-01,5.364463e-01,7.164104e-01,1.018425e+00,1.452337e+00,1.594777e+00,1.702016e+00,2.469219e+00,1.554963e+02,6.451477e-01,-7.823676e-03,-5.747765e-01,-9.973694e-01,5.047428e-01,2.580738e+00,2.543371e+00,-2.993629e-02,-5.476697e-01,-7.163559e-01,-1.824925e+00,-4.600167e-01,-6.134399e-01,5.751922e-01,-1.058331e-02,4.096267e-01,-1.397804e+00,-7.953844e-02,-4.049912e-01,-3.557256e-01,-2.476823e-01,-2.687984e-02,4.022668e-02,-1.973581e-02,-5.299759e-03,-1.582504e-02,1.020404e-02,-6.055725e-03,2.279059e-02,-4.553073e-02,-4.039407e-03,-7.722507e-02,-8.359714e-02,0,9.691239e-04,0,0,0,0,0,0,0,0
978,9.780000,9.791374e-02,-3.784770e+01,-1.204657e+01,-1.087474e+00,-2.161827e+01,-2.062637e+01,2.185504e+00,1.084991e+01,1.034578e+01,-1.212187e+01,3.577719e+00,-1.146421e+01,-6.167593e-01,-7.004124e+00,9.094438e+00,-1.530038e+01,-6.213441e+00,-4.530842e+00,-2.915437e+00,-3.792415e+00,-5.153463e+00,-3.997682e+00,-3.511831e+00,-2.723813e+00,3.768572e-01,5.390639e-01,6.735255e-01,1.045788e+00,1.378194e+00,1.598504e+00,1.653365e+00,2.342136e+00,1.554963e+02,6.513081e-01,9.096740e-03,-3.644489e-01,-7.571644e-01,5.906981e-01,1.531895e+00,1.222999e+00,-1.302584e+00,-1.229375e+00,-3.435780e-01,5.973103e-01,1.914741e+00,1.413537e-01,1.813502e+00,-1.059075e+00,4.267176e-01,-1.204459e+00,-1.214835e-01,-1.452284e-01,-2.713965e-01,-2.257525e-01,-3.594828e-03,-1.663303e-03,1.223240e-02,6.835985e-03,-1.948695e-02,-1.658881e-03,-3.061539e-03,1.365749e-02,-4.243803e-02,-6.039786e-03,-4.422104e-02,-8.959081e-02,0,3.015345e-03,0,0,0,0,0,0,0,0
979,9.790000,1.266252e-01,-3.829919e+01,-1.300119e+01,-7.138053e-01,-2.188924e+01,-1.943752e+01,-2.849986e-01,1.030780e+01,1.022618e+01,-7.834703e+00,9.589547e+00,-1.160303e+01,1.628202e+00,-9.836027e+00,1.067501e+01,-1.706814e+01,-6.486804e+00,-4.521809e+00,-3.117846e+00,-4.042343e+00,-5.127985e+00,-4.043478e+00,-3.551837e+00,-2.744628e+00,3.527219e-01,5.341777e-01,6.811383e-01,1.045415e+00,1.347422e+00,1.589235e+00,1.635452e+00,2.300832e+00,1.554963e+02,6.510618e-01,1.570981e-02,-6.249237e-02,-4.001614e-01,1.317299e-01,5.869682e-01,-1.702185e-01,-1.214310e+00,-2.195248e+00,-1.379515e-01,2.571489e+00,2.541129e+00,1.097420e+00,1.158424e+00,-1.399722e+00,8.595425e-01,-2.688254e-01,-1.120131e-01,7.755031e-02,-1.399301e-01,-1.375780e-01,5.213390e-02,-2.610200e-02,7.868788e-02,3.869271e-02,-1.016309e-02,-1.015567e-02,1.083776e-02,2.975917e-03,-2.322993e-02,-5.487680e-04,-1.039695e-02,-4.705472e-02,0,2.566236e-03,0,0,0,0,0,0,0,0
980,9.800000,1.791088e-01,-3.831160e+01,-1.346209e+01,-3.987554e-01,-2.126974e+01,-2.027548e+01,-2.454202e-01,8.200654e+00,1.112284e+01,-2.479238e+00,1.384384e+01,-1.050932e+01,-4.780931e-01,-1.291937e+01,8.565480e+00,-1.636234e+01,-6.659149e+00,-4.267927e+00,-3.231071e+00,-4.206112e+00,-5.067972e+00,-4.086812e+00,-3.410471e+00,-2.658206e+00,3.503959e-01,5.019155e-01,7.066271e-01,1.039285e+00,1.340281e+00,1.596961e+00,1.646805e+00,2.217872e+00,1.554963e+02,6.544437e-01,1.154874e-02,-2.223244e-02,-2.507410e-01,-2.771139e-01,-1.812527e-01,-1.042235e+00,-9.250485e-01,-2.959338e+00,-4.577870e-01,2.310963e+00,1.871547e+00,1.449475e+00,5.148286e-01,-1.416902e+00,1.572350e+00,1.323711e+00,-9.289360e-02,1.488048e-01,-6.137526e-02,-7.612920e-02,5.034084e-02,-5.687828e-02,8.324842e-02,5.603571e-02,2.500275e-03,-1.166704e-02,2.900004e-02,-2.952194e-03,1.166573e-02,6.539821e-05,2.320801e-02,5.752325e-03,0,1.817435e-03,0,0,0,0,0,0,0,0
981,9.810000,1.619698e-01,-3.826338e+01,-1.345367e+01,-1.808319e+00,-2.154719e+01,-2.264979e+01,-1.931880e-01,2.846792e+00,1.025239e+01,-1.272183e+00,1.279197e+01,-5.357759e+00,3.234607e-01,-1.283098e+01,1.305918e+01,-1.328522e+01,-6.719206e+00,-4.130923e+00,-3.255607e+00,-4.168955e+00,-4.999376e+00,-4.161116e+00,-3.241006e+00,-2.570696e+00,3.674399e-01,5.042422e-01,7.540484e-01,1.036556e+00,1.355144e+00,1.592804e+00,1.653312e+00,2.296077e+00,1.554963e+02,6.564111e-01,-1.238084e-02,2.275650e-01,1.307552e-01,-7.363213e-01,-4.261869e-01,-6.080620e-01,-5.505106e-01,-3.061133e+00,-7.603914e-01,1.477301e-01,-1.645853e+00,-3.339285e-01,-1.170484e-01,-2.604513e-02,2.099900e+00,1.775469e+00,6.307182e-02,6.614363e-02,6.596682e-02,3.684173e-02,1.201787e-01,-4.455943e-02,5.871501e-02,4.365511e-02,1.720659e-02,-3.488949e-03,3.495744e-02,1.175415e-03,2.625196e-02,2.041411e-03,4.262335e-02,5.932450e-02,0,1.330370e-03,0,0,0,0,0,0,0,0
982,9.820000,1.379852e-01,-3.797676e+01,-1.307404e+01,-1.925787e+00,-2.269556e+01,-2.423141e+01,-2.485643e+00,-2.162768e-01,8.043743e+00,-3.848318e+00,1.133424e+01,-7.339476e+00,2.609754e+00,-1.259116e+01,1.576410e+01,-1.057328e+01,-6.561708e+00,-3.982261e+00,-3.153433e+00,-4.109755e+00,-4.966063e+00,-4.223254e+00,-3.251004e+00,-2.530600e+00,3.819996e-01,4.956965e-01,7.820707e-01,1.035456e+00,1.432662e+00,1.597046e+00,1.760475e+00,2.373275e+00,1.554963e+02,6.577206e-01,-2.027883e-02,4.877228e-01,4.728805e-01,-1.116846e+00,-8.937095e-01,9.785824e-01,-4.568858e-01,-2.141654e+00,-1.272907e+00,-4.455162e-01,-3.527990e+00,-2.663187e+00,-2.342886e-01,4.526181e-01,1.575227e+00,6.495129e-01,1.674974e-01,-6.531429e-03,1.633194e-01,1.465178e-01,2.421879e-01,-3.858047e-02,-1.079717e-02,-2.082918e-02,2.157084e-02,4.484886e-03,3.335832e-02,1.536012e-03,2.316214e-02,5.162597e-04,4.569567e-02,9.833012e-02,0,-3.303361e-03,0,0,0,0,0,0,0,0
983,9.830000,8.528281e-02,-3.732878e+01,-1.254144e+01,-3.631896e+00,-2.330726e+01,-2.049987e+01,-1.917440e+00,-7.894006e-01,7.963770e+00,-6.411513e+00,2.615084e+00,-1.485760e+01,-5.009632e-01,-1.013036e+01,1.757520e+01,-1.108532e+01,-6.220165e+00,-4.333923e+00,-2.826831e+00,-3.906313e+00,-4.578045e+00,-4.198054e+00,-3.337995e+00,-2.590156e+00,4.229530e-01,5.198424e-01,8.182037e-01,1.053207e+00,1.432491e+00,1.599400e+00,1.791734e+00,2.519753e+00,1.554963e+02,6.560752e-01,-1.218701e-03,5.750267e-01,5.219660e-01,-9.171411e-01,-5.565103e-01,2.675220e+00,6.460008e-01,-3.469753e-02,-6.356787e-01,-4.177547e-01,-3.698489e+00,-4.028417e+00,-8.115343e-01,3.252660e-01,-2.170460e-01,-2.418768e-01,1.888797e-01,-1.119816e-01,1.791446e-01,1.779552e-01,2.771098e-01,-1.444826e-02,-5.545008e-02,-4.838305e-02,2.137148e-02,9.418914e-03,2.094711e-02,1.613855e-04,1.125928e-02,1.823914e-03,3.536875e-02,7.958908e-02,0,-4.552466e-03,0,0,0,0,0,0,0,0
984,9.840000,1.160581e-01,-3.634028e+01,-1.155381e+01,-5.071196e+00,-2.485825e+01,-1.645753e+01,-1.667723e+00,-6.895171e-01,5.902612e+00,-2.137154e+00,1.292339e+00,-1.907534e+01,-1.237324e+00,-1.200659e+01,1.418361e+01,-1.421473e+01,-6.071182e+00,-4.199084e+00,-2.628861e+00,-3.604844e+00,-4.067698e+00,-4.261246e+00,-3.415962e+00,-2.752622e+00,4.304935e-01,5.165398e-01,8.413411e-01,1.038639e+00,1.417418e+00,1.596245e+00,1.806073e+00,2.597685e+00,1.554963e+02,6.380949e-01,1.914304e-02,4.592308e-01,3.147980e-01,-6.130207e-01,8.058777e-02,2.598891e+00,9.349772e-01,9.246065e-01,8.433605e-01,-2.798400e-02,-2.885393e+00,-1.872118e+00,4.446417e-01,-3.556267e-01,-1.380750e+00,1.054990e-01,9.966822e-02,-1.170847e-01,1.021100e-01,1.290737e-01,2.245614e-01,2.679582e-02,-3.745048e-02,-3.055475e-02,1.335234e-02,1.008749e-02,2.719778e-03,6.454968e-03,-8.102191e-03,-4.526985e-03,4.693138e-03,4.006443e-02,0,-4.890144e-03,0,0,0,0,0,0,0,0
985,9.850000,1.668398e-01,-3.620649e+01,-1.160395e+01,-4.821320e+00,-2.324840e+01,-1.316063e+01,2.627856e+00,2.909925e+00,8.144561e+00,-4.216538e+00,-6.795215e-01,-1.963191e+01,-1.810672e+00,-1.149693e+01,1.276420e+01,-1.267388e+01,-6.020071e+00,-4.582420e+00,-2.622169e+00,-3.531635e+00,-4.063010e+00,-4.214361e+00,-3.435778e+00,-2.701600e+00,4.500503e-01,5.409151e-01,8.291488e-01,1.035771e+00,1.419063e+00,1.602324e+00,1.807357e+00,2.581818e+00,1.554963e+02,6.434616e-01,2.587933e-02,-4.141922e-02,-1.761316e-01,1.140747e-01,6.982271e-01,1.158675e+00,-8.471191e-03,7.997854e-01,1.364539e+00,-5.788629e-01,-1.416882e+00,2.551369e-01,2.501513e+00,-1.423764e-01,-1.639259e+00,9.135048e-01,-2.517891e-02,-1.056080e-01,-5.674486e-02,-2.731082e-02,3.517976e-02,2.835684e-02,-3.234446e-02,1.397777e-03,-1.434302e-03,5.725956e-03,-1.529659e-02,1.219008e-02,-1.067126e-02,-8.694971e-03,-9.027505e-03,-2.838397e-03,0,-5.169511e-04,0,0,0,0,0,0,0,0
986,9.860000,1.929219e-01,-3.624176e+01,-1.196879e+01,-4.396178e+00,-2.232206e+01,-1.490657e+01,-8.340549e-02,2.557093e+00,1.217015e+01,-5.085725e+00,-1.445421e+00,-1.431291e+01,5.487817e+00,-1.368600e+01,1.126585e+01,-9.251507e+00,-6.163414e+00,-4.443436e+00,-2.745214e+00,-3.651725e+00,-4.100774e+00,-4.081121e+00,-3.389365e+00,-2.627652e+00,4.352126e-01,5.355976e-01,7.901971e-01,1.076449e+00,1.398865e+00,1.572949e+00,1.776129e+00,2.542564e+00,1.554963e+02,6.395767e-01,-1.132931e-03,-4.442959e-01,-5.581735e-01,-3.946154e-02,6.538685e-01,-5.652134e-01,-1.704282e+00,-8.272660e-01,9.772652e-01,-2.765442e-01,-9.445022e-01,1.616762e+00,3.345150e+00,1.509847e+00,-2.919899e-01,1.037362e+00,-1.126437e-01,-5.619473e-02,-1.391977e-01,-1.358597e-01,-4.553542e-02,2.950134e-02,-1.507266e-02,-8.498239e-03,-1.052407e-02,1.691532e-03,-1.493112e-02,1.972293e-02,-1.653724e-02,-1.150249e-02,-2.941688e-02,-1.779733e-02,0,4.429573e-03,0,0,0,0,0,0,0,0
987,9.870000,1.762476e-01,-3.758514e+01,-1.321460e+01,-3.399031e+00,-2.108422e+01,-1.548197e+01,-2.751955e+00,1.586221e+00,1.165270e+01,-7.831542e+00,-3.100447e+00,-1.596313e+01,8.644031e+00,-1.000253e+01,1.083778e+01,-8.999405e+00,-6.299943e+00,-4.739787e+00,-3.052379e+00,-4.019426e+00,-4.385608e+00,-4.146332e+00,-3.513016e+00,-2.645652e+00,4.134220e-01,5.389433e-01,7.672928e-01,1.095252e+00,1.388411e+00,1.567573e+00,1.761568e+00,2.533121e+00,1.554963e+02,6.527495e-01,-2.407784e-02,-4.084339e-01,-4.929236e-01,-2.754815e-01,4.573192e-02,-1.731161e+00,-2.250363e+00,-2.617592e+00,-9.075513e-01,1.510494e+00,4.368011e-02,7.720526e-01,2.080163e+00,3.189447e+00,6.740650e-01,-1.036307e+00,-9.788966e-02,7.116218e-02,-1.201551e-01,-1.219995e-01,-3.901958e-03,-1.302528e-02,3.933416e-02,-1.898246e-02,-1.604265e-02,-4.571503e-03,2.113557e-03,8.581996e-03,-1.096406e-02,-3.781748e-03,-1.985187e-02,9.914351e-03,0,8.586938e-03,0,0,0,0,0,0,0,0
988,9.880000,1.056896e-01,-3.787244e+01,-1.353935e+01,-5.979648e+00,-2.267099e+01,-1.812292e+01,-7.499228e+00,-4.163995e+00,9.034870e+00,-1.712373e+00,-2.219709e+00,-1.282592e+01,1.026108e+01,-5.204554e+00,1.368687e+01,-1.086516e+01,-6.494464e+00,-4.401374e+00,-3.109745e+00,-4.040246e+00,-4.134076e+00,-4.147754e+00,-3.452707e+00,-2.823088e+00,3.961873e-01,5.259833e-01,7.976134e-01,1.107514e+00,1.350057e+00,1.556108e+00,1.681883e+00,2.533046e+00,1.554963e+02,6.555988e-01,-3.715891e-02,-9.253349e-02,-1.822550e-01,-4.723057e-01,-1.483746e-01,-2.316861e+00,-9.565189e-01,-2.547338e+00,-1.571450e+00,2.360725e+00,7.636347e-01,5.244250e-01,-8.020099e-01,3.747695e+00,1.268212e+00,-2.413293e+00,-3.264904e-02,1.359272e-01,-1.888900e-02,-3.588734e-02,1.846957e-02,3.615045e-03,1.146668e-01,1.602840e-03,-7.289374e-03,-3.777629e-03,1.859695e-02,-1.921737e-03,1.439643e-02,1.027826e-02,8.904529e-03,2.804747e-02,0,1.041242e-02,0,0,0,0,0,0,0,0
989,9.890000,9.006669e-02,-3.743332e+01,-1.328329e+01,-5.406992e+00,-2.284527e+01,-2.020826e+01,-4.916048e+00,-6.817491e+00,5.174445e+00,1.649256e+00,-7.397708e-02,-1.651515e+01,6.203516e+00,2.095788e-01,1.492401e+01,-1.704859e+01,-6.343994e+00,-4.247640e+00,-3.040679e+00,-3.947371e+00,-4.065869e+00,-4.246171e+00,-3.207436e+00,-2.698795e+00,3.893497e-01,5.228648e-01,8.360084e-01,1.063149e+00,1.388646e+00,1.591836e+00,1.755221e+00,2.636149e+00,1.554963e+02,6.783853e-01,-2.211219e-02,2.845772e-01,7.625771e-02,-5.699694e-01,6.586532e-02,-2.524991e+00,-5.204271e-01,-2.227093e+00,-4.253548e-01,2.060553e+00,1.430335e+00,9.099320e-01,-2.318401e+00,2.708973e+00,5.110399e-01,-2.175013e+00,1.005263e-02,2.065244e-01,6.043775e-02,1.009872e-02,6.063094e-02,8.249860e-02,1.446742e-01,4.970045e-02,1.850626e-03,-5.306834e-03,2.226860e-02,-2.782774e-03,2.211350e-02,1.559463e-02,2.219138e-02,-3.060341e-03,0,7.591915e-03,0,0,0,0,0,0,0,0
990,9.900000,5.021776e-02,-3.678033e+01,-1.284572e+01,-5.753726e+00,-2.218341e+01,-2.412773e+01,-3.783953e+00,-5.977744e+00,7.552029e+00,1.977501e+00,8.595173e-01,-1.141477e+01,2.698025e+00,-5.358044e-02,1.556379e+01,-1.729338e+01,-6.304634e+00,-4.009874e+00,-2.845509e+00,-3.867189e+00,-4.168296e+00,-4.013126e+00,-2.968821e+00,-2.593066e+00,4.108019e-01,5.247487e-01,8.488240e-01,1.082892e+00,1.470730e+00,1.612209e+00,1.823825e+00,2.631288e+00,1.554963e+02,6.788209e-01,2.507927e-03,2.760544e-01,-3.501816e-02,-1.968818e-01,5.826845e-01,-1.364858e+00,-3.790705e-01,-1.151439e+00,4.105566e-01,-4.439882e-01,1.774287e+00,7.495451e-01,-2.391318e+00,9.521087e-01,-6.471180e-01,-5.727673e-01,2.781534e-02,1.079033e-01,1.010442e-02,-2.133641e-02,3.312731e-03,1.263151e-01,6.535979e-02,8.509622e-02,8.143634e-03,-2.293944e-03,1.662602e-02,4.488373e-03,2.878490e-02,1.723881e-02,4.137453e-02,-3.210754e-02,0,5.879462e-04,0,0,0,0,0,0,0,0
991,9.910000,9.342253e-02,-3.670830e+01,-1.318013e+01,-6.361840e+00,-2.099869e+01,-2.510452e+01,-7.211728e+00,-8.642369e+00,1.026734e+01,6.262855e-01,2.511616e+00,-1.211904e+01,8.335506e-01,9.668519e-01,1.245452e+01,-1.666036e+01,-6.344595e+00,-3.902915e+00,-2.882309e+00,-4.055461e+00,-4.065343e+00,-3.801152e+00,-3.031587e+00,-2.512161e+00,4.153678e-01,5.130264e-01,8.530305e-01,1.093649e+00,1.438642e+00,1.617495e+00,1.801553e+00,2.468699e+00,1.554963e+02,6.790981e-01,2.352635e-02,3.975258e-02,-3.495473e-01,-5.488004e-01,2.104179e-01,4.092523e-01,-1.099226e+00,-1.552958e+00,6.258610e-01,-1.483337e+00,1.645579e+00,7.784659e-01,-1.376236e+00,-7.712451e-01,-1.934004e+00,1.265132e+00,-3.819203e-02,2.463222e-02,-8.451750e-02,-3.971612e-02,5.819903e-02,9.216912e-02,-6.728186e-02,5.182927e-02,4.793504e-03,-1.280278e-03,1.325234e-02,9.947849e-03,2.895939e-03,6.243444e-03,1.376532e-02,-5.636997e-02,0,-5.480081e-03,0,0,0,0,0,0,0,0
992,9.920000,1.165513e-01,-3.685467e+01,-1.376602e+01,-6.486633e+00,-2.068086e+01,-2.249908e+01,-8.246740e+00,-9.008752e+00,8.541203e+00,-3.420829e+00,5.358927e+00,-1.127624e+01,9.894704e-01,-8.226467e-01,1.168603e+01,-1.392311e+01,-6.355087e+00,-4.034220e+00,-3.138408e+00,-4.092884e+00,-4.117775e+00,-3.738688e+00,-3.213832e+00,-2.490924e+00,4.238965e-01,5.194328e-01,8.722325e-01,1.114705e+00,1.468984e+00,1.629472e+00,1.865589e+00,2.456234e+00,1.554963e+02,6.581821e-01,2.751217e-02,-1.295357e-01,-2.880634e-01,-3.696863e-01,-5.797938e-01,2.360972e+00,-2.441437e-01,-1.300739e+00,-1.238427e-01,-1.172940e+00,7.916443e-01,-6.381863e-01,-4.349366e-01,-1.549508e+00,-2.753091e+00,9.939474e-01,-4.810433e-02,-7.030024e-02,-1.174252e-01,7.031870e-03,1.221539e-01,-4.926610e-02,-1.614648e-01,6.044579e-03,-1.556724e-03,4.490614e-04,1.484591e-02,-2.443314e-04,-1.190450e-02,8.357048e-04,1.245357e-02,-9.619379e-03,0,-7.038075e-03,0,0,0,0,0,0,0,0
993,9.930000,1.745317e-01,-3.719738e+01,-1.457088e+01,-7.784541e+00,-2.254445e+01,-1.897632e+01,-8.180785e+00,-1.306678e+01,7.809163e+00,-3.068266e+00,5.904213e+00,-1.269208e+01,1.766117e-01,-3.262113e+00,7.192877e+00,-1.240807e+01,-6.509727e+00,-4.112306e+00,-3.316817e+00,-4.033105e+00,-3.800135e+00,-3.922545e+00,-3.421340e+00,-2.490720e+00,4.067700e-01,5.191213e-01,8.905658e-01,1.096981e+00,1.403999e+00,1.614421e+00,1.803166e+00,2.441826e+00,1.554963e+02,6.613042e-01,1.462993e-02,-1.200626e-01,-6.461716e-02,-1.778872e-01,-9.063768e-01,2.706340e+00,-3.835110e-01,-8.822013e-01,-5.428161e-02,4.411920e-01,-2.570727e-01,-8.940174e-01,6.546401e-01,-2.168477e+00,-2.570356e+00,8.081084e-01,-2.199087e-02,-4.649391e-02,-7.024141e-02,2.840402e-02,1.730355e-01,-1.106308e-01,-1.548129e-01,-3.987498e-02,-8.423185e-03,-3.753364e-04,7.876033e-03,-5.662322e-03,-2.699087e-02,-8.516860e-03,-1.362370e-02,2.398617e-02,0,-5.646539e-03,0,0,0,0,0,0,0,0
994,9.940000,1.472241e-01,-3.718347e+01,-1.359066e+01,-6.890807e+00,-2.430949e+01,-1.538697e+01,-4.520143e+00,-1.026924e+01,8.161906e+00,-2.039921e+00,3.121441e+00,-1.431919e+01,8.518114e-01,-5.686636e+00,4.429160e+00,-1.444979e+01,-6.462590e+00,-4.256680e+00,-3.215380e+00,-3.843208e+00,-3.690131e+00,-4.198761e+00,-3.581268e+00,-2.573564e+00,4.073172e-01,5.239466e-01,9.042859e-01,1.080004e+00,1.428529e+00,1.617924e+00,1.885287e+00,2.596627e+00,1.554963e+02,6.525275e-01,6.509402e-03,-4.252243e-02,2.215081e-01,2.200610e-01,-4.005136e-01,2.199039e+00,-7.668093e-01,6.374235e-02,4.886541e-01,2.201014e+00,-9.574151e-01,-1.042504e+00,1.926071e+00,-1.381028e+00,-1.247223e+00,8.601918e-01,2.450862e-02,-1.119151e-02,-5.946207e-03,-8.743143e-03,1.726240e-01,-1.032116e-01,-8.696830e-02,-7.324977e-02,-7.736200e-03,-1.745629e-03,5.254507e-03,-4.663801e-03,-3.288003e-02,-8.389747e-03,-4.274130e-03,3.171875e-02,0,-3.587115e-03,0,0,0,0,0,0,0,0
995,9.950000,1.512358e-01,-3.714421e+01,-1.359089e+01,-7.049189e+00,-2.371626e+01,-1.512887e+01,-1.099258e+01,-1.242313e+01,1.018559e+01,2.141791e+00,2.344996e+00,-1.506766e+01,4.175581e+00,-7.443536e+00,3.231170e+00,-1.235648e+01,-6.400798e+00,-4.024155e+00,-3.195029e+00,-4.038279e+00,-3.413988e+00,-4.124270e+00,-3.621934e+00,-2.670215e+00,3.815415e-01,5.088928e-01,8.763840e-01,1.082688e+00,1.323915e+00,1.580685e+00,1.723586e+00,2.518433e+00,1.554963e+02,6.536927e-01,-6.645101e-03,-2.512627e-02,1.779841e-01,6.183888e-01,9.294931e-01,1.314662e+00,-1.005548e+00,1.488749e+00,4.884062e-02,1.409013e+00,-3.525932e-02,3.406132e-01,2.700596e+00,-2.249277e-01,8.040695e-01,1.455926e+00,5.440049e-02,-3.268380e-02,-5.190644e-02,-6.352989e-02,4.324191e-02,9.216118e-03,2.686954e-03,-7.058127e-02,-1.631880e-03,3.938508e-03,-8.019507e-04,6.075501e-03,-2.203566e-02,-3.317690e-03,5.408406e-04,1.565371e-02,0,-4.581004e-03,0,0,0,0,0,0,0,0
996,9.960000,1.607462e-01,-3.709387e+01,-1.314848e+01,-5.754004e+00,-2.209753e+01,-1.342762e+01,-1.067489e+01,-9.011863e+00,9.796263e+00,4.979210e+00,2.351460e+00,-1.530098e+01,8.620339e+00,-5.637075e+00,7.430766e+00,-9.647947e+00,-6.287008e+00,-4.134253e+00,-3.229033e+00,-4.134012e+00,-3.447728e+00,-4.153883e+00,-3.548377e+00,-2.767425e+00,3.978297e-01,5.158189e-01,9.055960e-01,1.098533e+00,1.344625e+00,1.604392e+00,1.884008e+00,2.576524e+00,1.554963e+02,6.440523e-01,-1.168107e-02,-1.928253e-01,-2.028018e-01,7.065942e-01,1.431640e+00,1.562858e-01,2.195034e-02,2.043990e+00,-5.228085e-01,-1.120626e-01,1.138513e+00,1.443360e+00,1.753447e+00,7.057289e-01,2.080597e+00,1.652799e+00,-3.512907e-03,-9.274192e-02,-1.215591e-01,-9.771314e-02,-1.277121e-01,5.029566e-02,5.911732e-02,-3.116534e-02,4.087150e-03,6.931102e-03,-8.322358e-04,1.241410e-02,-3.219962e-04,4.705918e-03,1.523566e-03,-1.978898e-03,0,-1.946425e-03,0,0,0,0,0,0,0,0
997,9.970000,1.345451e-01,-3.736782e+01,-1.390205e+01,-5.260998e+00,-1.900297e+01,-1.338269e+01,-1.013115e+01,-6.251722e+00,7.236187e+00,4.672324e-01,6.112907e+00,-1.049812e+01,9.795330e+00,-4.411532e+00,9.712421e+00,-7.529360e+00,-6.325516e+00,-4.336938e+00,-3.569523e+00,-4.205352e+00,-3.705127e+00,-3.898903e+00,-3.424351e+00,-2.746696e+00,4.033543e-01,5.428777e-01,8.859010e-01,1.118095e+00,1.335773e+00,1.604599e+00,1.806509e+00,2.530146e+00,1.554963e+02,6.426368e-01,-2.484120e-02,-3.447391e-01,-2.916291e-01,1.202914e+00,1.388402e+00,-8.981655e-01,1.210181e+00,2.796452e+00,-8.999943e-01,-2.291070e+00,1.479321e+00,2.348490e+00,5.604153e-02,1.072873e+00,2.417148e+00,9.829710e-01,-2.451582e-02,-1.411708e-01,-1.437673e-01,-1.029766e-01,-3.273678e-01,5.252867e-02,5.931687e-02,6.231427e-03,7.033157e-03,9.252435e-03,-1.723212e-03,1.809809e-02,3.642160e-02,9.898615e-03,2.597403e-03,6.824160e-03,-2.179535e-01,3.229314e-03,0,0,0,0,9.494608e+00,0,0,0
998,9.980000,9.716406e-02,-3.803580e+01,-1.444909e+01,-4.251931e+00,-1.950793e+01,-1.547863e+01,-4.841106e+00,-3.134994e+00,7.022563e+00,-1.762955e+00,6.930052e+00,-9.387155e+00,6.809172e+00,-3.673994e+00,1.159152e+01,-8.599351e+00,-6.517796e+00,-4.563997e+00,-3.635929e+00,-4.248237e+00,-4.183122e+00,-4.059966e+00,-3.384473e+00,-2.691150e+00,4.168465e-01,5.416096e-01,8.953662e-01,1.124371e+00,1.420990e+00,1.629497e+00,1.851443e+00,2.580876e+00,1.554963e+02,6.483233e-01,-2.061874e-02,-3.371597e-01,-2.813396e-01,1.242654e+00,7.632912e-01,-2.105620e+00,9.541818e-01,1.726653e+00,-9.201735e-01,-2.615664e+00,9.583037e-01,1.618026e+00,-1.551751e+00,1.191089e-02,1.466515e+00,3.474041e-01,-1.023464e-02,-5.394902e-02,-8.720648e-02,-1.012786e-01,-3.694891e-01,2.594407e-02,5.018168e-02,3.278711e-02,-9.238899e-04,1.139176e-03,-8.803844e-03,1.313953e-02,4.526305e-02,3.070426e-03,-2.000180e-02,5.255199e-03,-7.004593e-01,1.182823e-02,0,0,0,0,2.376808e+01,0,0,7.843139e-03
999,9.990000,5.882090e-02,-3.839695e+01,-1.439873e+01,-1.785654e+00,-1.806904e+01,-1.859419e+01,-7.858570e+00,-1.379309e+00,7.072464e+00,-5.942476e+00,7.452302e+00,-6.282120e+00,5.361372e+00,-3.060710e+00,1.323653e+01,-7.965922e+00,-6.407984e+00,-4.515137e+00,-3.710418e+00,-4.496049e+00,-4.683130e+00,-3.908586e+00,-3.407301e+00,-2.677195e+00,4.071989e-01,5.422596e-01,8.728828e-01,1.160259e+00,1.467841e+00,1.617626e+00,1.752855e+00,2.550377e+00,1.544066e+02,6.677038e-01,-1.773588e-03,-1.794521e-01,1.687381e-01,1.050815e+00,-1.967983e-02,-1.742164e+00,6.823279e-01,8.662096e-01,-6.675173e-01,-7.223070e-01,6.882623e-01,6.717269e-01,-2.177638e+00,-9.329408e-01,1.043430e-01,-3.918316e-01,2.446928e-02,6.440368e-02,7.014585e-03,-4.765692e-02,-2.627873e-01,-3.084064e-02,5.918503e-03,-3.313065e-04,-4.861641e-03,-5.245584e-03,-7.253432e-03,-2.658152e-03,4.515438e-02,1.057744e-03,6.452322e-04,1.602087e-02,-1.260750e+00,1.563194e-02,4.747304e+01,0,0,0,2.853116e+01,0,0,1.176471e-02
1000,10.000000,9.551462e-02,-3.826510e+01,-1.430684e+01,-1.278407e+00,-1.874804e+01,-2.134997e+01,-7.040270e+00,-2.814807e+00,5.277257e+00,-4.894254e+00,6.473280e+00,-9.318847e+00,3.078566e+00,-6.252932e+00,1.300129e+01,-7.692646e+00,-6.296947e+00,-4.314899e+00,-3.594618e+00,-4.495057e+00,-4.806172e+00,-4.019322e+00,-3.305993e+00,-2.638239e+00,3.912880e-01,5.218238e-01,8.680859e-01,1.143148e+00,1.504907e+00,1.613231e+00,1.810826e+00,2.592685e+00,1.525389e+02,6.906599e-01,1.799739e-02,-7.139587e-03,3.581631e-01,1.323711e-01,-6.520802e-01,-8.794260e-01,6.601511e-01,3.141540e-01,-2.644739e-02,4.104469e-01,1.363039e+00,1.792559e-01,-1.185651e+00,-1.392503e+00,-1.414664e+00,-1.229684e+00,-1.666617e-02,1.369338e-01,6.375130e-02,6.298876e-02,-8.730140e-02,-3.124199e-02,-2.969456e-02,-1.688180e-02,-5.039203e-03,-7.463527e-03,-1.251593e-02,-1.585543e-02,2.952943e-02,1.474011e-03,2.366028e-02,1.539676e-02,-1.494112e+00,9.507489e-03,9.510388e+01,0,0,3.921570e-02,1.428925e+01,0,0,1.176471e-02
1001,10.010000,1.265018e-01,-3.815042e+01,-1.312949e+01,-1.493685e+00,-1.948132e+01,-1.915784e+01,-5.619930e+00,-2.080768e+00,4.771254e+00,-1.578653e+00,9.782604e+00,-7.173640e+00,7.724454e-01,-7.786767e+00,9.529254e+00,-9.941871e+00,-6.313593e+00,-4.139469e+00,-3.555106e+00,-4.320227e+00,-4.707538e+00,-4.073428e+00,-3.433998e+00,-2.774808e+00,3.918254e-01,5.265427e-01,8.632740e-01,1.095415e+00,1.519586e+00,1.618021e+00,1.830044e+00,2.604347e+00,1.506713e+02,6.996282e-01,2.347875e-02,-5.665779e-02,5.296461e-01,-5.668397e-01,-1.206564e+00,-2.718540e-01,1.767380e+00,6.147469e-01,5.520197e-01,1.547385e+00,1.448890e+00,3.721098e-01,3.510851e-01,-1.360926e+00,-2.514833e+00,-2.320570e+00,-1.025000e-01,1.138195e-01,8.985305e-02,1.553840e-01,2.193070e-03,-9.706698e-02,-4.389591e-02,-4.944780e-02,2.933681e-04,-6.140149e-03,-1.901107e-02,-2.750273e-02,5.430436e-03,7.276201e-03,3.552656e-02,9.539127e-04,-1.167181e+00,-4.824162e-04,9.510388e+01,0,0,3.921570e-02,-1.424191e+01,0,0,0
1002,10.020000,1.533105e-01,-3.819476e+01,-1.329290e+01,-3.736060e+00,-2.206220e+01,-1.959394e+01,-2.659671e+00,-1.213495e+00,8.040931e+00,-1.892631e+00,1.258010e+01,-8.045115e+00,3.175382e+00,-8.273479e+00,6.371840e+00,-1.375980e+01,-6.648322e+00,-4.067162e+00,-3.394829e+00,-4.021204e+00,-4.607425e+00,-4.133754e+00,-3.519597e+00,-2.726753e+00,3.993373e-01,5.121505e-01,8.375909e-01,1.077516e+00,1.542765e+00,1.636669e+00,1.931150e+00,2.630875e+00,1.498934e+02,6.798986e-01,4.930371e-03,-2.199688e-01,5.711821e-01,-6.432789e-01,-1.045283e+00,-6.306864e-01,1.376022e+00,1.135112e+00,1.118104e+00,4.746644e-01,3.170137e-02,6.753330e-01,2.023279e+00,-2.920131e-01,-2.197877e+00,-2.272863e+00,-1.185060e-01,3.937669e-02,9.000067e-02,1.360544e-01,-3.225632e-02,-1.066715e-01,-5.299225e-02,-7.334642e-02,3.161514e-03,-1.547724e-03,-2.344997e-02,-1.254516e-02,-1.371417e-02,7.993316e-03,4.223075e-02,-1.302357e-02,-6.068894e-01,-9.466273e-03,4.763084e+01,0,0,3.921570e-02,-2.853116e+01,0,0,-1.176471e-02
1003,10.030000,1.473167e-01,-3.871541e+01,-1.225747e+01,-3.391025e+00,-2.244478e+01,-2.083147e+01,-1.211971e+00,8.937693e-01,8.450726e+00,2.936402e-01,1.164334e+01,-5.058437e+00,7.068389e+00,-8.855069e+00,3.977088e+00,-1.653519e+01,-6.744797e+00,-4.069908e+00,-3.361047e+00,-3.956056e+00,-4.771538e+00,-4.336704e+00,-3.519979e+00,-2.880177e+00,4.046411e-01,5.163956e-01,7.930749e-01,1.055562e+00,1.476064e+00,1.642287e+00,1.870326e+00,2.536052e+00,1.498934e+02,6.706724e-01,-1.180498e-02,-2.941982e-01,4.017487e-01,-3.511698e-01,-3.083797e-01,-1.261049e+00,7.964329e-01,7.352682e-01,1.104046e+00,-3.961110e-01,-2.366237e+00,-1.221280e-01,2.506829e+00,5.142989e-02,-1.291013e+00,-1.749258e+00,-5.857711e-02,-2.526293e-02,6.702971e-02,6.043742e-02,-6.518988e-02,-1.128580e-01,-5.901241e-03,-6.258981e-02,2.902588e-03,3.189242e-03,-1.868506e-02,5.258334e-03,-2.877657e-02,7.264614e-03,4.474275e-02,-1.420915e-02,-1.555756e-01,-1.088570e-02,0,0,0,0,-2.378386e+01,0,0,-1.176471e-02
1004,10.040000,1.097590e-01,-3.908245e+01,-1.188694e+01,-3.546131e+00,-2.249272e+01,-2.366658e+01,-2.364138e+00,1.373483e+00,9.028041e+00,-3.457079e+00,5.701418e+00,-6.999783e+00,1.004699e+01,-7.178847e+00,4.787982e+00,-1.576030e+01,-6.673876e+00,-4.152796e+00,-3.241644e+00,-3.996870e+00,-4.935453e+00,-4.421041e+00,-3.527964e+00,-2.952286e+00,4.006877e-01,5.191588e-01,7.859356e-01,1.100349e+00,1.458097e+00,1.641064e+00,2.001839e+00,2.561714e+00,1.498934e+02,6.578065e-01,-1.241227e-02,-1.856407e-01,3.251523e-01,2.685943e-01,7.801577e-01,-8.045036e-01,-7.352738e-01,3.601743e-01,3.705283e-01,-1.538276e+00,-3.480125e+00,-6.465971e-01,1.068551e+00,5.203301e-01,-6.529972e-01,-1.151308e+00,7.530856e-02,-3.636103e-02,1.034720e-02,-3.016410e-02,-6.906209e-02,-3.395839e-02,-4.581428e-03,-6.370030e-02,-5.569130e-04,6.929278e-03,1.167142e-03,2.311873e-02,-1.463606e-02,4.831779e-03,3.903062e-02,1.280594e-02,0,-5.647862e-03,0,0,0,0,-9.526168e+00,0,0,-7.843139e-03
1005,10.050000,8.925271e-02,-3.917757e+01,-1.182373e+01,-3.344498e+00,-2.080796e+01,-2.342677e+01,-1.785533e+00,3.020845e-01,9.797929e+00,-2.776984e+00,1.390759e+00,-8.306946e+00,9.870786e+00,-8.076934e+00,3.866121e+00,-1.768791e+01,-6.593702e+00,-4.222967e+00,-3.296550e+00,-4.030207e+00,-4.869473e+00,-4.494074e+00,-3.459321e+00,-2.974990e+00,4.056631e-01,5.389848e-01,7.956764e-01,1.110291e+00,1.418038e+00,1.652147e+00,2.018413e+00,2.567881e+00,1.498934e+02,6.562457e-01,-6.541873e-03,9.536362e-02,4.539337e-02,4.499947e-01,1.106568e+00,7.251854e-02,-1.480790e+00,5.840545e-01,1.985807e-02,-2.802102e+00,-2.099051e+00,9.456782e-02,-3.777002e-01,7.228063e-01,-1.905471e-01,-9.331802e-01,1.248424e-01,-6.193304e-03,-2.544966e-02,-1.789825e-02,-4.469504e-02,1.020918e-01,-1.326165e-02,-1.697912e-02,-2.228668e-03,7.361817e-03,9.284383e-03,2.874190e-02,1.286027e-02,5.061078e-03,1.619551e-02,3.183096e-02,0,-3.215641e-03,0,0,0,0,0,0,0,0
1006,10.060000,1.202812e-01,-3.889188e+01,-1.188401e+01,-2.416353e+00,-1.897982e+01,-2.231881e+01,-6.049259e+00,8.832191e-01,9.219971e+00,-8.048701e+00,3.057657e-01,-9.653847e+00,7.116937e+00,-6.060895e+00,3.162338e+00,-1.893998e+01,-6.347326e+00,-4.172438e+00,-3.375341e+00,-4.134949e+00,-4.903768e+00,-4.224861e+00,-3.572833e+00,-2.997848e+00,3.960417e-01,5.355023e-01,8.421259e-01,1.165745e+00,1.498598e+00,1.655898e+00,2.052260e+00,2.678990e+00,1.498934e+02,6.588726e-01,3.760587e-03,1.289635e-01,-1.650296e-01,8.567201e-01,6.464024e-01,6.638483e-01,-1.880631e+00,1.114896e+00,-5.245814e-01,-1.803602e+00,1.816509e-02,1.456087e+00,-1.119640e+00,1.206453e+00,3.781410e-01,-4.998562e-01,8.684931e-02,1.636267e-02,-5.154965e-02,-3.058255e-02,-6.383310e-02,1.291196e-01,-3.276761e-02,-8.012247e-03,-4.068357e-03,1.460785e-03,1.635289e-03,1.312836e-02,2.136862e-02,-4.911542e-03,-4.830637e-02,1.998558e-02,0,-1.035756e-03,0,0,0,0,0,0,0,0
1007,10.070000,1.093463e-01,-3.833388e+01,-1.203197e+01,-1.705941e+00,-1.866839e+01,-2.114277e+01,-6.773361e+00,4.059174e+00,8.454051e+00,-1.142106e+01,3.845916e+00,-3.258566e+00,6.644915e+00,-5.800013e+00,3.837174e+00,-1.961125e+01,-6.283860e+00,-4.091053e+00,-3.421447e+00,-3.976507e+00,-5.010856e+00,-3.924335e+00,-3.563853e+00,-2.942292e+00,3.958207e-01,5.450329e-01,8.114017e-01,1.166573e+00,1.520115e+00,1.660175e+00,1.926093e+00,2.636568e+00,1.498934e+02,6.540611e-01,-7.148501e-03,2.264900e-02,-4.577357e-01,6.068022e-01,-7.227690e-01,1.674065e-01,-1.538645e+00,1.410607e+00,-2.672624e-01,-7.631477e-01,1.097769e+00,1.975230e+00,-7.095461e-01,1.878206e+00,1.321562e+00,7.158520e-01,-3.777876e-02,-4.322672e-03,1.273587e-02,-1.863885e-02,-9.120126e-02,8.520331e-02,-4.577131e-02,1.313109e-02,4.267991e-04,-4.029369e-03,-9.131575e-03,4.881299e-03,2.263268e-02,-1.039026e-02,-3.877286e-02,1.004605e-02,0,-4.372901e-03,0,0,0,0,0,0,0,0
1008,10.080000,1.185152e-01,-3.885948e+01,-1.260796e+01,-8.180847e-02,-2.033049e+01,-2.148934e+01,-9.273380e+00,5.069420e+00,7.077073e+00,-8.153053e+00,4.564665e+00,-2.243539e+00,6.061726e+00,-2.285044e+00,6.693160e+00,-1.729791e+01,-6.394550e+00,-4.136940e+00,-3.436944e+00,-4.176633e+00,-5.183928e+00,-4.060313e+00,-3.639537e+00,-3.008697e+00,3.852671e-01,5.234386e-01,7.862494e-01,1.137850e+00,1.513901e+00,1.612492e+00,1.806467e+00,2.627299e+00,1.498934e+02,6.537200e-01,-1.015528e-02,-1.997833e-01,-5.699612e-01,5.402542e-02,-1.460019e+00,-5.546501e-01,-5.292925e-01,6.371592e-01,2.988238e-01,3.251749e-01,8.326254e-01,6.583552e-01,1.568399e-01,9.643837e-01,1.228064e+00,1.319512e+00,-1.367871e-01,-5.192027e-02,5.033295e-02,-2.391188e-02,-7.221942e-02,-2.290702e-02,-2.834983e-02,3.199844e-02,6.789857e-03,-2.601564e-03,-1.911505e-02,-8.117342e-03,-4.898572e-03,-1.360718e-02,-2.984433e-02,-4.603324e-02,0,-6.550425e-03,0,0,0,0,0,0,0,0
1009,10.090000,5.439321e-02,-3.908052e+01,-1.375043e+01,-1.477759e+00,-2.374647e+01,-2.300447e+01,-7.866696e+00,5.262018e+00,9.533066e+00,-6.540546e+00,4.750155e+00,-2.135951e+00,6.850661e+00,-5.738283e-01,8.708518e+00,-1.492969e+01,-6.758984e+00,-4.262329e+00,-3.202069e+00,-4.102560e+00,-5.185400e+00,-4.150332e+00,-3.654826e+00,-2.903910e+00,4.131844e-01,5.248697e-01,7.779568e-01,1.148645e+00,1.523549e+00,1.621899e+00,1.947445e+00,2.643957e+00,1.498934e+02,6.369575e-01,-2.404466e-03,-2.275112e-01,-4.224824e-01,-2.818653e-01,-5.569742e-01,-7.865688e-01,5.906982e-02,-7.418910e-01,-1.356207e-01,-2.741961e-01,6.811659e-01,-7.042574e-01,-8.549366e-02,-6.680757e-01,-5.278178e-01,1.585510e+00,-9.346013e-02,-6.048436e-02,1.313257e-03,-4.557929e-02,-3.580131e-02,-3.011966e-02,1.373434e-03,4.748864e-02,4.722282e-03,-5.207014e-03,-8.755940e-03,-8.730805e-03,-1.859524e-02,-8.207488e-03,-1.065329e-02,-9.525912e-02,0,-4.081446e-03,0,0,0,0,0,0,0,0
1010,10.100000,9.698131e-02,-3.951748e+01,-1.387458e+01,-2.260316e+00,-2.374088e+01,-2.416121e+01,-8.149055e+00,3.467593e+00,1.017458e+01,-8.863083e+00,4.016773e+00,-6.923378e+00,7.798264e+00,-3.852069e+00,6.866983e+00,-1.468320e+01,-6.793700e+00,-4.346401e+00,-3.233365e+00,-4.191483e+00,-5.177593e+00,-4.226398e+00,-3.669096e+00,-2.857047e+00,4.213091e-01,5.325760e-01,7.632731e-01,1.134123e+00,1.472388e+00,1.607001e+00,1.892362e+00,2.445129e+00,1.498934e+02,6.346723e-01,1.297381e-02,-1.197853e-02,-5.036259e-02,-3.738994e-01,6.516468e-01,-7.401638e-01,7.306772e-01,-1.757570e+00,-9.218206e-01,-1.634930e+00,1.132845e+00,3.313574e-01,-6.049524e-01,-2.972829e+00,-1.538904e+00,1.187562e+00,2.840400e-02,1.355410e-03,-7.500961e-02,-1.600170e-03,-1.074491e-02,2.815459e-02,5.883806e-02,7.453036e-02,-1.106027e-03,-2.048135e-04,2.518547e-03,-5.686807e-03,-1.916307e-02,1.580751e-03,-4.275048e-03,-1.133062e-01,0,2.975893e-03,0,0,0,0,0,0,0,0
1011,10.110000,1.080909e-01,-3.914244e+01,-1.351107e+01,-2.026014e+00,-1.974807e+01,-2.373968e+01,-7.040175e+00,1.150632e+00,6.227192e+00,-1.243702e+01,7.525692e+00,-4.439933e+00,5.349178e+00,-8.356879e+00,1.111174e+00,-1.299106e+01,-6.551586e+00,-4.288744e+00,-3.516670e+00,-4.196979e+00,-5.193030e+00,-3.991891e+00,-3.542206e+00,-2.780674e+00,4.014111e-01,5.144292e-01,7.791101e-01,1.124783e+00,1.447896e+00,1.621884e+00,1.829879e+00,2.251357e+00,1.498934e+02,6.431777e-01,2.465267e-02,1.786110e-01,2.363222e-01,9.311793e-02,1.314963e+00,-4.839220e-01,1.130958e+00,-1.784116e+00,-1.246136e+00,-1.375129e-01,2.017838e+00,2.071042e+00,-1.040682e+00,-3.529412e+00,-1.454976e+00,9.648964e-01,8.259468e-02,1.041691e-01,-1.114054e-01,2.286577e-03,-3.302288e-03,2.892470e-02,1.013012e-01,6.593182e-02,-1.126043e-02,-6.709391e-03,1.194097e-02,-1.299907e-02,-7.636392e-03,5.413413e-04,-1.423038e-02,-5.762305e-02,0,1.185195e-02,0,0,0,0,0,0,0,0
1012,10.120000,1.565354e-01,-3.888842e+01,-1.297945e+01,-1.677178e+00,-1.907146e+01,-2.482256e+01,-6.033255e+00,-1.662735e+00,4.120906e+00,-1.337946e+01,8.841121e+00,5.652391e-01,3.787706e+00,-1.325766e+01,2.797310e+00,-1.232941e+01,-6.356229e+00,-4.116955e+00,-3.654692e+00,-4.137424e+00,-5.233837e+00,-3.998760e+00,-3.401656e+00,-2.697663e+00,3.856236e-01,5.276349e-01,7.982655e-01,1.121347e+00,1.455913e+00,1.620403e+00,1.843875e+00,2.257068e+00,1.498934e+02,6.654893e-01,2.003002e-02,3.567886e-01,3.674222e-01,-6.181991e-02,3.815422e-02,-7.093477e-01,1.551371e+00,-4.565835e-01,-5.740173e-01,1.179946e+00,8.451778e-01,2.999178e+00,-6.464357e-01,-2.233016e+00,5.716047e-01,9.682970e-01,5.401163e-02,1.380498e-01,3.081155e-02,9.335747e-02,6.665230e-03,-1.522486e-02,1.028502e-01,4.376261e-02,-5.406207e-03,-3.974825e-03,9.677184e-03,-1.009227e-02,1.133250e-02,-3.676295e-04,1.781892e-02,5.388706e-02,0,1.364371e-02,0,0,0,0,0,0,0,0
1013,10.130000,1.478795e-01,-3.850200e+01,-1.301638e+01,-1.303739e+00,-1.950636e+01,-2.509341e+01,-3.269804e+00,-1.093400e+00,6.329222e+00,-4.969921e+00,1.242717e+01,4.474949e+00,3.652531e+00,-1.351809e+01,3.468473e+00,-1.128210e+01,-6.564745e+00,-3.856207e+00,-3.548433e+00,-4.118156e+00,-5.173790e+00,-4.119527e+00,-3.282040e+00,-2.653943e+00,3.747250e-01,4.937934e-01,8.201655e-01,1.090037e+00,1.493605e+00,1.617904e+00,1.900537e+00,2.449873e+00,1.498934e+02,6.808088e-01,1.481181e-02,3.675011e-01,5.999042e-01,-2.799170e-01,-1.162919e+00,-6.601839e-01,1.402028e+00,1.035257e+00,5.362589e-01,1.840451e+00,-1.629900e-01,1.250107e+00,8.834497e-01,5.841684e-02,1.999834e+00,6.806272e-01,2.695780e-02,1.209995e-01,1.751193e-01,1.428465e-01,2.087321e-02,-7.138786e-02,3.859244e-02,-1.275291e-02,1.947585e-03,-2.616882e-03,-9.330506e-03,-1.995954e-02,1.067746e-02,-8.208084e-03,1.403403e-03,1.025511e-01,-8.002045e-01,1.065699e-02,0,0,0,0,6.792071e+00,0,0,2.206001e-02
1014,10.140000,1.772371e-01,-3.805375e+01,-1.228482e+01,-2.930553e+00,-2.367096e+01,-2.703108e+01,-2.277387e+00,2.306692e+00,7.253481e+00,-6.696907e+00,5.791922e+00,3.615069e+00,5.414409e+00,-1.243654e+01,8.546357e+00,-1.069620e+01,-6.517062e+00,-3.872421e+00,-3.063426e+00,-3.764107e+00,-5.153887e+00,-4.238704e+00,-3.284928e+00,-2.701599e+00,4.076211e-01,5.230198e-01,7.911313e-01,1.101034e+00,1.506196e+00,1.607152e+00,1.946128e+00,2.615307e+00,1.498934e+02,6.840753e-01,-1.633879e-03,4.720169e-01,9.207395e-01,1.287301e-01,-6.090248e-01,-2.050364e-01,8.133089e-01,1.347425e+00,-3.019594e-01,-3.148813e-01,-1.918966e+00,-1.810326e+00,1.227545e+00,2.265429e+00,1.731017e+00,5.717327e-01,1.913330e-01,4.899087e-02,2.067182e-01,1.325880e-01,2.574348e-02,-3.730030e-02,-9.564638e-04,-3.214824e-02,5.212841e-03,6.989181e-04,-2.387285e-02,-1.699533e-02,-8.271289e-03,-7.108295e-03,-3.321620e-02,6.908591e-02,-2.574556e+00,8.462506e-03,0,0,0,0,1.708463e+01,0,0,5.515004e-02
1015,10.150000,1.717991e-01,-3.772226e+01,-1.085887e+01,-2.798911e+00,-2.326291e+01,-2.593633e+01,-1.907968e+00,4.342203e+00,7.342200e+00,-6.576047e+00,8.235341e+00,2.856877e-01,8.953074e+00,-8.475355e+00,8.235821e+00,-1.040453e+01,-6.336380e+00,-3.806014e+00,-2.936706e+00,-3.669405e+00,-5.128639e+00,-4.228858e+00,-3.407608e+00,-2.842470e+00,4.001503e-01,5.036523e-01,7.360247e-01,1.035141e+00,1.476141e+00,1.587469e+00,1.785770e+00,2.584993e+00,1.458924e+02,6.871697e-01,-1.967608e-02,7.433468e-01,1.537334e+00,1.008704e+00,5.844806e-01,3.925655e-01,-9.325132e-01,-9.760741e-01,-1.577986e+00,-2.336499e+00,-2.799099e+00,-4.892971e+00,4.717872e-01,2.470502e+00,5.704418e-01,-5.593529e-01,4.822314e-01,1.153074e-01,1.658833e-01,5.891035e-02,1.065125e-01,1.458116e-02,-3.010566e-02,-1.519487e-02,-5.132815e-03,1.605791e-03,-3.175638e-02,-9.578598e-03,-1.568272e-02,-1.393712e-03,-3.629451e-02,1.592329e-02,-4.635927e+00,7.991433e-03,3.396036e+01,0,0,1.103001e-01,2.053289e+01,0,0,6.618004e-02
1016,10.160000,1.364062e-01,-3.691820e+01,-9.454513e+00,-2.859416e-01,-2.023831e+01,-2.542628e+01,-2.647628e+00,2.356591e+00,2.104620e+00,-1.415081e+01,1.342205e+00,-6.391760e+00,7.275158e+00,-4.451886e+00,9.068721e+00,-9.909537e+00,-5.513747e+00,-3.897097e+00,-2.926965e+00,-3.698859e+00,-5.127695e+00,-4.130596e+00,-3.343655e+00,-2.764141e+00,3.989752e-01,5.262000e-01,7.209716e-01,1.063818e+00,1.423288e+00,1.600080e+00,1.735178e+00,2.534937e+00,1.390211e+02,7.046214e-01,-3.309432e-02,1.437978e+00,1.997088e+00,1.389715e+00,1.146435e+00,1.629687e+00,-2.579821e+00,-4.541943e+00,-1.818558e+00,-7.404830e-01,-3.346511e+00,-6.288866e+00,-1.476790e+00,8.837932e-01,-1.637546e+00,-1.780881e+00,6.959090e-01,3.291138e-01,1.930121e-01,3.230815e-02,3.623425e-01,7.875510e-02,9.987354e-04,4.800017e-02,-1.933549e-02,-1.250617e-02,-1.965621e-02,-1.835394e-03,-3.407544e-02,-3.068447e-04,-2.827213e-02,-5.996079e-02,-4.313182e+00,1.075833e-02,6.844297e+01,0,0,2.206001e-01,2.369866e+01,0,0,9.975669e-02
1017,10.170000,6.991456e-02,-3.535304e+01,-6.744862e+00,2.417477e+00,-1.830028e+01,-2.393298e+01,-7.747250e+00,-5.998720e+00,1.013722e+00,-1.292546e+01,6.565364e-01,-1.498649e+01,5.081092e+00,-5.157909e+00,6.059500e+00,-1.447220e+01,-4.655246e+00,-3.267332e+00,-2.787247e+00,-3.856228e+00,-4.654323e+00,-4.100676e+00,-3.403205e+00,-2.698647e+00,3.533839e-01,5.002322e-01,6.964634e-01,1.060752e+00,1.456645e+00,1.614472e+00,1.824540e+00,2.569674e+00,1.321499e+02,7.104929e-01,-1.109429e-02,2.429860e+00,2.516405e+00,-9.998425e-01,-5.252924e-01,3.240108e+00,-4.281188e+00,-6.239420e+00,-4.898631e-01,2.000932e+00,-4.141418e+00,-5.478482e+00,-3.122961e+00,-7.303063e-01,-2.932136e+00,-2.554943e+00,7.114516e-01,5.928290e-01,4.342833e-01,2.804502e-01,8.053505e-01,2.469720e-01,1.654630e-02,2.333200e-02,-1.604289e-02,-1.473667e-02,1.071808e-02,1.220480e-02,-3.363583e-02,2.249575e-03,3.698133e-02,-5.534687e-02,-4.115158e-01,1.660696e-02,6.844297e+01,0,0,2.206001e-01,2.334774e+01,7.130942e-03,0,6.815403e-02
1018,10.180000,6.270776e-02,-3.204847e+01,-4.356377e+00,1.409827e+00,-2.042010e+01,-1.988432e+01,-1.225685e+01,-1.523256e+01,1.324930e+00,-7.224614e+00,-7.151234e+00,-2.019317e+01,-3.355129e-02,-9.676299e+00,1.446786e+00,-1.756677e+01,-3.878084e+00,-2.496193e+00,-2.173095e+00,-3.509155e+00,-3.579333e+00,-3.909020e+00,-3.282136e+00,-2.533510e+00,3.343269e-01,4.621989e-01,7.126309e-01,1.079051e+00,1.345567e+00,1.592116e+00,1.785382e+00,2.323162e+00,1.351987e+02,7.262053e-01,1.946839e-02,3.705557e+00,2.553573e+00,-4.969875e+00,-2.362125e+00,5.998068e+00,-4.647674e+00,-4.846157e+00,1.665126e+00,4.932106e+00,-1.909418e+00,-2.741798e+00,-3.254880e+00,-8.601459e-01,-2.956952e+00,-1.569138e+00,5.417191e-01,7.670780e-01,7.330860e-01,7.260607e-01,1.310890e+00,5.746961e-01,9.665506e-02,4.259610e-03,-9.553730e-05,-7.403293e-03,4.785720e-02,8.025432e-03,-3.795928e-02,2.473593e-04,6.489730e-02,-3.935165e-02,5.492633e+00,2.490966e-02,1.012520e+02,0,0,4.436334e-01,3.319796e+01,1.649002e-02,1.957047e-03,6.698442e-02
1019,10.190000,1.531769e-01,-2.800783e+01,-8.259103e-01,-8.646008e+00,-2.579848e+01,-1.250677e+01,-1.850930e+01,-1.806032e+01,5.282730e+00,-3.448558e-02,-8.225032e+00,-2.020601e+01,-3.007375e+00,-9.514680e+00,-2.613893e+00,-1.935063e+01,-3.596954e+00,-1.542321e+00,-1.142224e+00,-2.362006e+00,-1.876068e+00,-3.104787e+00,-3.355636e+00,-2.841126e+00,3.522600e-01,4.619695e-01,7.937854e-01,1.088549e+00,1.346823e+00,1.602698e+00,1.945574e+00,2.414146e+00,1.457460e+02,7.594125e-01,6.301823e-02,4.531207e+00,1.976496e+00,-7.899190e+00,-2.755477e+00,8.177558e+00,-3.870426e+00,-1.260141e+00,2.354373e+00,4.566992e+00,8.941445e-01,-8.827339e-01,-2.654590e+00,1.488322e+00,-1.060029e+00,5.382465e-01,3.727455e-01,6.915290e-01,8.895262e-01,1.106468e+00,1.588273e+00,8.885788e-01,2.428938e-01,5.508475e-02,2.338903e-02,1.785813e-02,7.873644e-02,5.929577e-03,-2.969978e-02,6.762862e-04,7.883655e-02,3.037243e-02,1.003319e+01,3.129002e-02,1.342946e+02,3.565471e-02,0,3.395536e-01,3.658284e+01,2.242946e-02,5.950947e-03,-4.558465e-03
1020,10.200000,1.921170e-01,-2.206302e+01,3.538779e-01,-1.960357e+01,-2.829984e+01,-1.149044e+00,-2.050497e+01,-1.584339e+01,8.295745e+00,4.064234e+00,-3.764102e+00,-1.749099e+01,-4.955009e+00,-6.574230e+00,-1.379342e+00,-1.531601e+01,-3.334297e+00,-9.242122e-01,-8.404585e-02,-8.156665e-01,3.762650e-02,-1.755060e+00,-2.884164e+00,-2.671603e+00,3.990594e-01,5.083149e-01,9.115966e-01,1.090047e+00,1.288403e+00,1.607203e+00,1.999147e+00,2.415943e+00,1.596862e+02,8.047099e-01,7.429383e-02,4.248306e+00,1.243483e+00,-6.795697e+00,-1.801294e+00,8.125511e+00,-2.720340e+00,9.058210e-01,1.697627e+00,3.324914e+00,4.943239e+00,-1.884781e+00,-1.039719e+00,3.442678e+00,1.566177e+00,1.960972e+00,2.993423e-01,5.133073e-01,7.943009e-01,1.077561e+00,1.431807e+00,8.460119e-01,3.028976e-01,1.868649e-01,2.827813e-02,2.755378e-02,7.165527e-02,-4.380763e-03,-1.950022e-02,-6.890917e-03,5.042588e-02,6.197522e-02,1.081869e+01,2.352641e-02,2.015070e+02,6.462272e-02,9.785236e-03,4.960455e-01,2.610318e+01,1.400654e-02,9.714781e-03,-6.787125e-02
1021,10.210000,3.203011e-01,-1.768973e+01,7.824913e-01,-2.657177e+01,-2.813780e+01,7.587170e+00,-2.297532e+01,-1.199401e+01,9.300179e+00,4.265071e+00,3.433693e+00,-2.075125e+01,-5.731127e+00,7.326666e-01,2.172420e+00,-1.290634e+01,-3.063412e+00,-5.956776e-01,6.158592e-01,3.293690e-01,1.478561e+00,-7.347615e-01,-2.387722e+00,-2.354176e+00,4.379628e-01,5.664649e-01,9.906628e-01,1.084902e+00,1.336728e+00,1.610310e+00,2.111840e+00,2.675146e+00,1.700721e+02,8.276908e-01,8.634584e-02,2.499424e+00,5.220686e-01,-1.632216e+00,-6.548704e-01,4.842584e+00,-1.248332e+00,4.638702e-01,-8.792543e-02,3.040874e+00,5.587948e+00,-4.138361e+00,3.032106e-01,2.800126e+00,3.554450e+00,2.022396e+00,2.783955e-01,2.720276e-01,4.793275e-01,5.415426e-01,7.628053e-01,3.182757e-01,2.131733e-01,2.982074e-01,1.394668e-02,1.069397e-02,1.526808e-02,-1.498235e-02,-4.310665e-02,-3.056889e-02,-4.430783e-02,-3.222389e-02,8.880246e+00,3.099370e-03,2.012297e+02,7.983594e-02,2.486212e-02,1.716018e-01,1.168355e+01,-4.827575e-03,8.484827e-03,-7.166126e-02
1022,10.220000,3.506148e-01,-1.596599e+01,1.056836e+00,-2.360578e+01,-2.825691e+01,1.069627e+01,-2.362554e+01,-1.373661e+01,7.804340e+00,7.250175e+00,1.173560e+01,-2.934446e+01,-3.870268e+00,2.413417e+00,6.884511e+00,-1.098405e+01,-2.648144e+00,-4.029783e-01,9.193677e-01,5.329601e-01,1.902390e+00,-8.639731e-01,-2.251605e+00,-1.842660e+00,4.328661e-01,5.477201e-01,9.724686e-01,1.058971e+00,1.253113e+00,1.553856e+00,1.954379e+00,2.502538e+00,1.771292e+02,8.096983e-01,8.686642e-02,-2.454922e-01,4.397218e-01,4.412805e+00,-5.400219e-02,-3.217184e-01,2.424660e-01,-8.690372e-01,-1.249399e+00,3.551718e+00,4.650141e+00,-4.088369e+00,1.205595e+00,4.407523e-01,3.658738e+00,8.101839e-01,1.831299e-01,9.129943e-02,5.116410e-02,-2.267660e-01,-1.912623e-01,-4.204630e-01,-8.692293e-02,1.917818e-01,-1.065944e-02,-1.994706e-02,-4.483674e-02,-2.038098e-02,-4.584762e-02,-3.022425e-02,-7.684056e-02,-8.430021e-02,5.869664e+00,-2.425390e-02,1.983003e+02,4.794207e-02,3.614285e-02,1.882531e-01,-1.542809e+01,-1.799363e-02,1.314963e-03,-7.760415e-02
1023,10.230000,5.056572e-01,-1.855922e+01,1.432953e+00,-1.480598e+01,-2.909429e+01,5.783494e+00,-2.319067e+01,-1.679436e+01,5.088805e+00,1.357691e+01,1.196486e+01,-3.497109e+01,-2.033692e+00,-7.875125e-03,1.102643e+01,-1.140463e+01,-2.548053e+00,-4.427996e-01,7.527068e-01,-3.286062e-01,1.005577e+00,-1.958952e+00,-2.606049e+00,-1.764560e+00,4.050901e-01,4.957367e-01,8.396898e-01,1.029175e+00,1.148934e+00,1.476527e+00,1.746419e+00,2.209729e+00,1.814258e+02,7.724152e-01,5.001692e-02,-2.668414e+00,1.440677e-01,8.342834e+00,1.066245e+00,-5.023656e+00,2.379701e+00,-3.042453e-01,-1.110610e+00,2.422076e+00,2.023558e+00,-5.925407e-02,1.912413e+00,-2.479049e+00,1.629673e+00,-9.926807e-01,6.122017e-03,-1.180259e-01,-4.007692e-01,-8.443450e-01,-1.095553e+00,-8.802189e-01,-2.973906e-01,-4.558301e-03,-3.409826e-02,-3.867232e-02,-8.504572e-02,-2.045287e-02,-2.803596e-02,-1.319630e-02,-7.248511e-02,-9.234293e-02,3.406494e+00,-8.487195e-02,1.943156e+02,1.985716e-02,2.924533e-02,1.351435e-01,-3.464808e+01,-2.012038e-02,-6.592321e-03,-1.984381e-02
1024,10.240000,5.337710e-01,-2.285573e+01,2.227256e+00,-3.422445e+00,-2.809160e+01,-1.855798e+00,-1.918497e+01,-1.778840e+01,4.154438e+00,1.716690e+01,1.522102e+01,-3.082292e+01,-7.757493e-01,-4.000198e+00,1.248734e+01,-1.201595e+01,-2.676327e+00,-5.441541e-01,1.033509e-01,-1.620509e+00,-6.821933e-01,-3.245280e+00,-3.209615e+00,-2.007502e+00,3.621986e-01,4.439437e-01,7.628994e-01,1.016006e+00,1.153061e+00,1.522974e+00,1.797655e+00,2.227150e+00,1.833577e+02,7.110782e-01,-1.524416e-03,-4.101171e+00,-5.489701e-01,8.263898e+00,2.553504e+00,-6.880293e+00,4.786734e+00,2.665675e+00,-3.239908e-01,-1.577907e+00,-3.568214e-01,4.558260e+00,2.024469e+00,-2.662529e+00,-7.522537e-01,-2.224691e+00,-2.663411e-01,-4.422352e-01,-7.737554e-01,-1.050736e+00,-1.579460e+00,-8.828847e-01,-3.411447e-01,-2.117228e-01,-4.578925e-02,-2.618479e-02,-7.230071e-02,-6.848240e-03,4.031329e-02,2.876617e-02,1.910069e-02,4.157324e-02,1.628676e+00,-1.513487e-01,1.278235e+02,4.643939e-03,1.416845e-02,1.262539e-01,-5.276886e+01,-1.148582e-02,-9.864330e-03,-4.082674e-02
1025,10.250000,4.788075e-01,-2.758693e+01,9.176201e-01,5.050738e+00,-2.288923e+01,-1.125508e+01,-1.329710e+01,-1.148934e+01,5.572079e+00,1.141709e+01,1.180877e+01,-2.030829e+01,2.283680e+00,-8.455770e+00,7.519368e+00,-1.735380e+01,-3.018710e+00,-1.115219e+00,-9.799786e-01,-2.815621e+00,-2.706912e+00,-3.945203e+00,-3.395670e+00,-2.294547e+00,3.028052e-01,4.249915e-01,6.702188e-01,1.004120e+00,1.246574e+00,1.559770e+00,1.827777e+00,2.351125e+00,1.839903e+02,4.526411e-01,-7.753346e-02,-4.188695e+00,-1.706051e+00,5.069331e+00,3.665079e+00,-6.142961e+00,6.289437e+00,5.901398e+00,7.818603e-01,-5.480874e+00,-1.802500e+00,6.344747e+00,1.211346e+00,-2.228723e+00,-1.485072e+00,-2.063175e+00,-5.228378e-01,-7.621903e-01,-9.038787e-01,-8.789946e-01,-1.517121e+00,-5.251163e-01,-1.833480e-01,-2.679902e-01,-3.323070e-02,-7.122100e-04,-3.373051e-02,9.894729e-03,9.572397e-02,4.691096e-02,7.300876e-02,1.240665e-01,5.761551e-01,-1.625097e-01,6.322769e+01,8.830930e-04,2.887716e-03,1.033823e-01,-5.164548e+01,-4.435825e-03,-7.265910e-03,-3.965409e-02
1026,10.260000,3.564175e-01,-3.195799e+01,-1.430347e+00,7.785348e+00,-1.859192e+01,-1.518591e+01,-4.638663e+00,-3.060745e+00,5.942750e+00,4.405533e-01,1.002953e+01,-1.388455e+01,4.093391e+00,-6.675283e+00,4.876776e+00,-1.913292e+01,-3.744521e+00,-2.277944e+00,-2.083066e+00,-3.477213e+00,-4.138666e+00,-4.285271e+00,-3.562518e+00,-2.636281e+00,2.550623e-01,4.521688e-01,6.957006e-01,1.037257e+00,1.405860e+00,1.656066e+00,2.009203e+00,2.639706e+00,1.839903e+02,2.128420e-01,-1.046238e-01,-3.359554e+00,-2.445814e+00,1.117586e+00,3.315905e+00,-3.664711e+00,5.788259e+00,6.501638e+00,1.225023e+00,-6.419876e+00,-2.562474e+00,4.500871e+00,-3.293503e-01,-1.838878e+00,-2.516263e-01,-9.150944e-02,-6.401258e-01,-9.036812e-01,-7.602165e-01,-5.540267e-01,-1.044274e+00,-1.637373e-01,-2.982965e-02,-2.228390e-01,-9.676144e-03,2.206329e-02,1.865458e-03,2.568706e-02,1.028421e-01,3.472568e-02,8.159126e-02,1.164941e-01,1.265106e-01,-7.995783e-02,0,0,0,0,-3.188748e+01,-1.017097e-03,-3.122461e-03,-3.558901e-02
1027,10.270000,2.066667e-01,-3.495156e+01,-5.268502e+00,4.936775e+00,-1.551874e+01,-1.826625e+01,9.833617e-01,5.348801e+00,8.103951e+00,-5.464283e+00,5.548098e+00,-1.171653e+01,1.588469e+00,-9.813946e+00,7.406356e+00,-1.816202e+01,-4.628145e+00,-3.386856e+00,-2.673478e+00,-3.795227e+00,-4.851791e+00,-4.064538e+00,-3.346337e+00,-2.790122e+00,2.925047e-01,4.880631e-01,7.046366e-01,1.068023e+00,1.501155e+00,1.644536e+00,2.005688e+00,2.623783e+00,1.839903e+02,2.089848e-01,-8.587556e-02,-2.038085e+00,-2.490974e+00,-2.289364e+00,1.435840e+00,-6.175828e-01,3.797514e+00,3.471326e+00,2.115099e+00,-2.395660e+00,-1.031707e+00,2.277870e+00,-1.464028e+00,-1.802833e+00,1.287205e+00,1.956567e+00,-6.721705e-01,-7.062646e-01,-4.547670e-01,-2.218194e-01,-3.413588e-01,3.978658e-02,2.939792e-02,-1.256147e-01,1.352285e-02,2.421229e-02,2.663494e-02,2.692897e-02,6.968454e-02,1.177238e-02,5.910146e-02,6.791775e-02,0,5.815155e-02,0,0,0,0,-1.264554e+01,-1.766186e-04,-5.775432e-04,-2.067646e-02
1028,10.280000,1.467226e-01,-3.597119e+01,-6.908754e+00,2.222468e+00,-1.519732e+01,-1.667377e+01,2.616095e+00,6.300715e+00,9.013618e+00,-6.491794e+00,5.538988e+00,-1.261444e+01,-2.074895e+00,-1.251550e+01,1.128572e+01,-1.206938e+01,-5.072238e+00,-3.926742e+00,-2.850982e+00,-3.900840e+00,-4.831124e+00,-4.004299e+00,-3.383430e+00,-2.873910e+00,3.189681e-01,5.227244e-01,7.550178e-01,1.112490e+00,1.539981e+00,1.654219e+00,2.116655e+00,2.673292e+00,1.839903e+02,4.331172e-01,-3.614900e-02,-1.737225e-01,-1.903732e+00,-4.601050e+00,-1.008970e+00,2.845713e+00,1.340812e+00,-1.164261e+00,2.838168e+00,3.170301e+00,5.949665e-01,1.657216e+00,-2.973574e-01,-6.439649e-01,-1.228252e-01,2.203030e+00,-5.294366e-01,-2.506345e-01,-1.045866e-01,1.875929e-01,4.325895e-01,1.750105e-01,2.080677e-02,1.994319e-02,1.403413e-02,2.039766e-02,2.980374e-02,1.253017e-02,-3.306246e-03,-2.190224e-02,-1.338792e-02,-5.900240e-03,-9.520874e-02,1.319770e-01,0,0,0,0,1.188519e+01,0,0,0
1029,10.290000,1.542772e-01,-3.577076e+01,-8.798045e+00,-3.614643e+00,-1.740733e+01,-1.359906e+01,2.063091e+00,1.186558e+00,1.461214e+01,2.904960e+00,8.895509e+00,-9.553997e+00,-1.952316e+00,-1.454983e+01,1.075092e+01,-1.110273e+01,-5.715703e+00,-3.822144e+00,-2.869856e+00,-3.712905e+00,-4.067477e+00,-3.886756e+00,-3.338224e+00,-2.803806e+00,3.384666e-01,5.107751e-01,7.737349e-01,1.101149e+00,1.527936e+00,1.619555e+00,2.069558e+00,2.673921e+00,1.839903e+02,6.332613e-01,3.465912e-02,1.367907e+00,-1.313916e+00,-5.354830e+00,-3.161319e+00,5.231992e+00,2.222648e-01,-5.549298e+00,2.268971e+00,7.332055e+00,2.190925e+00,1.674414e+00,1.710882e+00,3.106725e+00,-2.161191e+00,1.337285e+00,-3.637251e-01,1.392043e-01,1.170404e-01,5.308411e-01,9.989817e-01,1.925967e-01,1.713996e-02,1.872813e-01,1.818299e-04,1.722450e-02,3.392272e-02,-7.698083e-03,-6.695627e-02,-3.922676e-02,-6.380204e-02,-2.295048e-02,-3.334381e-01,1.208179e-01,0,0,0,0,2.961693e+01,0,0,5.902097e-02
1030,10.300000,2.018673e-01,-3.241700e+01,-9.184236e+00,-1.094419e+01,-2.269247e+01,-3.290941e+00,1.525532e+00,-6.800931e+00,1.687949e+01,1.210744e+01,1.133066e+01,-6.679742e+00,4.376997e+00,-7.527167e+00,2.590368e+00,-1.164742e+01,-5.847925e+00,-3.313473e+00,-2.507811e+00,-2.580409e+00,-2.367875e+00,-3.499110e+00,-3.462541e+00,-2.529723e+00,3.022520e-01,5.428011e-01,8.101702e-01,1.083345e+00,1.375938e+00,1.559045e+00,1.910329e+00,2.585136e+00,1.835142e+02,6.605887e-01,6.072227e-02,2.657987e+00,-7.580175e-02,-4.549350e+00,-4.537461e+00,4.209474e+00,-1.052115e+00,-6.238153e+00,3.204075e-01,6.487602e+00,1.706009e+00,4.314716e-01,1.911396e+00,5.621103e+00,-2.750775e+00,-1.164112e-01,1.581688e-02,5.027646e-01,4.198540e-01,7.720054e-01,1.141688e+00,2.446427e-01,6.197085e-02,2.806305e-01,-1.815558e-05,1.278313e-02,3.018311e-02,-2.313700e-02,-9.809556e-02,-3.644181e-02,-7.667601e-02,-3.426790e-02,-7.655579e-01,7.422804e-02,5.942596e+01,0,0,0,4.700216e+01,4.769980e-03,0,1.296994e-01
1031,10.310000,3.523900e-01,-2.988912e+01,-1.070034e+01,-1.525405e+01,-2.757776e+01,1.202297e+00,2.639967e+00,-1.584687e+01,1.551587e+01,2.189638e+01,1.360689e+01,-6.311813e+00,6.916933e+00,3.225515e+00,9.480751e-01,-1.168658e+01,-6.058927e+00,-2.997469e+00,-2.259862e+00,-1.801237e+00,-1.088507e+00,-3.354149e+00,-3.221082e+00,-2.025809e+00,3.017719e-01,5.641472e-01,8.466740e-01,1.044105e+00,1.248396e+00,1.495989e+00,1.789841e+00,2.553109e+00,1.825611e+02,6.993384e-01,4.315574e-02,3.190108e+00,1.791804e+00,-1.686874e+00,-4.661049e+00,2.621220e-01,-1.966053e+00,-3.642143e+00,-1.998056e+00,2.033305e+00,-7.356987e-02,-1.887217e+00,-3.622155e-01,5.378026e+00,-2.045738e-01,-6.307449e-02,4.997901e-01,7.483097e-01,7.262009e-01,7.311907e-01,7.827182e-01,1.876697e-01,1.078661e-01,2.551599e-01,7.902741e-03,2.210319e-03,1.543179e-02,-2.330641e-02,-7.201030e-02,-5.090558e-03,-3.221178e-03,-3.706431e-03,-1.290590e+00,4.751185e-02,1.183717e+02,0,0,2.951049e-01,4.619839e+01,7.248402e-03,4.669863e-03,1.672943e-01
1032,10.320000,3.512776e-01,-2.562207e+01,-6.336615e+00,-1.470458e+01,-3.279941e+01,-3.027074e+00,-2.932918e+00,-1.637333e+01,1.016379e+01,1.645051e+01,1.171334e+01,-1.207818e+01,3.047462e+00,6.702345e+00,2.433264e+00,-1.235952e+01,-4.821542e+00,-1.825256e+00,-1.056709e+00,-9.966461e-01,-6.121678e-01,-3.047389e+00,-3.132147e+00,-1.859756e+00,3.372247e-01,5.599540e-01,8.694637e-01,1.025327e+00,1.189274e+00,1.533792e+00,1.873133e+00,2.562359e+00,1.808771e+02,7.712188e-01,1.432906e-02,3.115581e+00,3.606380e+00,4.635569e-01,-4.406679e+00,-3.778645e+00,-2.676869e+00,5.476513e-01,-2.670063e+00,-2.454829e+00,-2.013431e+00,-3.079178e+00,-3.416674e+00,1.868703e+00,3.001997e+00,1.285562e-01,8.311139e-01,9.095413e-01,9.919289e-01,5.787167e-01,2.997576e-01,1.322553e-01,1.118697e-01,9.694713e-02,2.579998e-02,-1.766908e-02,-7.503652e-03,-2.081012e-02,-1.653492e-02,2.796488e-02,6.459729e-02,3.129668e-02,-1.764075e+00,4.698426e-02,1.758250e+02,2.384990e-02,0,5.009447e-01,2.748050e+01,8.901616e-03,7.816507e-03,8.829264e-02
1033,10.330000,2.953507e-01,-2.321768e+01,-1.262836e+00,-1.016882e+01,-3.565910e+01,-1.242039e+01,-5.537951e+00,-1.223795e+01,7.979709e+00,1.089995e+01,8.336319e+00,-1.629086e+01,-3.098626e+00,5.225543e+00,9.806603e+00,-1.106205e+01,-3.729944e+00,-8.247034e-01,3.559836e-02,-8.488331e-01,-1.031740e+00,-3.174268e+00,-2.964091e+00,-1.862990e+00,3.604939e-01,5.132503e-01,8.212470e-01,1.013626e+00,1.261217e+00,1.606728e+00,2.072050e+00,2.666778e+00,1.788559e+02,8.155054e-01,4.209263e-02,2.691407e+00,4.352273e+00,6.658561e-01,-3.876737e+00,-4.004965e+00,-1.836768e+00,4.395576e+00,-2.585721e+00,-4.737511e+00,-2.716781e+00,-1.930857e+00,-4.319733e+00,-1.474301e+00,4.144198e+00,2.072388e-01,8.286135e-01,8.322186e-01,1.023943e+00,5.319359e-01,7.423746e-02,1.341560e-01,5.937304e-02,-9.372667e-02,2.901941e-02,-2.292677e-02,-3.074265e-02,-2.171336e-02,-1.949692e-03,2.722763e-02,3.761829e-02,-5.647206e-03,-2.088652e+00,3.614239e-02,1.727925e+02,2.431706e-02,2.334931e-02,5.859993e-01,9.203634e+00,4.498561e-03,8.663855e-03,-5.672883e-02
1034,10.340000,3.020322e-01,-2.017482e+01,4.128911e+00,-1.116902e+01,-4.068520e+01,-1.537283e+01,-7.769855e+00,-5.867131e+00,7.297255e+00,5.331503e+00,3.898789e+00,-1.708611e+01,-7.698593e+00,8.163330e-01,1.317109e+01,-1.131690e+01,-2.856847e+00,1.478507e-01,1.304104e+00,-1.630276e-01,-8.974712e-01,-2.927773e+00,-3.031687e+00,-2.126397e+00,4.018909e-01,4.799041e-01,7.853654e-01,9.945340e-01,1.286853e+00,1.643500e+00,2.092211e+00,2.684785e+00,1.765465e+02,8.374265e-01,9.182303e-02,1.679445e+00,3.163945e+00,-7.362617e-01,-3.451084e+00,-1.479951e+00,2.765882e-01,5.053024e+00,-2.579554e+00,-4.251186e+00,-2.108800e+00,-1.548169e-01,-3.192865e+00,-2.495265e+00,3.336035e+00,3.333074e-01,4.424189e-01,4.484629e-01,7.290002e-01,5.036284e-01,1.142175e-01,9.681311e-02,-2.126884e-03,-1.779593e-01,2.437479e-02,-1.206451e-02,-3.470142e-02,-2.666033e-02,-1.074449e-02,7.917190e-03,-2.239472e-02,-4.025843e-02,-2.176242e+00,1.616067e-02,1.696181e+02,3.234955e-02,2.740788e-02,2.960159e-01,-2.439011e+00,-1.642177e-03,3.643164e-03,-1.398244e-01
1035,10.350000,5.874758e-01,-1.915571e+01,5.828258e+00,-1.369255e+01,-4.301855e+01,-1.264965e+01,-4.125402e+00,8.779122e-01,4.020530e+00,3.768326e+00,3.930261e+00,-1.346214e+01,-9.308705e+00,-1.202986e+00,1.630015e+01,-1.117169e+01,-2.898208e+00,1.770712e-01,1.679445e+00,4.416332e-01,-5.746680e-01,-2.743177e+00,-2.974446e+00,-2.361122e+00,4.145359e-01,4.895383e-01,7.350100e-01,9.509347e-01,1.189857e+00,1.577274e+00,1.868394e+00,2.463660e+00,1.742832e+02,8.469465e-01,9.789970e-02,9.367899e-01,1.511183e+00,-2.279217e+00,-2.849351e+00,9.907020e-01,1.520808e+00,4.187399e+00,-3.098053e+00,-4.222100e+00,-3.167874e-01,5.720538e-01,-1.144008e+00,-1.977767e+00,1.883426e+00,4.280389e-01,9.675992e-02,8.683541e-02,4.029819e-01,5.152805e-01,2.423599e-01,1.331481e-01,-2.850580e-02,-1.508568e-01,1.868435e-02,5.998286e-03,-2.678907e-02,-3.029961e-02,-4.265684e-02,-1.260200e-02,-7.699992e-02,-7.851420e-02,-1.988257e+00,-7.859880e-03,1.674933e+02,1.824298e-02,2.961534e-02,1.139251e-01,-1.279071e+01,-4.102049e-03,-3.697521e-03,-1.364678e-01
1036,10.360000,6.643302e-01,-1.925583e+01,5.937562e+00,-1.662402e+01,-4.637511e+01,-1.031220e+01,-2.256251e+00,2.333850e+00,-7.543867e-01,-1.239613e+00,3.372369e+00,-1.426663e+01,-9.811822e+00,-2.559715e+00,1.586666e+01,-1.063816e+01,-3.025316e+00,-8.382893e-02,1.766368e+00,8.762625e-01,-2.696162e-01,-2.778869e+00,-3.137604e+00,-2.500486e+00,4.320777e-01,5.114874e-01,7.390752e-01,9.233708e-01,1.171231e+00,1.588106e+00,1.862988e+00,2.462626e+00,1.722822e+02,8.363016e-01,3.092750e-02,3.963009e-01,-1.321736e-01,-2.471851e+00,-1.454521e+00,1.833893e+00,2.144007e+00,2.608803e+00,-2.569880e+00,-3.881829e+00,9.908761e-01,8.002328e-01,2.341029e-01,-9.916576e-01,1.055704e+00,6.837242e-01,-1.243838e-01,-1.719716e-01,1.073834e-01,3.935701e-01,2.272172e-01,1.542375e-01,2.551832e-02,-2.659352e-02,1.395184e-02,1.690700e-02,-9.205055e-03,-2.482142e-02,-2.796121e-02,-1.219658e-02,-5.896864e-02,-3.272021e-02,-1.533740e+00,-3.008900e-02,1.662795e+02,1.867605e-02,1.508281e-02,3.786002e-02,-2.858618e+01,-7.049805e-03,-5.577327e-03,-6.552394e-02
1037,10.370000,6.037002e-01,-1.899323e+01,5.388756e+00,-1.883740e+01,-4.706090e+01,-9.997192e+00,-6.907132e-01,4.598551e+00,-3.484737e+00,-6.924988e+00,7.015592e+00,-1.484034e+01,-7.762052e+00,-2.975266e+00,1.787594e+01,-9.261227e+00,-3.161910e+00,-2.746865e-01,1.819376e+00,1.207924e+00,-1.338678e-01,-2.582980e+00,-3.053662e+00,-2.430229e+00,4.388223e-01,5.274501e-01,7.104468e-01,8.977097e-01,1.105743e+00,1.571415e+00,1.801662e+00,2.385287e+00,1.710467e+02,7.767685e-01,-5.753506e-02,-4.042225e-02,-9.267738e-01,-1.791992e+00,-3.169224e-01,7.318763e-01,1.495896e+00,2.003461e+00,-5.207157e-01,-3.055339e+00,2.237656e+00,1.726946e+00,8.989849e-01,-4.201709e-01,1.086361e+00,7.647811e-01,-2.134545e-01,-2.015324e-01,-3.369318e-02,1.926956e-01,4.684294e-02,1.703515e-01,4.246292e-02,3.635449e-02,1.068596e-02,1.298752e-02,-8.209705e-04,-2.032411e-02,-4.388797e-03,-9.084797e-03,-4.869099e-02,1.706147e-02,-9.360641e-01,-5.010080e-02,1.105082e+02,1.064356e-02,1.102425e-02,3.273853e-02,-4.460863e+01,-5.426178e-03,-6.549670e-03,-2.567207e-02
1038,10.380000,4.485575e-01,-1.827456e+01,3.687794e+00,-2.095585e+01,-4.593663e+01,-7.529589e+00,1.232838e+00,5.316565e+00,-1.799514e+00,-8.730985e+00,7.310503e+00,-1.239584e+01,-7.301405e+00,-3.255814e+00,1.766171e+01,-8.853511e+00,-3.346915e+00,-4.861283e-01,1.771056e+00,1.421677e+00,1.821466e-02,-2.236685e+00,-2.864488e+00,-2.224811e+00,4.595069e-01,5.454832e-01,7.516217e-01,8.970394e-01,1.189104e+00,1.585446e+00,1.830734e+00,2.560371e+00,1.704960e+02,7.220705e-01,-6.408034e-02,-8.619190e-01,-1.320556e+00,-5.380287e-02,1.091526e+00,-4.695488e-01,1.528456e+00,2.863737e+00,1.472217e+00,-1.008682e+00,2.746105e+00,3.900717e+00,1.119615e+00,-5.846673e-01,1.362258e+00,6.006211e-01,-3.137317e-01,-2.494057e-01,-2.219685e-01,-9.573209e-02,-2.801220e-01,7.192054e-02,2.231967e-02,-8.071828e-03,-3.986895e-03,4.730606e-03,-2.655458e-03,-1.453151e-02,2.800876e-02,-9.356034e-03,-5.434773e-02,3.381810e-02,-4.123306e-01,-4.869594e-02,5.517969e+01,9.002312e-04,8.816785e-03,8.989537e-03,-4.430672e+01,-4.799566e-03,-4.118986e-03,-1.084586e-02
1039,10.390000,4.076868e-01,-1.984846e+01,2.319272e+00,-2.048659e+01,-4.482240e+01,-1.038157e+01,1.609535e+00,9.403862e+00,1.939515e+00,-7.762681e+00,1.314948e+01,-5.762800e+00,-6.068989e+00,-2.955791e+00,2.083443e+01,-8.240109e+00,-3.804681e+00,-6.294412e-01,1.508635e+00,1.132404e+00,-4.843688e-01,-2.162512e+00,-2.898689e+00,-2.317187e+00,4.542511e-01,5.374780e-01,7.246318e-01,8.624799e-01,1.158977e+00,1.533180e+00,1.641066e+00,2.500095e+00,1.704960e+02,6.535581e-01,-6.301273e-02,-2.017018e+00,-1.334456e+00,1.969617e+00,1.661135e+00,-1.990293e+00,1.722042e+00,3.427663e+00,2.014596e+00,4.916167e-02,2.642737e+00,4.700107e+00,1.257959e+00,-1.112269e+00,5.321852e-01,1.134478e+00,-3.841537e-01,-3.229903e-01,-4.167275e-01,-3.801217e-01,-6.411313e-01,-1.669797e-01,-9.582963e-02,-1.038570e-01,-1.605209e-02,-3.708571e-03,-7.502395e-03,-1.553374e-02,3.827488e-02,-3.037763e-03,-4.573255e-02,2.998192e-02,-1.101532e-01,-3.372053e-02,0,0,0,0,-2.761961e+01,-2.218735e-03,-3.086528e-03,-7.446660e-03
1040,10.400000,4.419352e-01,-2.313781e+01,8.695213e-01,-1.606844e+01,-4.203673e+01,-1.246775e+01,4.235903e+00,1.424988e+01,3.894573e+00,-5.864176e+00,1.403595e+01,6.981912e-01,-5.060279e+00,-5.492789e+00,2.119871e+01,-8.145610e+00,-4.272589e+00,-1.153480e+00,8.118961e-01,4.353624e-01,-1.494976e+00,-2.629500e+00,-3.103492e+00,-2.597366e+00,4.044288e-01,5.301265e-01,7.187054e-01,8.683282e-01,1.284658e+00,1.560444e+00,1.671547e+00,2.574312e+00,1.704960e+02,6.544271e-01,-3.777432e-02,-3.207580e+00,-1.868788e+00,3.548756e+00,3.104657e+00,-3.039536e+00,1.629038e+00,2.624636e+00,1.202945e+00,-7.990489e-02,1.949461e+00,2.838444e+00,1.850209e+00,-1.590549e+00,-1.365940e-01,1.721458e+00,-4.644411e-01,-5.318652e-01,-7.017828e-01,-7.140120e-01,-9.263442e-01,-3.721196e-01,-1.367356e-01,-1.429676e-01,-2.466622e-02,-8.215892e-03,-9.796441e-03,-2.324015e-03,2.794840e-02,4.411411e-03,-3.436217e-02,-1.856163e-02,0,-1.457039e-02,0,0,0,0,-1.103594e+01,-1.800462e-04,-1.763357e-03,-1.797907e-03
1041,10.410000,2.919477e-01,-2.664669e+01,1.256142e-01,-1.143302e+01,-4.070517e+01,-1.747958e+01,6.417963e+00,1.727021e+01,3.741202e+00,-8.112584e+00,1.686656e+01,2.113178e+00,-2.592821e+00,-7.418125e+00,1.876837e+01,-3.942787e+00,-4.619841e+00,-1.555962e+00,2.153186e-01,-1.995267e-01,-2.582929e+00,-3.221471e+00,-3.413308e+00,-2.763236e+00,3.861009e-01,5.165856e-01,6.893930e-01,8.343966e-01,1.249341e+00,1.568728e+00,1.652593e+00,2.528225e+00,1.704960e+02,6.419876e-01,-4.637829e-02,-3.629330e+00,-2.714465e+00,3.854595e+00,4.094951e+00,-2.731081e+00,1.395210e+00,3.044004e-01,2.424626e-01,6.034644e-01,6.405932e-01,1.065494e-01,2.799900e+00,-1.253646e+00,-2.115576e-01,2.112960e+00,-5.083418e-01,-7.199569e-01,-8.768760e-01,-9.020444e-01,-9.263113e-01,-4.609913e-01,-6.228142e-02,-7.949848e-02,-1.507404e-02,-4.658008e-03,4.099017e-03,1.196684e-02,2.148782e-02,1.506550e-02,1.004920e-02,-2.249925e-02,0,-4.591447e-03,0,0,0,0,0,0,0,0
1042,10.420000,3.175554e-01,-3.091334e+01,-4.559317e+00,-7.738859e+00,-3.247196e+01,-1.917827e+01,6.973814e+00,1.450657e+01,3.314369e+00,-8.955558e+00,1.519927e+01,-2.141611e+00,2.115552e-01,-8.977391e+00,1.801177e+01,-2.394880e+00,-5.261540e+00,-2.682194e+00,-1.091199e+00,-1.482418e+00,-3.564226e+00,-3.567803e+00,-3.290857e+00,-2.716624e+00,3.702509e-01,5.148500e-01,7.202590e-01,8.994610e-01,1.283664e+00,1.589729e+00,1.653159e+00,2.453497e+00,1.704960e+02,6.550038e-01,-5.560837e-02,-3.582480e+00,-3.578275e+00,3.423582e+00,4.558959e+00,-2.038373e+00,1.705451e-01,-2.316736e+00,6.976894e-01,1.961457e+00,-1.565906e-01,-1.385038e+00,3.755259e+00,4.284739e-02,5.777626e-01,8.697462e-01,-5.675184e-01,-7.970527e-01,-9.545717e-01,-1.024746e+00,-7.895557e-01,-4.257708e-01,2.902303e-02,1.357708e-02,-8.075124e-03,-1.828009e-03,1.190808e-02,3.452045e-02,1.716376e-02,1.198105e-02,2.330217e-02,-1.887462e-02,0,-3.465486e-03,0,0,0,0,0,0,0,0
1043,10.430000,2.379853e-01,-3.410735e+01,-8.538635e+00,-5.378410e+00,-2.913004e+01,-2.068172e+01,7.216628e+00,1.079752e+01,3.441930e+00,-3.199669e+00,1.577078e+01,-3.810152e+00,5.294592e+00,-7.481721e+00,2.137011e+01,-5.506720e-01,-5.851915e+00,-3.464869e+00,-1.924197e+00,-2.418928e+00,-4.081300e+00,-3.998317e+00,-3.116414e+00,-2.655051e+00,3.959698e-01,5.218262e-01,7.443501e-01,9.067476e-01,1.266913e+00,1.593864e+00,1.700506e+00,2.448006e+00,1.704960e+02,6.303124e-01,-3.443143e-02,-2.846688e+00,-3.093517e+00,3.307201e+00,4.164859e+00,-6.140003e-01,-9.505612e-01,-3.147182e+00,1.515976e+00,2.583410e+00,-1.205115e+00,-5.112756e-01,4.100751e+00,1.018869e+00,-2.813458e-01,-1.652847e+00,-4.408343e-01,-6.604748e-01,-8.405814e-01,-9.101772e-01,-5.985156e-01,-3.491728e-01,2.072997e-02,2.992511e-02,-1.583290e-02,2.045059e-03,7.099503e-03,4.529437e-02,3.363551e-02,8.113468e-03,3.638111e-02,1.691618e-02,0,-5.207956e-04,0,0,0,0,0,0,0,0
1044,10.440000,1.908745e-01,-3.731988e+01,-1.268973e+01,-1.977837e+00,-2.502950e+01,-2.105855e+01,4.689296e+00,5.902544e+00,7.532656e+00,1.486653e+00,1.380089e+01,-3.265334e+00,9.772310e+00,-5.246754e+00,2.278665e+01,-5.492937e+00,-6.494144e+00,-4.184290e+00,-2.891205e+00,-3.578669e+00,-4.693569e+00,-4.369932e+00,-3.106824e+00,-2.583574e+00,3.591187e-01,5.183662e-01,7.507672e-01,1.004755e+00,1.361691e+00,1.607780e+00,1.764102e+00,2.520049e+00,1.704960e+02,6.429372e-01,-2.376707e-02,-1.581437e+00,-1.455673e+00,2.877188e+00,2.802402e+00,-1.015653e+00,-2.481654e+00,-2.369570e+00,1.849133e+00,8.310725e-01,-2.116673e+00,3.845611e-01,2.769641e+00,9.500721e-01,-2.471508e+00,-3.502984e+00,-1.740790e-01,-2.716802e-01,-4.892933e-01,-6.061471e-01,-4.299819e-01,-1.858643e-01,-2.940993e-02,1.098080e-02,-2.523961e-02,-2.789915e-04,-1.038216e-02,5.283772e-02,4.680602e-02,7.064926e-03,4.437594e-02,4.102979e-02,-1.359146e+00,7.236308e-03,0,0,0,0,5.929808e+00,0,0,6.666667e-02
1045,10.450000,1.831310e-01,-3.767686e+01,-1.127676e+01,2.222476e+00,-2.360211e+01,-1.960944e+01,2.807415e+00,5.836314e+00,9.211937e+00,-4.166412e-01,1.154017e+01,1.186612e-01,1.313056e+01,-4.189098e+00,1.497421e+01,-1.065799e+01,-6.207710e+00,-4.107288e+00,-3.087586e+00,-3.702288e+00,-5.010836e+00,-4.566270e+00,-3.401675e+00,-2.680136e+00,3.125024e-01,5.250528e-01,7.096364e-01,1.008222e+00,1.378505e+00,1.600269e+00,1.779027e+00,2.579530e+00,1.704960e+02,6.454169e-01,1.535281e-02,3.032269e-01,1.319496e+00,2.097155e+00,1.329526e+00,-2.583419e+00,-3.081815e+00,-4.114338e-01,1.190828e+00,-1.676805e+00,-2.583890e+00,1.758707e-02,1.063782e+00,1.908267e-01,-4.305092e+00,-3.765359e+00,2.706068e-01,2.942393e-01,7.789014e-02,-7.046566e-02,-2.325654e-01,2.181644e-02,-2.517612e-02,-2.214718e-02,-2.745422e-02,-3.536212e-03,-2.265158e-02,4.646025e-02,5.181732e-02,2.047673e-02,6.790420e-02,4.097853e-02,-1.998662e+00,2.062180e-02,0,0,0,0,2.449879e+01,6.666667e-02,6.666667e-02,1.666667e-01
1046,10.460000,2.261472e-01,-3.703577e+01,-1.046862e+01,2.846639e+00,-2.122391e+01,-2.479267e+01,-3.229850e+00,5.139322e+00,9.675031e+00,-6.191709e+00,6.731207e+00,-2.183212e+00,1.014178e+01,-5.873342e+00,8.852186e+00,-1.485614e+01,-5.954037e+00,-3.719385e+00,-2.955971e+00,-3.871473e+00,-5.249368e+00,-4.213148e+00,-3.295276e+00,-2.649178e+00,2.857865e-01,5.118417e-01,6.857050e-01,1.112913e+00,1.461898e+00,1.621851e+00,1.835779e+00,2.592884e+00,1.637002e+02,6.836331e-01,2.752677e-02,2.327740e+00,3.820115e+00,6.228329e-01,-1.502892e+00,-4.840635e+00,-2.763022e+00,1.511626e+00,1.759019e-01,-1.930592e+00,-2.703308e+00,-7.959962e-01,-6.435756e-02,-4.334072e-01,-3.239233e+00,-2.209939e+00,6.719633e-01,8.755035e-01,7.658383e-01,5.652537e-01,3.449016e-02,1.692328e-01,9.925544e-02,-1.194632e-02,-5.576873e-03,-4.173619e-03,-2.068016e-02,3.154124e-02,4.515105e-02,4.445935e-02,1.132074e-01,4.034247e-02,-8.948746e-01,3.384551e-02,2.964904e+01,0,0,3.333333e-01,4.788208e+01,1.091345e-01,1.043273e-01,2.457881e-01
1047,10.470000,2.971130e-01,-3.273327e+01,-3.051712e+00,2.695126e+00,-2.438520e+01,-3.173175e+01,-4.232874e+00,9.121961e+00,8.324883e+00,-7.744510e+00,6.386171e+00,-4.263278e+00,1.042877e+01,-6.214294e+00,6.811884e+00,-1.469587e+01,-4.768935e+00,-2.226125e+00,-1.502363e+00,-2.624854e+00,-4.966228e+00,-3.967627e+00,-3.148068e+00,-2.732985e+00,2.953648e-01,5.074074e-01,6.636233e-01,1.084970e+00,1.475896e+00,1.689213e+00,2.004188e+00,2.616481e+00,1.639005e+02,7.130734e-01,8.358387e-03,3.606090e+00,5.302013e+00,-3.074676e-01,-4.623334e+00,-5.766315e+00,-1.891762e+00,2.391414e+00,2.241234e-01,-7.437059e-01,-2.614095e+00,-1.032811e+00,-4.429421e-01,-2.580179e-01,-1.262041e+00,-1.052046e+00,9.188766e-01,1.256642e+00,1.253746e+00,1.038355e+00,2.365614e-01,1.658890e-01,1.405033e-01,1.682322e-02,1.575083e-02,-4.969490e-03,-1.244599e-02,5.317378e-03,3.559516e-02,6.765370e-02,1.469425e-01,4.020004e-02,3.495529e+00,4.536892e-02,1.076694e+02,3.333333e-01,3.333333e-01,6.666667e-01,6.213235e+01,1.237327e-01,1.070170e-01,1.858514e-01
1048,10.480000,2.715174e-01,-2.815298e+01,2.298320e+00,9.000023e-01,-3.215242e+01,-3.920057e+01,-5.605669e+00,1.181785e+01,8.855693e+00,-4.502373e+00,2.861348e+00,-5.054346e+00,1.080142e+01,-6.401192e+00,1.067165e+01,-1.452369e+01,-3.853716e+00,-7.473540e-01,1.453754e-01,-1.291116e+00,-4.543422e+00,-3.823090e+00,-2.737350e+00,-2.616881e+00,3.398031e-01,5.063208e-01,6.703729e-01,1.124087e+00,1.538751e+00,1.785606e+00,2.217558e+00,2.703286e+00,1.693193e+02,7.783365e-01,3.802738e-02,3.540225e+00,5.186975e+00,5.046374e-02,-6.719232e+00,-4.261430e+00,-1.776066e-01,1.943854e+00,2.742232e-01,3.975464e-01,-2.659065e+00,-4.300168e-01,-6.484497e-01,-5.115703e-01,-5.425721e-01,1.374741e-01,9.548445e-01,1.234215e+00,1.302370e+00,1.153936e+00,3.040275e-01,-2.174683e-02,5.823820e-02,5.175278e-02,2.488072e-02,-4.434109e-03,-1.288449e-02,-4.302471e-02,3.744376e-03,5.852650e-02,1.240915e-01,3.573666e-02,8.658368e+00,4.571722e-02,1.855757e+02,3.790061e-01,3.549698e-01,8.956072e-01,5.256290e+01,3.052737e-02,1.212826e-02,1.204562e-03
1049,10.490000,2.022379e-01,-2.408781e+01,8.849832e+00,1.658456e+00,-4.125453e+01,-4.123707e+01,-5.463484e+00,1.445412e+01,1.074222e+01,-4.979839e+00,4.046245e-01,-3.609826e+00,1.058603e+01,-5.215263e+00,7.754270e+00,-1.608445e+01,-2.663487e+00,6.899063e-01,1.630473e+00,1.993063e-01,-4.181001e+00,-3.931854e+00,-2.978122e+00,-2.612168e+00,3.642483e-01,5.029658e-01,6.550725e-01,1.029221e+00,1.518055e+00,1.856661e+00,2.322850e+00,2.725330e+00,1.851641e+02,8.249099e-01,6.807496e-02,2.367118e+00,3.531320e+00,4.315563e-01,-5.984012e+00,-2.213676e+00,3.144817e-01,5.185496e-01,2.793759e-01,-7.474756e-01,-2.855946e+00,-4.373023e-01,-1.803542e+00,-9.086014e-01,-1.783127e+00,6.926907e-01,7.541086e-01,8.672692e-01,9.324040e-01,8.325430e-01,2.209057e-01,-1.159636e-01,-7.211757e-02,7.040517e-02,1.994233e-02,-9.682968e-03,-1.981107e-02,-8.452053e-02,-2.016253e-02,1.383536e-02,3.694909e-02,1.516371e-02,1.071303e+01,3.786633e-02,2.326984e+02,4.291606e-01,3.575999e-01,6.481202e-01,2.824343e+01,-8.163682e-02,-9.115825e-02,-1.611968e-01
1050,10.500000,4.637216e-01,-2.365737e+01,9.515481e+00,3.617292e+00,-4.638541e+01,-4.134716e+01,-3.502578e+00,1.219251e+01,9.837477e+00,-5.586313e+00,-3.573344e+00,-4.660021e+00,6.820900e+00,-8.930709e+00,5.668133e+00,-1.347448e+01,-2.232538e+00,9.936734e-01,1.989461e+00,4.861262e-01,-4.121844e+00,-4.339768e+00,-3.089058e+00,-2.450822e+00,3.757484e-01,4.918920e-01,6.255580e-01,9.256635e-01,1.459540e+00,1.830760e+00,2.296905e+00,2.717143e+00,1.963603e+02,8.563010e-01,1.205027e-01,1.138042e+00,2.181724e+00,6.757962e-01,-3.548671e+00,-4.214047e-01,3.768126e-01,-2.065021e-01,-7.549849e-01,-2.781116e+00,-2.213474e+00,-1.041670e-01,-2.000603e+00,-1.146550e+00,-3.460278e+00,1.234502e+00,5.474486e-01,4.599740e-01,4.759342e-01,4.595534e-01,9.133963e-02,-1.161842e-01,-1.776084e-01,1.810143e-02,8.572092e-03,-1.151890e-02,-2.162878e-02,-9.680198e-02,-3.435731e-02,-2.094991e-02,-3.095181e-02,-7.439518e-03,9.825296e+00,2.165563e-02,2.299491e+02,1.047232e-01,4.850804e-02,3.486294e-01,7.162064e+00,-1.091271e-01,-9.743873e-02,-2.168709e-01
1051,10.510000,5.413857e-01,-2.314548e+01,1.099631e+01,3.494262e+00,-4.718877e+01,-4.172683e+01,-3.712011e+00,1.152738e+01,9.230870e+00,-1.093992e+01,-4.676212e+00,-6.646951e+00,3.401319e+00,-9.492542e+00,3.980041e-01,-1.175702e+01,-1.808980e+00,1.239707e+00,2.237615e+00,6.492395e-01,-4.072489e+00,-4.289105e+00,-3.332802e+00,-2.463988e+00,3.771038e-01,4.662069e-01,5.869755e-01,7.615790e-01,1.414688e+00,1.735813e+00,2.149260e+00,2.685371e+00,2.039452e+02,8.634228e-01,1.215411e-01,4.819738e-01,9.466248e-01,9.886052e-02,-9.734974e-01,1.670635e-01,1.286674e-01,-6.806756e-01,-2.575270e+00,-3.982571e+00,-1.371288e+00,7.716597e-01,-7.485526e-01,-1.227218e+00,-4.265051e+00,7.282704e-01,3.284381e-01,1.503440e-01,1.170706e-01,2.090359e-01,9.734917e-03,1.044273e-05,-1.012480e-01,-6.851244e-03,1.197866e-03,-7.836914e-03,-9.547591e-03,-6.220695e-02,-1.846392e-02,-2.810141e-02,-4.575207e-02,-1.021364e-02,6.759285e+00,9.895980e-03,2.266999e+02,6.229062e-02,3.077301e-02,1.341715e-01,-2.438776e+00,-9.279327e-02,-7.157265e-02,-1.493915e-01
1052,10.520000,7.044568e-01,-2.293393e+01,1.213370e+01,3.361080e+00,-4.692865e+01,-4.106271e+01,-4.597343e+00,1.224871e+01,5.836445e+00,-1.542791e+01,-5.665601e+00,-4.056618e+00,4.390753e+00,-9.995304e+00,-2.951611e+00,-1.051490e+01,-1.543727e+00,1.277615e+00,2.221476e+00,7.816842e-01,-4.140980e+00,-4.225385e+00,-3.448051e+00,-2.600464e+00,3.762358e-01,4.671057e-01,5.962775e-01,7.738981e-01,1.418647e+00,1.741280e+00,2.149594e+00,2.686068e+00,2.090552e+02,8.673581e-01,8.299846e-02,5.870888e-01,6.868290e-01,-5.280155e-01,-9.115563e-02,1.056086e+00,4.108084e-01,-1.150101e+00,-4.997303e+00,-3.321311e+00,4.271551e-01,2.259512e+00,1.023189e+00,-1.365870e+00,-4.219634e+00,-4.648857e-01,2.386578e-01,8.217011e-02,-1.666913e-02,2.226073e-01,1.001019e-01,6.622441e-02,-1.777754e-02,-3.028069e-02,-2.286631e-03,-1.629773e-03,8.959383e-03,-1.849763e-02,-1.338744e-03,-2.966118e-03,1.066327e-03,-9.277820e-04,4.598332e+00,1.692635e-03,2.243853e+02,1.680528e-02,3.118962e-02,6.822733e-02,-1.884534e+00,-2.501194e-02,-1.099120e-02,-7.088447e-02
1053,10.530000,6.895760e-01,-2.203966e+01,1.227384e+01,2.280865e+00,-4.585039e+01,-4.054398e+01,-4.272765e+00,1.102264e+01,-1.336101e-01,-1.997190e+01,-5.405686e+00,-5.322909e-02,8.058338e+00,-1.081906e+01,-9.261115e+00,-1.392289e+01,-1.365703e+00,1.299655e+00,2.099819e+00,1.096707e+00,-4.122758e+00,-3.988993e+00,-3.304865e+00,-2.571603e+00,3.699939e-01,4.761744e-01,6.219748e-01,7.940692e-01,1.446182e+00,1.760893e+00,2.167745e+00,2.689799e+00,2.126130e+02,8.688612e-01,4.888619e-02,7.164686e-01,2.532196e-02,-5.915049e-01,-2.706421e-01,2.280384e+00,1.619980e+00,-2.697339e+00,-7.533343e+00,-8.489181e-01,2.721649e+00,2.678163e+00,1.381427e+00,-3.007618e+00,-2.588717e+00,-8.197128e-01,1.413697e-01,4.094210e-02,-1.152342e-01,2.087760e-01,3.087215e-01,7.139730e-03,1.061880e-01,2.976491e-02,-3.867272e-03,3.844738e-04,2.099307e-02,1.424038e-03,-4.257369e-03,9.719992e-03,3.882072e-02,5.913877e-03,3.062343e+00,-4.050517e-03,2.232864e+02,9.153248e-03,8.395889e-03,4.136387e-02,-1.545624e+00,-1.305857e-02,-8.231548e-03,-2.074108e-02
1054,10.540000,8.046188e-01,-2.127484e+01,1.231086e+01,1.583913e+00,-4.751037e+01,-3.665816e+01,-1.168159e+00,6.694376e+00,-1.046680e+01,-1.767688e+01,-1.072832e+00,3.340678e+00,9.608335e+00,-1.509680e+01,-1.060048e+01,-1.471598e+01,-1.260888e+00,1.374550e+00,1.975013e+00,1.375429e+00,-3.596200e+00,-4.158702e+00,-3.191915e+00,-2.548418e+00,3.678702e-01,4.787594e-01,6.528552e-01,8.169302e-01,1.437100e+00,1.803389e+00,2.292994e+00,2.710290e+00,2.150181e+02,8.620450e-01,-1.905808e-02,6.237568e-01,-4.288872e-01,-6.221743e-01,-1.190628e-01,3.461380e+00,1.905591e+00,-3.985729e+00,-8.257055e+00,1.309710e+00,5.250964e+00,1.624302e+00,-4.068920e-01,-3.543309e+00,-6.893266e-01,-8.622894e-02,6.122024e-02,6.239295e-03,-1.926037e-01,8.049085e-02,5.157064e-01,-2.786281e-02,1.160308e-01,4.973290e-02,-6.201693e-03,-5.665150e-03,2.289583e-02,-5.483544e-03,-1.994186e-02,-5.303860e-04,3.030887e-02,3.999209e-03,1.927563e+00,-1.039148e-02,2.222331e+02,6.232226e-03,4.740602e-03,4.061084e-02,-1.476752e+00,-3.027803e-03,-5.726126e-03,8.258700e-03
1055,10.550000,7.357356e-01,-2.039268e+01,1.103434e+01,1.425321e+00,-4.825112e+01,-3.252719e+01,2.673299e+00,8.178492e-01,-2.028422e+01,-1.406003e+01,6.635649e+00,3.045216e+00,7.699661e+00,-2.197988e+01,-8.721146e+00,-1.375504e+01,-1.243551e+00,1.395950e+00,1.784675e+00,1.396247e+00,-2.801272e+00,-4.286748e+00,-2.929930e+00,-2.341187e+00,3.619503e-01,4.623025e-01,6.636519e-01,7.471831e-01,1.384175e+00,1.753358e+00,2.271663e+00,2.702829e+00,2.162755e+02,8.458268e-01,-4.989498e-02,-1.222363e-02,-8.347698e-01,4.069344e-01,1.544334e+00,4.267233e+00,8.704588e-01,-4.186170e+00,-6.125914e+00,1.929439e+00,5.872062e+00,9.297622e-01,-1.990398e+00,-3.094345e+00,1.188283e+00,1.128441e+00,-1.581533e-02,-1.244814e-01,-3.647989e-01,-2.445225e-01,4.139933e-01,-4.639053e-02,3.544006e-02,2.921817e-02,-1.030335e-02,-1.234070e-02,1.833055e-02,-2.406645e-03,-2.109712e-02,-1.537305e-02,4.950953e-03,3.854036e-04,1.109630e+00,-1.285737e-02,2.200478e+02,2.284306e-03,2.839786e-03,4.427433e-02,-1.344174e+00,1.913181e-04,-2.202942e-04,4.027788e-02
1056,10.560000,5.860866e-01,-2.063863e+01,1.060902e+01,6.779809e-01,-4.632360e+01,-2.776420e+01,1.457582e+00,-2.577535e+00,-2.537353e+01,-1.183530e+01,1.456855e+01,2.515670e+00,2.535632e+00,-2.213143e+01,-6.668228e+00,-1.102996e+01,-1.298701e+00,1.260664e+00,1.416029e+00,1.034368e+00,-2.223192e+00,-4.215822e+00,-3.055365e+00,-2.467008e+00,3.492492e-01,4.457159e-01,6.899181e-01,7.699234e-01,1.349941e+00,1.742396e+00,2.249179e+00,2.699548e+00,2.168618e+02,8.269179e-01,-7.179631e-02,-7.071049e-01,-1.013462e+00,1.223676e+00,4.356065e+00,4.379410e+00,-1.540597e+00,-4.302578e+00,-1.986430e+00,9.153761e-01,3.504212e+00,-4.615335e-01,-2.750891e+00,-8.695173e-01,2.043577e+00,1.296455e+00,-2.704222e-02,-2.670993e-01,-5.641304e-01,-5.975455e-01,1.247586e-01,3.891983e-02,-6.546049e-02,-1.260526e-02,-1.688221e-02,-1.799949e-02,6.707460e-03,1.245070e-02,-8.200323e-03,-3.281605e-02,-4.002633e-02,-5.390501e-03,6.346634e-01,-9.702015e-03,2.186208e+02,5.100738e-03,5.337039e-03,1.080656e-01,-7.902328e-01,2.284273e-03,1.238621e-03,5.756905e-02
1057,10.570000,5.493672e-01,-2.241888e+01,8.950914e+00,4.768503e+00,-3.872210e+01,-2.365479e+01,-1.233341e+00,-5.272253e+00,-2.330981e+01,-1.324549e+01,1.613393e+01,5.008086e+00,1.642698e+00,-2.277347e+01,-5.285826e+00,-1.012369e+01,-1.425873e+00,7.341906e-01,5.553166e-01,4.462476e-02,-2.739296e+00,-4.192386e+00,-3.195939e+00,-2.466218e+00,3.277877e-01,4.309926e-01,6.950961e-01,8.055394e-01,1.384275e+00,1.714525e+00,2.214408e+00,2.697097e+00,2.172393e+02,8.221379e-01,-5.812282e-02,-1.286609e+00,-9.674822e-01,2.027119e+00,6.307280e+00,3.888095e+00,-3.509006e+00,-4.297120e+00,9.564598e-01,-6.432859e-01,-4.268011e-01,-2.178859e+00,-2.261229e+00,1.256074e+00,2.568702e+00,1.002393e+00,3.209593e-02,-3.395928e-01,-7.111524e-01,-8.349228e-01,-2.016936e-01,6.751847e-02,-1.378366e-01,-5.224137e-02,-2.141880e-02,-2.161543e-02,-6.707430e-04,3.055677e-02,8.691227e-03,-4.138486e-02,-6.299078e-02,-6.004763e-03,4.324463e-01,-2.550226e-03,2.183717e+02,1.067558e-02,6.996199e-03,2.090259e-01,-1.741974e-01,2.902934e-03,1.110626e-03,4.237869e-02
1058,10.580000,5.388215e-01,-2.379726e+01,8.285259e+00,6.030704e+00,-3.049455e+01,-1.919731e+01,-6.917826e+00,-1.177346e+01,-1.888615e+01,-1.350727e+01,1.169909e+01,5.157534e-02,-1.117639e+00,-1.904760e+01,-2.100253e+00,-1.004938e+01,-1.304938e+00,3.699331e-01,-2.309593e-01,-9.364873e-01,-3.003395e+00,-4.011284e+00,-3.386213e+00,-2.548929e+00,3.005405e-01,4.044169e-01,6.706704e-01,8.500056e-01,1.396048e+00,1.658725e+00,2.121490e+00,2.686204e+00,2.177095e+02,8.253794e-01,-4.535744e-02,-1.365872e+00,-7.198692e-01,2.196183e+00,6.248839e+00,2.171840e+00,-3.489430e+00,-4.174111e+00,1.423836e+00,-1.881281e+00,-3.552062e+00,-4.209656e+00,-1.775863e+00,2.410657e+00,3.509173e+00,2.992205e-01,1.330771e-01,-2.626510e-01,-6.843414e-01,-8.242038e-01,-3.503501e-01,4.564061e-02,-1.002539e-01,-4.730327e-02,-2.216342e-02,-2.540075e-02,-8.089816e-03,2.368456e-02,1.533788e-02,-4.312648e-02,-7.141194e-02,-7.206941e-03,3.043076e-01,2.085316e-03,2.191200e+02,1.345795e-02,8.855498e-03,2.460803e-01,-8.011474e-02,6.526642e-04,5.246333e-04,-8.316400e-03
1059,10.590000,4.687541e-01,-2.524642e+01,7.358808e+00,8.884557e+00,-2.462924e+01,-1.737016e+01,-1.068402e+01,-1.606979e+01,-1.874561e+01,-1.644047e+01,5.936376e+00,-6.617034e+00,-1.779850e+00,-1.724143e+01,1.838374e+00,-9.233367e+00,-1.079953e+00,1.433519e-01,-9.475929e-01,-1.792939e+00,-3.419638e+00,-4.051425e+00,-3.453689e+00,-2.561433e+00,2.792106e-01,3.748748e-01,6.699221e-01,8.599259e-01,1.404578e+00,1.588269e+00,2.020554e+00,2.679478e+00,2.180139e+02,8.338450e-01,-2.926905e-02,-1.301674e+00,-4.338812e-01,2.279713e+00,4.833413e+00,-5.602940e-01,-2.372736e+00,-2.926928e+00,3.765823e-01,-2.637187e+00,-3.639735e+00,-5.265944e+00,-1.018026e+00,2.726632e+00,3.400067e+00,-1.805966e-01,1.711700e-01,-1.272862e-01,-5.250546e-01,-6.984028e-01,-4.120649e-01,-1.759572e-02,-3.273838e-02,-3.203053e-02,-1.896144e-02,-2.519486e-02,-2.473688e-03,2.698667e-02,1.794225e-02,-1.467421e-02,-3.638432e-02,-2.889705e-03,1.246475e-01,2.276254e-03,2.189272e+02,1.262037e-02,6.633686e-03,1.871604e-01,-4.143219e-01,-1.286063e-03,1.029989e-04,-5.138144e-02
1060,10.600000,3.996060e-01,-2.605422e+01,7.805727e+00,9.600869e+00,-2.212584e+01,-2.004732e+01,-1.126423e+01,-1.804932e+01,-2.053645e+01,-1.964422e+01,1.907019e+00,-1.272005e+01,-4.632411e+00,-1.284416e+01,7.315538e+00,-9.979019e+00,-8.062755e-01,2.428290e-01,-1.254223e+00,-2.167869e+00,-3.634771e+00,-4.058099e+00,-3.427759e+00,-2.655916e+00,2.627206e-01,3.467710e-01,6.620560e-01,8.611529e-01,1.416480e+00,1.589891e+00,1.989046e+00,2.672323e+00,2.179960e+02,8.314910e-01,2.745461e-03,-1.191862e+00,-5.993620e-01,2.899009e+00,3.535068e+00,-2.885010e+00,-1.038437e+00,-1.089999e+00,3.426155e-01,-2.503036e+00,-2.355777e+00,-3.701785e+00,4.544486e-01,2.054767e+00,2.671844e+00,-1.020078e+00,1.021325e-01,-6.142198e-02,-3.596765e-01,-5.956903e-01,-4.974987e-01,-6.802950e-02,5.876412e-02,3.667772e-02,-1.414402e-02,-1.924240e-02,-2.102548e-03,3.018305e-02,3.233497e-02,1.821388e-02,1.751511e-02,1.891017e-03,-1.113602e-01,4.182458e-04,2.179425e+02,7.391665e-03,8.141463e-03,7.741635e-02,-8.194046e-01,-1.736594e-03,1.277369e-04,-5.543611e-02
1061,10.610000,4.726297e-01,-2.779877e+01,7.021275e+00,1.438198e+01,-1.873939e+01,-2.603126e+01,-1.092382e+01,-1.676896e+01,-2.060176e+01,-2.336295e+01,2.831291e+00,-1.493582e+01,-1.690047e+00,-1.224202e+01,7.006613e+00,-1.106185e+01,-8.193544e-01,1.613118e-01,-1.558324e+00,-2.831699e+00,-4.483932e+00,-4.256957e+00,-3.338858e+00,-2.572876e+00,2.518904e-01,3.338412e-01,6.870348e-01,9.348991e-01,1.463771e+00,1.675571e+00,2.098708e+00,2.689589e+00,2.177193e+02,8.304633e-01,8.208510e-03,-9.716717e-01,-9.491625e-01,2.823169e+00,2.563454e+00,-3.300650e+00,-1.420487e+00,1.151650e-01,1.249778e+00,-1.431310e+00,-5.791189e-01,-2.551338e+00,5.256606e-01,1.535303e+00,1.564412e+00,-1.173065e+00,-6.116182e-03,-6.691746e-02,-2.116268e-01,-5.283445e-01,-4.539883e-01,-1.611710e-02,8.027117e-02,8.511915e-02,-8.908232e-03,-1.152599e-02,-1.024637e-02,3.320727e-02,2.362233e-02,3.031293e-02,2.153301e-02,-4.585750e-02,-3.257324e-01,-9.509802e-04,2.168889e+02,7.278411e-03,7.868212e-03,3.645067e-02,-9.688492e-01,-5.579746e-04,2.124107e-04,-2.543955e-02
1062,10.620000,5.506110e-01,-2.848040e+01,5.457216e+00,1.777703e+01,-1.576414e+01,-2.929181e+01,-1.199011e+01,-1.687387e+01,-1.624500e+01,-2.256120e+01,1.472745e+00,-1.429795e+01,1.109702e+00,-1.127347e+01,8.674846e+00,-1.423553e+01,-9.245753e-01,5.384327e-02,-1.723976e+00,-3.395559e+00,-4.958741e+00,-4.248665e+00,-3.149808e+00,-2.359818e+00,2.434805e-01,3.287217e-01,6.516013e-01,9.634342e-01,1.528126e+00,1.706144e+00,2.169989e+00,2.690603e+00,2.173000e+02,8.291614e-01,-9.917855e-03,-7.810446e-01,-1.102906e+00,2.026515e+00,1.893675e+00,-2.118430e+00,-2.186184e+00,1.137904e+00,1.912932e+00,-2.052551e-01,-1.588996e-01,-1.866060e+00,-5.627251e-01,1.554792e+00,1.276049e+00,-2.592008e-01,-9.693596e-02,-1.266165e-01,-1.105584e-01,-4.320883e-01,-3.279084e-01,5.654955e-02,4.900641e-02,5.674469e-02,-4.438864e-03,-3.647360e-03,-2.283410e-02,8.023757e-03,7.636023e-03,4.614353e-03,-3.662927e-02,-8.169143e-02,-5.063370e-01,-6.027222e-04,2.160422e+02,7.445963e-03,8.876920e-03,4.425460e-02,-1.048140e+00,6.612794e-04,-3.902533e-04,7.350797e-03
1063,10.630000,4.342941e-01,-2.889169e+01,3.787251e+00,1.891232e+01,-1.499282e+01,-2.925116e+01,-1.742352e+01,-1.608169e+01,-1.464244e+01,-2.213853e+01,3.257918e+00,-1.858477e+01,-2.022604e+00,-1.035026e+01,8.980783e+00,-1.297044e+01,-1.051384e+00,-9.674255e-02,-1.770851e+00,-3.820817e+00,-5.027595e+00,-4.036727e+00,-3.191309e+00,-2.283886e+00,2.442895e-01,3.262695e-01,6.239176e-01,9.748216e-01,1.466866e+00,1.681708e+00,2.037748e+00,2.441050e+00,2.167333e+02,8.302549e-01,-6.843555e-02,-5.804175e-01,-8.245457e-01,2.002867e-01,8.987182e-01,-2.857735e-01,-2.568376e+00,1.309914e+00,1.505019e+00,-1.002127e-01,-1.149479e+00,-1.892366e+00,-3.056952e+00,1.869623e+00,1.597501e+00,1.259012e+00,-1.222103e-01,-1.603013e-01,-4.010735e-02,-2.549155e-01,-1.081670e-01,1.161186e-01,-3.873582e-02,-3.910909e-02,-1.132783e-03,4.433602e-04,-2.966154e-02,-2.140857e-02,-2.114975e-02,-2.709326e-02,-1.179401e-01,-1.242035e-01,-7.189209e-01,-2.731365e-03,2.150331e+02,9.803348e-03,7.328011e-03,7.654353e-02,-1.356660e+00,3.860808e-04,-6.719031e-04,1.286404e-02
1064,10.640000,3.691845e-01,-2.941299e+01,3.908206e+00,1.746828e+01,-1.453075e+01,-2.902952e+01,-1.894530e+01,-1.270344e+01,-1.395144e+01,-2.128271e+01,8.992069e-01,-2.022587e+01,-7.279758e+00,-6.016083e+00,1.270870e+01,-1.032073e+01,-1.174940e+00,-2.612263e-01,-1.700753e+00,-3.833751e+00,-5.002482e+00,-3.885466e+00,-3.256501e+00,-2.516688e+00,2.443267e-01,3.323201e-01,5.794442e-01,8.813105e-01,1.453112e+00,1.609894e+00,1.836380e+00,2.388135e+00,2.159574e+02,8.285816e-01,-8.978178e-02,-5.684479e-01,-4.641410e-01,-7.884456e-01,2.615938e-01,8.313971e-01,-1.208560e+00,7.586602e-01,4.158568e-01,5.127220e-02,-2.293125e+00,-1.864935e+00,-3.309913e+00,8.481926e-01,9.921721e-01,2.372258e+00,-1.276158e-01,-1.977724e-01,-4.623234e-02,-1.165398e-01,3.079367e-03,2.329223e-02,-7.573137e-02,-1.042333e-01,1.784712e-04,3.446007e-03,-1.743232e-02,-2.450385e-02,-2.875708e-02,-3.483412e-02,-1.242553e-01,-6.786494e-02,-9.185470e-01,-7.973778e-03,2.136296e+02,9.435593e-03,6.460296e-03,9.412390e-02,-1.517421e+00,-2.153184e-04,-5.916536e-04,5.087758e-03
1065,10.650000,2.211652e-01,-3.023456e+01,3.673051e+00,1.553780e+01,-1.486250e+01,-2.759127e+01,-2.028811e+01,-1.230461e+01,-1.422344e+01,-2.450327e+01,-2.629334e+00,-2.143369e+01,-1.278008e+01,-5.522600e+00,1.297719e+01,-6.724189e+00,-1.305223e+00,-4.826597e-01,-1.770473e+00,-3.887180e+00,-5.002897e+00,-3.857963e+00,-3.479190e+00,-2.689987e+00,2.458034e-01,3.342588e-01,5.748057e-01,8.689181e-01,1.395529e+00,1.588229e+00,1.675812e+00,2.219805e+00,2.147960e+02,8.170964e-01,-5.802660e-02,-5.662050e-01,-3.905195e-01,-1.061986e+00,1.987120e-01,2.011307e+00,8.091524e-01,-6.720973e-01,-1.929479e-01,5.062229e-01,-2.231514e+00,-6.206207e-01,-1.578098e+00,-1.232167e+00,1.054588e-01,1.381340e+00,-1.525036e-01,-2.541209e-01,-1.492268e-01,-3.472946e-02,6.517501e-02,-9.128869e-02,-6.589022e-02,-9.594639e-02,2.368212e-04,5.634603e-03,8.773941e-03,-4.309326e-03,-1.019402e-02,-2.026349e-02,-4.941171e-02,1.829820e-02,-8.457855e-01,-1.195763e-02,2.113118e+02,8.214000e-03,5.717008e-03,7.583622e-02,-6.275360e-01,-4.736843e-04,4.055025e-04,-6.520336e-03
1066,10.660000,2.082666e-01,-3.065120e+01,3.193611e+00,1.552207e+01,-1.452133e+01,-2.596477e+01,-1.660062e+01,-1.496911e+01,-1.437522e+01,-2.112247e+01,-7.049252e+00,-2.219816e+01,-1.006113e+01,-9.446338e+00,1.163750e+01,-5.497359e+00,-1.435735e+00,-7.420601e-01,-1.955327e+00,-3.945076e+00,-4.955693e+00,-4.221586e+00,-3.384524e+00,-2.677934e+00,2.436159e-01,3.419571e-01,5.889956e-01,8.938667e-01,1.420009e+00,1.578712e+00,1.729680e+00,2.461901e+00,2.136759e+02,7.958717e-01,-6.361405e-03,-4.437897e-01,-6.417004e-01,-9.977742e-01,2.436103e-01,3.024058e+00,2.177034e+00,-1.168987e+00,-8.873902e-02,1.435436e+00,-5.994135e-01,-2.565468e-01,5.533541e-01,-3.009932e+00,-1.077209e+00,-5.060959e-01,-2.020381e-01,-3.391244e-01,-2.217321e-01,-1.438379e-03,1.190753e-01,-1.302995e-01,-3.160045e-02,-3.997164e-02,-3.125668e-04,1.242432e-02,3.417100e-02,2.998399e-02,1.372503e-02,2.855778e-03,4.412360e-02,8.239989e-02,-3.087738e-01,-9.392440e-03,2.103157e+02,7.164045e-03,6.724153e-03,7.004705e-02,1.302234e+00,1.032436e-05,1.083237e-03,-1.434119e-03
1067,10.670000,2.246200e-01,-3.110361e+01,2.191951e+00,1.457549e+01,-1.400397e+01,-2.072700e+01,-1.455009e+01,-1.830934e+01,-1.539530e+01,-1.968753e+01,-3.925421e+00,-2.070173e+01,-8.522408e+00,-1.479597e+01,1.004368e+01,-8.475422e+00,-1.683505e+00,-1.126930e+00,-2.389697e+00,-3.938802e+00,-4.725114e+00,-4.325111e+00,-3.456749e+00,-2.682995e+00,2.458290e-01,3.496240e-01,6.630116e-01,9.469969e-01,1.432447e+00,1.595981e+00,1.844039e+00,2.495658e+00,2.136451e+02,7.868217e-01,4.082584e-02,3.212357e-01,-3.369580e-01,-2.043715e+00,-9.356359e-01,3.567230e+00,2.004121e+00,1.680686e-01,-1.615248e-02,2.533196e+00,1.892912e+00,1.610973e+00,2.299945e+00,-2.313268e+00,-1.862215e+00,-1.108333e+00,-1.865426e-01,-2.213382e-01,-6.833649e-02,2.538727e-01,2.965869e-01,-1.674843e-03,3.238440e-03,-2.030036e-02,3.179927e-03,2.725093e-02,5.061353e-02,4.535230e-02,3.316696e-02,2.875503e-02,1.162468e-01,1.133377e-01,6.390961e-01,2.270681e-03,2.135524e+02,8.570701e-03,9.223595e-03,5.598028e-02,3.482710e+00,3.494400e-03,5.669223e-03,3.940178e-02
1068,10.680000,3.356500e-01,-3.119741e+01,1.440254e+00,1.296056e+01,-1.374196e+01,-1.734136e+01,-1.092913e+01,-1.554601e+01,-1.380921e+01,-1.651339e+01,-1.449817e+00,-2.187459e+01,-6.641823e+00,-1.642906e+01,8.789412e+00,-1.197559e+01,-1.995990e+00,-1.634713e+00,-2.499801e+00,-3.815132e+00,-4.545997e+00,-4.303390e+00,-3.425724e+00,-2.720042e+00,2.427511e-01,3.867590e-01,7.061962e-01,9.921910e-01,1.503278e+00,1.620297e+00,1.972885e+00,2.662208e+00,2.149889e+02,7.967568e-01,5.181870e-02,1.825634e+00,4.259493e-01,-3.735903e+00,-3.828979e+00,2.341183e+00,1.174890e+00,2.448968e+00,-8.076979e-01,3.731422e+00,3.655625e+00,3.081968e+00,3.215821e+00,9.152307e-02,-2.496492e+00,6.365005e-01,-3.368067e-02,1.532990e-01,3.957902e-01,6.891418e-01,5.788363e-01,1.993999e-01,1.265720e-01,3.172638e-02,1.118321e-02,3.655005e-02,4.038537e-02,3.247412e-02,1.551406e-02,4.628573e-02,1.240883e-01,6.714125e-02,1.571207e+00,1.562864e-02,2.190205e+02,9.308864e-03,1.012319e-02,9.688128e-02,4.367557e+00,5.690446e-03,7.019541e-03,6.901830e-02
1069,10.690000,3.616026e-01,-2.835528e+01,2.864939e+00,6.599979e+00,-1.993036e+01,-1.406682e+01,-1.310324e+01,-1.117582e+01,-1.458721e+01,-1.414183e+01,4.035509e+00,-1.354062e+01,-2.990005e+00,-1.359758e+01,5.090162e+00,-9.026736e+00,-1.957808e+00,-1.143024e+00,-1.839918e+00,-2.682789e+00,-3.724811e+00,-3.825436e+00,-3.442398e+00,-2.770435e+00,2.621354e-01,4.481125e-01,7.692731e-01,1.046517e+00,1.519729e+00,1.711212e+00,2.135444e+00,2.686340e+00,2.173349e+02,8.280073e-01,7.687534e-02,3.761634e+00,1.459748e+00,-5.144064e+00,-6.896474e+00,-3.358067e-01,1.036893e+00,3.699689e+00,-2.332503e+00,6.515567e+00,4.142729e+00,4.708858e+00,4.471948e+00,1.601402e+00,-2.818522e+00,3.483363e+00,2.172816e-01,7.238134e-01,9.945704e-01,1.189556e+00,8.980886e-01,3.308561e-01,3.972383e-01,1.392207e-01,2.277778e-02,3.266007e-02,1.670717e-02,-5.091727e-04,-1.590182e-02,5.316858e-02,1.092479e-01,4.735942e-02,2.096947e+00,2.212489e-02,2.243730e+02,2.461359e-02,3.236360e-02,2.594280e-01,3.674181e+00,5.840088e-03,6.042838e-03,7.499478e-02
1070,10.700000,3.988688e-01,-2.289720e+01,4.986864e+00,8.303087e-01,-3.070303e+01,-1.758894e+01,-1.144959e+01,-6.291033e+00,-1.881775e+01,-5.238215e+00,7.248409e+00,-1.036888e+01,3.251776e+00,-9.587918e+00,1.631798e+00,-2.039199e+00,-1.466986e+00,3.248195e-02,-2.512649e-01,-1.127374e+00,-2.561663e+00,-3.474424e+00,-2.758840e+00,-2.475582e+00,2.913787e-01,4.754631e-01,7.377917e-01,1.006477e+00,1.453938e+00,1.752526e+00,2.204419e+00,2.702267e+00,2.196870e+02,8.534221e-01,7.189399e-02,4.920475e+00,1.931505e+00,-5.460720e+00,-8.046435e+00,-3.013934e+00,2.424045e+00,3.124249e+00,-4.095959e+00,8.570372e+00,3.677651e+00,4.821416e+00,3.822205e+00,9.522699e-01,-2.281081e+00,4.025611e+00,4.004776e-01,1.093925e+00,1.349481e+00,1.445888e+00,1.093956e+00,3.492692e-01,6.740969e-01,2.675007e-01,3.098189e-02,1.206012e-02,-3.850138e-03,-4.269484e-02,-5.230675e-02,3.494556e-02,6.514744e-02,1.057835e-02,2.128328e+00,1.901215e-02,2.267432e+02,2.759483e-02,3.025185e-02,3.134147e-01,2.222464e+00,9.834006e-04,-1.177638e-03,1.482457e-02
1071,10.710000,5.773873e-01,-1.644555e+01,7.717388e+00,-5.079705e+00,-4.000580e+01,-2.228224e+01,-9.105399e+00,-4.438385e+00,-2.455354e+01,7.252717e+00,1.243911e+01,-2.910296e+00,8.890533e+00,-1.020953e+01,-4.701287e-01,3.973198e+00,-8.615989e-01,1.658539e+00,1.458887e+00,6.650972e-01,-1.226838e+00,-3.085313e+00,-1.804000e+00,-2.109121e+00,3.354041e-01,4.685724e-01,7.307497e-01,9.373080e-01,1.377608e+00,1.795710e+00,2.274512e+00,2.712426e+00,2.217808e+02,8.691134e-01,5.484707e-02,4.524524e+00,1.473281e+00,-4.276456e+00,-6.636245e+00,-4.010420e+00,4.586543e+00,1.645729e+00,-4.194737e+00,8.243829e+00,2.351021e+00,3.577102e+00,1.137636e+00,-8.352813e-01,-1.186495e+00,1.699460e+00,3.726616e-01,1.007643e+00,1.242775e+00,1.293591e+00,1.016536e+00,2.379692e-01,7.320564e-01,3.441340e-01,2.815639e-02,-3.971028e-03,-1.104593e-02,-5.932216e-02,-5.247287e-02,8.529794e-03,2.214200e-02,2.415180e-03,1.826753e+00,7.464403e-03,2.280620e+02,2.862816e-02,2.937345e-02,3.226875e-01,9.220154e-01,-5.325166e-03,-7.935585e-03,-5.470982e-02
1072,10.720000,5.872276e-01,-1.254990e+01,8.671555e+00,-8.503201e+00,-4.393642e+01,-2.830332e+01,-8.078303e-01,-3.293475e+00,-2.930584e+01,1.564119e+01,1.273664e+01,-3.082668e+00,6.528930e+00,-1.336173e+01,1.641535e-01,1.652496e+00,-5.417072e-01,2.434131e+00,2.598200e+00,1.740363e+00,-3.252012e-01,-2.927105e+00,-8.744385e-01,-1.713196e+00,3.610262e-01,4.368297e-01,7.062073e-01,8.333216e-01,1.312805e+00,1.752776e+00,2.229088e+00,2.702057e+00,2.234077e+02,8.712645e-01,7.830437e-02,2.860579e+00,7.796977e-01,-2.386303e+00,-4.170134e+00,-2.344244e+00,4.699443e+00,1.984903e-01,-2.928361e+00,5.008167e+00,1.792510e+00,3.096225e+00,-2.238309e+00,-1.770699e+00,1.114209e-02,-1.575879e+00,1.970823e-01,6.234387e-01,7.715871e-01,8.656493e-01,7.290156e-01,1.042031e-01,4.365462e-01,2.824315e-01,1.918638e-02,-6.202820e-03,1.239562e-03,-4.198846e-02,-2.949429e-02,-1.726353e-03,4.602957e-03,-1.578808e-03,1.455782e+00,-9.478891e-03,2.282883e+02,1.221858e-02,5.730075e-03,1.393744e-01,3.428604e-01,-6.886301e-03,-7.448772e-03,-7.800071e-02
1073,10.730000,5.416586e-01,-1.090630e+01,8.388999e+00,-1.011554e+01,-4.649489e+01,-2.876173e+01,4.508587e+00,-4.445951e+00,-3.031685e+01,1.663761e+01,1.304650e+01,7.017866e-01,1.059599e+00,-1.588708e+01,-1.084903e-01,-2.375286e+00,-5.571401e-01,2.694365e+00,2.949226e+00,2.351296e+00,2.396389e-01,-2.909249e+00,-7.243161e-01,-1.430958e+00,3.680936e-01,4.475740e-01,7.298357e-01,8.364844e-01,1.327932e+00,1.753736e+00,2.233819e+00,2.698521e+00,2.246084e+02,8.564081e-01,1.172781e-01,7.194848e-01,1.365757e-03,1.550662e-01,-1.924043e+00,6.575182e-01,2.950431e+00,-2.605018e-01,-1.643734e-01,1.319621e+00,1.293812e+00,2.100723e+00,-3.955830e+00,-9.035376e-01,9.563114e-01,-2.802407e+00,-2.845994e-02,1.131145e-01,1.956286e-01,2.626935e-01,2.908967e-01,-5.130131e-02,-2.159358e-02,1.398655e-01,5.966273e-03,-2.067599e-03,5.434918e-03,-1.472288e-02,-1.555580e-02,-1.563178e-02,-1.951466e-02,-4.395366e-03,1.086978e+00,-7.496351e-02,2.282105e+02,5.675882e-03,4.946567e-03,7.289904e-02,-1.511497e+01,-5.729212e-03,-5.174942e-03,-6.611918e-02
1074,10.740000,8.082550e-01,-1.136392e+01,8.549546e+00,-8.583287e+00,-4.830916e+01,-2.607041e+01,5.240627e+00,-5.294798e+00,-3.057791e+01,1.511017e+01,1.590726e+01,3.306201e+00,-4.024302e+00,-1.560264e+01,1.506689e+00,-6.744350e+00,-6.338043e-01,2.631762e+00,2.861501e+00,2.357773e+00,3.501758e-01,-3.041441e+00,-1.115950e+00,-1.402506e+00,3.709659e-01,4.549482e-01,7.444465e-01,8.469465e-01,1.331305e+00,1.764881e+00,2.247780e+00,2.701325e+00,2.255521e+02,8.123803e-01,1.387330e-01,-1.233602e+00,-1.045397e+00,2.557222e+00,1.179283e+00,4.137441e+00,-9.080729e-01,5.716786e-01,2.808185e+00,-9.571797e-01,1.102080e+00,2.580052e+00,-2.786756e+00,6.651373e-01,1.792691e+00,-1.477779e+00,-2.652246e-01,-3.750646e-01,-4.161085e-01,-3.861555e-01,-2.277393e-01,-8.659186e-02,-3.858384e-01,-3.037094e-02,-1.185559e-02,-8.329749e-05,1.904964e-03,1.108652e-02,-1.233621e-02,-2.747544e-02,-5.801763e-02,-3.050563e-02,7.586380e-01,-1.194226e-01,2.283832e+02,4.639463e-03,5.221437e-03,4.830534e-02,-3.796525e+01,-2.053369e-03,-8.084294e-04,-2.601282e-02
1075,10.750000,1.053264e+00,-1.344111e+01,7.785221e+00,-4.264331e+00,-4.743965e+01,-2.011111e+01,2.622525e+00,-4.740232e+00,-2.473937e+01,1.411633e+01,1.732285e+01,4.398886e+00,-5.611998e+00,-1.360677e+01,3.640160e+00,-5.840414e+00,-9.578500e-01,2.125296e+00,2.305380e+00,1.669860e+00,-1.100436e-01,-3.284652e+00,-1.791212e+00,-1.565138e+00,3.602656e-01,4.491751e-01,7.388046e-01,8.568811e-01,1.290579e+00,1.711498e+00,2.167592e+00,2.690815e+00,2.261434e+02,5.237380e-01,3.271087e-02,-2.855798e+00,-2.752648e+00,3.805555e+00,4.380197e+00,6.622085e+00,-3.828452e+00,2.286224e+00,5.391559e+00,-1.824340e+00,-3.514414e-01,2.539876e+00,-3.151796e-01,2.754372e+00,1.994262e+00,3.259449e-01,-5.700210e-01,-9.049677e-01,-9.598259e-01,-9.455901e-01,-6.670886e-01,-4.465447e-02,-5.138003e-01,-1.370149e-01,-2.776932e-02,4.747045e-03,-1.691133e-03,2.826645e-02,-1.179096e-02,-5.218726e-02,-1.015080e-01,-4.676938e-02,4.531128e-01,-1.699207e-01,1.524397e+02,3.771657e-03,3.753059e-03,3.762608e-02,-6.084567e+01,-1.308738e-03,-1.282989e-03,-1.671566e-02
1076,10.760000,1.025090e+00,-1.745051e+01,3.746459e+00,1.357303e+00,-3.756763e+01,-1.194143e+01,-4.405164e+00,-2.879416e-01,-1.805365e+01,1.211594e+01,1.610886e+01,7.969040e+00,-4.069050e+00,-1.117620e+01,7.253282e+00,-4.003834e+00,-1.667475e+00,8.433430e-01,8.395807e-01,1.503041e-01,-1.289056e+00,-3.172363e+00,-2.270183e+00,-1.797960e+00,3.056622e-01,4.356127e-01,7.112476e-01,8.785558e-01,1.269801e+00,1.636518e+00,1.972113e+00,2.553382e+00,2.264333e+02,4.404863e-01,-1.267214e-01,-3.827605e+00,-4.688205e+00,3.523071e+00,6.365504e+00,7.148337e+00,-5.268911e+00,3.795860e+00,6.348072e+00,-2.371494e+00,-2.539111e+00,2.466840e+00,1.904321e+00,4.385495e+00,2.065561e+00,1.744437e+00,-8.511839e-01,-1.299029e+00,-1.308038e+00,-1.244145e+00,-9.044619e-01,3.553576e-02,-4.477575e-01,-1.409414e-01,-3.328989e-02,1.673391e-02,-1.352072e-04,4.855346e-02,7.451355e-03,-5.842533e-02,-1.273607e-01,-5.943713e-02,2.052353e-01,-1.570243e-01,7.634752e+01,2.903850e-03,2.284682e-03,2.694681e-02,-6.092061e+01,-1.305058e-03,-1.419593e-03,-1.342368e-02
1077,10.770000,5.967956e-01,-2.214200e+01,-2.972699e+00,3.941937e+00,-2.996467e+01,-2.715802e+00,-9.810773e+00,4.481739e+00,-9.621181e+00,9.013030e+00,1.118849e+01,1.106975e+01,-4.939246e-01,-4.328434e+00,6.989521e+00,-2.115820e+00,-2.890410e+00,-9.362634e-01,-8.389430e-01,-1.272920e+00,-2.276188e+00,-3.067060e+00,-2.716202e+00,-1.918305e+00,2.618988e-01,4.809770e-01,7.379795e-01,9.620120e-01,1.299729e+00,1.556981e+00,1.864112e+00,2.538646e+00,2.264333e+02,1.927518e-01,-2.092759e-01,-3.950859e+00,-5.538395e+00,2.485262e+00,5.750476e+00,6.019870e+00,-4.484786e+00,3.284324e+00,5.499717e+00,-9.641815e-01,-3.829827e+00,1.352503e+00,3.079973e+00,4.969669e+00,1.235950e+00,1.439657e+00,-9.609795e-01,-1.357558e+00,-1.306367e+00,-1.205172e+00,-8.113133e-01,7.839918e-04,-2.981158e-01,-7.242054e-02,-3.030466e-02,2.511901e-02,8.150548e-03,5.980881e-02,1.526843e-02,-4.079228e-02,-1.065131e-01,-4.359748e-02,5.798035e-02,-1.295210e-01,0,0,0,0,-3.812268e+01,-1.044716e-03,-9.790801e-04,-1.021990e-02
1078,10.780000,4.028826e-01,-2.615150e+01,-9.512518e+00,4.928933e+00,-2.521913e+01,9.736225e-01,-1.488728e+01,9.073518e+00,-6.396641e+00,5.804356e+00,6.278893e+00,1.230497e+01,2.938266e+00,1.685674e+00,1.015981e+01,1.155353e-01,-3.923444e+00,-2.332605e+00,-2.106528e+00,-2.391560e+00,-3.089061e+00,-2.972558e+00,-2.892243e+00,-1.930629e+00,2.536998e-01,5.227168e-01,7.441831e-01,1.037148e+00,1.363987e+00,1.550013e+00,1.762716e+00,2.480224e+00,2.264333e+02,1.927518e-01,-1.752535e-01,-3.194679e+00,-4.618820e+00,1.986821e+00,3.504817e+00,3.383676e+00,-2.324614e+00,1.426360e+00,3.627172e+00,6.306406e-01,-3.825304e+00,-5.528242e-01,1.987039e+00,3.556416e+00,1.918428e-01,8.874698e-01,-7.696006e-01,-1.033603e+00,-9.712225e-01,-9.328891e-01,-5.780187e-01,-1.287134e-01,-1.561840e-01,-1.494110e-03,-2.314676e-02,1.624840e-02,6.644934e-03,5.252337e-02,6.255829e-03,-1.584315e-02,-7.905728e-02,-2.861159e-02,0,-1.073724e-01,0,0,0,0,-1.526950e+01,-5.807700e-04,-4.569363e-04,-5.389362e-03
1079,10.790000,3.179882e-01,-2.884491e+01,-1.327727e+01,6.376163e+00,-2.486152e+01,3.530717e+00,-1.456035e+01,7.000658e+00,-3.069293e+00,1.245121e+01,3.088702e+00,8.993438e+00,6.284210e+00,4.810641e+00,8.366646e+00,-7.018147e-01,-4.634763e+00,-3.074521e+00,-2.753400e+00,-3.085069e+00,-3.266607e+00,-3.380635e+00,-2.970760e+00,-1.860907e+00,2.347235e-01,5.312181e-01,7.630897e-01,1.076629e+00,1.319828e+00,1.550789e+00,1.739725e+00,2.509406e+00,2.264333e+02,0,-6.352691e-02,-2.045287e+00,-2.912689e+00,1.972163e+00,2.258196e+00,1.056203e+00,-3.347190e-01,-5.166811e-01,2.308049e+00,2.391955e+00,-2.401598e+00,-1.762960e+00,-1.978608e-01,1.176232e+00,-8.453291e-01,-2.713033e-01,-4.580392e-01,-5.888523e-01,-5.767739e-01,-6.425407e-01,-3.408592e-01,-1.910008e-01,-2.338924e-02,4.455449e-02,-2.094554e-02,-1.815790e-03,2.269083e-03,3.190875e-02,-1.236547e-02,4.782534e-03,-5.813492e-02,-2.854409e-02,0,-5.782554e-02,0,0,0,0,0,0,0,0
1080,10.800000,2.882261e-01,-3.007245e+01,-1.419536e+01,1.007429e+01,-2.259512e+01,1.853690e+00,-1.365345e+01,5.584400e+00,-3.193737e+00,1.355005e+01,1.032234e+00,6.243074e+00,2.477075e+00,2.036339e+00,7.523934e+00,-2.734878e-01,-4.643301e+00,-3.255545e+00,-3.059303e+00,-3.608067e+00,-3.683940e+00,-3.659143e+00,-2.923823e+00,-1.834130e+00,2.035161e-01,4.917341e-01,7.319172e-01,1.083864e+00,1.291030e+00,1.560398e+00,1.639020e+00,2.424943e+00,2.264333e+02,0,-7.740912e-03,-9.832970e-01,-1.376802e+00,1.107247e+00,1.520022e+00,-1.451588e-01,1.144344e+00,-1.317223e+00,2.197435e+00,1.447726e+00,-1.479166e+00,-1.814535e+00,-2.327537e+00,-8.252670e-01,-1.704243e+00,-1.197780e+00,-2.313479e-01,-2.951098e-01,-2.630994e-01,-3.377232e-01,-1.431041e-01,-1.270086e-01,3.045325e-02,4.879837e-02,-6.436425e-03,-3.981587e-03,1.216891e-02,1.649920e-02,-2.384639e-03,1.064925e-02,-1.572428e-02,-4.409790e-04,-2.442749e-01,9.850937e-03,0,0,0,0,1.411846e+01,0,0,0
1081,10.810000,3.364892e-01,-3.040796e+01,-1.519473e+01,1.123007e+01,-1.998570e+01,2.125181e+00,-1.210128e+01,3.642892e+00,3.176100e-01,1.709996e+01,1.803832e+00,5.285894e+00,-1.252633e+00,1.377394e+00,4.080815e+00,-3.277825e+00,-4.820677e+00,-3.419055e+00,-3.246425e+00,-3.877370e+00,-3.683044e+00,-3.678772e+00,-2.817358e+00,-1.743782e+00,1.822630e-01,4.873894e-01,7.554578e-01,1.098198e+00,1.274380e+00,1.575701e+00,1.635286e+00,2.423566e+00,2.264333e+02,0,-1.332479e-02,-2.528923e-01,-2.525818e-01,-9.038286e-01,9.930906e-01,-9.084395e-01,1.209553e+00,-1.504092e+00,2.176579e+00,1.610537e-01,-5.089763e-01,-1.695428e+00,-2.013135e+00,-1.246354e+00,-1.337463e+00,-1.416755e+00,-1.354058e-01,-1.057849e-01,-4.239824e-02,-7.499993e-02,5.417125e-02,8.763408e-03,4.488165e-02,-8.007407e-04,1.860288e-02,5.479628e-03,2.532592e-02,8.389962e-03,1.941643e-02,1.127745e-02,4.192575e-02,3.040135e-02,-8.198547e-01,1.264246e-01,0,0,0,0,3.519228e+01,0,0,0
1082,10.820000,3.549275e-01,-3.028646e+01,-1.543780e+01,8.038217e+00,-2.005692e+01,9.505964e-01,-1.039509e+01,4.166283e+00,2.897081e+00,1.071861e+01,-4.745044e-01,5.086066e+00,-4.930998e+00,-7.240382e-01,3.781513e+00,-4.585359e+00,-4.987227e+00,-3.635887e+00,-3.175513e+00,-3.684026e+00,-3.596363e+00,-3.458532e+00,-2.816678e+00,-1.745200e+00,2.477479e-01,5.247232e-01,8.088436e-01,1.108860e+00,1.374788e+00,1.590803e+00,1.736315e+00,2.520940e+00,2.252120e+02,2.420065e-01,-3.539518e-02,6.179543e-01,1.521679e+00,-2.839520e+00,-6.180546e-01,-1.443758e+00,1.015734e+00,-2.846948e+00,7.522008e-01,2.420941e-01,1.423506e+00,-2.780954e+00,-1.844606e-01,-5.025452e-01,-1.055844e+00,-2.062903e+00,5.677700e-02,2.178271e-01,2.718506e-01,2.619829e-01,3.651821e-01,5.449450e-02,1.759026e-02,-6.895788e-02,3.767575e-02,6.813040e-03,3.826778e-02,-3.600097e-03,2.907100e-02,1.326990e-02,9.916196e-02,6.918363e-02,-1.726395e+00,2.090970e-01,7.059229e+01,0,0,0,5.593620e+01,5.682833e-03,0,6.167587e-02
1083,10.830000,2.180135e-01,-3.000237e+01,-1.391896e+01,2.875059e+00,-2.116516e+01,-5.599335e-01,-1.014176e+01,1.892592e-01,4.768193e+00,1.467220e+01,1.297190e+00,1.094800e+00,-7.742993e-02,-4.094197e-02,3.550542e+00,-5.629652e+00,-5.139830e+00,-3.413274e+00,-2.907287e+00,-3.422089e+00,-3.039540e+00,-3.437123e+00,-2.799925e+00,-1.909376e+00,3.056220e-01,5.421217e-01,8.512561e-01,1.106081e+00,1.375032e+00,1.591974e+00,1.900707e+00,2.613415e+00,2.229447e+02,5.111198e-01,-3.820060e-02,1.806730e+00,4.047711e+00,-4.128098e+00,-3.085805e+00,-2.321934e+00,2.428844e-01,-4.617752e+00,-1.116297e+00,1.153569e+00,2.778786e+00,-4.232654e+00,1.621367e+00,3.868055e-01,-3.994978e-01,-1.813764e+00,4.255944e-01,7.308325e-01,7.172335e-01,6.394386e-01,6.807032e-01,5.303078e-02,-4.362662e-02,-1.543646e-01,3.946430e-02,-1.053607e-02,1.918101e-02,-2.035839e-02,-4.312038e-03,2.956581e-03,9.021894e-02,5.074797e-02,-2.610173e+00,2.212288e-01,1.406653e+02,0,0,0,5.512072e+01,1.551155e-02,9.655063e-04,1.104608e-01
1084,10.840000,1.704881e-01,-2.718548e+01,-7.224846e+00,5.420156e-02,-2.509566e+01,-4.022544e+00,-9.554535e+00,-6.923524e+00,-1.658024e+00,1.597440e+01,8.403088e+00,-5.566147e+00,9.671702e-01,2.327802e-01,2.509849e+00,-9.412087e+00,-4.199840e+00,-2.169300e+00,-1.869619e+00,-2.525793e+00,-2.179782e+00,-3.507495e+00,-2.844589e+00,-2.096123e+00,3.302154e-01,4.984332e-01,8.753570e-01,1.061922e+00,1.386060e+00,1.618611e+00,2.002120e+00,2.675937e+00,2.195457e+02,7.899252e-01,1.195355e-02,3.022272e+00,5.862405e+00,-4.829278e+00,-5.478919e+00,-2.174658e+00,-4.519329e-01,-5.428377e+00,-1.812116e+00,2.521512e+00,3.068030e+00,-5.340494e+00,2.304608e+00,1.669308e+00,5.395850e-01,-1.383596e+00,7.561420e-01,1.137438e+00,1.140975e+00,9.674186e-01,9.742443e-01,8.571734e-02,-8.658221e-02,-1.786195e-01,2.752155e-02,-2.736985e-02,-8.023208e-03,-3.421134e-02,-5.655148e-02,-1.342261e-02,4.123410e-02,1.033905e-02,-3.144861e+00,1.535548e-01,2.093483e+02,2.841417e-02,0,3.083794e-01,3.298999e+01,1.985995e-02,4.754317e-03,1.278705e-01
1085,10.850000,2.377059e-01,-2.292480e+01,9.373553e-01,-5.418409e+00,-3.289536e+01,-6.997921e+00,-1.130714e+01,-1.390096e+01,-2.986324e+00,2.023991e+01,1.125896e+01,-1.055127e+01,3.905119e+00,2.833012e+00,2.719158e+00,-9.933280e+00,-3.086398e+00,-4.981861e-01,-3.132041e-01,-1.259293e+00,-9.878193e-01,-3.389137e+00,-3.021536e+00,-2.340143e+00,3.383508e-01,4.478541e-01,8.181062e-01,1.019875e+00,1.247184e+00,1.576580e+00,1.953478e+00,2.599807e+00,2.162156e+02,8.321846e-01,6.072953e-02,3.500237e+00,5.646932e+00,-6.005410e+00,-6.494962e+00,-3.597378e-01,-6.784040e-01,-3.687069e+00,-3.791150e-01,1.020607e+00,-2.804456e-02,-4.941251e+00,1.668401e+00,2.369375e+00,2.135437e+00,-1.641616e-01,7.822378e-01,1.071204e+00,1.280166e+00,1.131629e+00,1.101476e+00,2.400635e-01,-1.159575e-01,-1.681840e-01,2.410511e-02,-2.063163e-02,-2.924217e-02,-2.987384e-02,-8.490646e-02,-3.286713e-02,-2.458334e-02,-3.537612e-02,-3.333375e+00,7.517884e-02,2.062255e+02,6.335066e-02,4.827532e-03,3.981143e-01,1.119666e+01,1.271394e-02,6.909733e-03,4.301025e-02
1086,10.860000,4.048491e-01,-1.871388e+01,6.446074e+00,-1.196144e+01,-4.158642e+01,-6.703699e+00,-1.207207e+01,-1.593049e+01,-2.286242e+00,2.054231e+01,9.884759e+00,-1.579337e+01,4.600767e+00,6.185526e+00,6.895130e+00,-9.351525e+00,-2.233232e+00,5.937601e-01,1.232322e+00,7.166890e-02,2.489981e-01,-3.053939e+00,-3.138783e+00,-2.422913e+00,3.689913e-01,4.350078e-01,7.853025e-01,9.809063e-01,1.155954e+00,1.531387e+00,1.916100e+00,2.579439e+00,2.128522e+02,8.492483e-01,1.178428e-01,2.995050e+00,3.525634e+00,-7.021230e+00,-5.243862e+00,2.163105e+00,-6.722600e-01,-7.245443e-01,1.750244e+00,-1.045744e+00,-3.533524e+00,-4.052021e+00,6.656573e-01,2.911475e+00,3.203701e+00,7.127727e-01,4.756654e-01,6.097736e-01,1.051342e+00,1.029053e+00,1.055386e+00,4.281681e-01,-7.932723e-02,-1.301916e-01,2.949129e-02,4.120612e-03,-2.813375e-02,-1.311684e-02,-8.334897e-02,-4.544667e-02,-5.983327e-02,-5.433223e-02,-3.256659e+00,1.527309e-02,2.027621e+02,6.762445e-02,2.135782e-02,4.402952e-01,-3.026497e+00,-5.333116e-03,6.469318e-03,-6.405035e-02
1087,10.870000,4.044807e-01,-1.673697e+01,7.480246e+00,-2.114417e+01,-4.539460e+01,-1.018045e+00,-1.227502e+01,-1.374260e+01,3.186727e+00,1.749128e+01,4.161312e-01,-1.849784e+01,6.447774e+00,8.829556e+00,1.203509e+01,-6.480741e+00,-2.211945e+00,5.612142e-01,1.942574e+00,9.373228e-01,1.253453e+00,-2.463584e+00,-3.232615e+00,-2.586901e+00,4.067596e-01,4.706763e-01,7.500725e-01,9.972196e-01,1.065552e+00,1.471250e+00,1.820800e+00,2.484783e+00,2.096246e+02,8.573524e-01,1.770680e-01,2.172217e+00,1.260855e+00,-6.878966e+00,-2.055244e+00,3.565564e+00,-6.229122e-01,1.527601e+00,2.133409e+00,-4.027005e+00,-4.502038e+00,-3.112574e+00,-1.350552e+00,2.627482e+00,2.673761e+00,2.795773e-01,1.826660e-01,1.382697e-01,6.405219e-01,7.872643e-01,8.561090e-01,5.929077e-01,4.634502e-02,-7.069299e-02,3.269466e-02,2.281312e-02,-6.581235e-03,3.958285e-04,-4.689101e-02,-3.528095e-02,-8.134060e-02,-6.518717e-02,-3.169922e+00,3.485608e-03,1.999417e+02,4.396458e-02,2.386976e-02,1.490933e-01,-2.909718e+00,-1.637138e-02,6.702138e-04,-9.691673e-02
1088,10.880000,6.763148e-01,-1.530414e+01,7.131877e+00,-2.718907e+01,-4.506535e+01,3.803044e+00,-1.243190e+01,-1.062543e+01,4.006671e+00,1.212000e+01,-3.843116e+00,-2.185296e+01,3.024129e+00,1.179188e+01,1.387039e+01,-7.574493e+00,-2.258740e+00,3.498683e-01,2.259201e+00,1.521163e+00,1.976514e+00,-1.829431e+00,-3.135685e+00,-2.623702e+00,4.434674e-01,5.076252e-01,7.687051e-01,1.007666e+00,1.060131e+00,1.444043e+00,1.769292e+00,2.461787e+00,2.065579e+02,8.537067e-01,2.252544e-01,1.470129e+00,-1.686377e-01,-5.551105e+00,1.108303e+00,2.780796e+00,-1.086136e+00,2.221349e+00,1.760644e+00,-5.239686e+00,-2.453711e+00,-2.021022e+00,-2.474202e+00,1.943045e+00,4.828759e-01,-5.933904e-01,1.059318e-02,-7.498373e-02,2.566332e-01,4.981691e-01,5.674413e-01,6.493155e-01,2.078614e-01,-6.033945e-03,2.665620e-02,2.620233e-02,1.027619e-02,6.146282e-03,-1.892941e-02,-2.087333e-02,-8.375661e-02,-9.940715e-02,-3.097609e+00,-4.333794e-03,1.973578e+02,1.144163e-02,2.282547e-02,1.126381e-01,-2.880672e+00,-1.512569e-02,-4.683748e-03,-8.149315e-02
1089,10.890000,9.873133e-01,-1.376859e+01,6.898728e+00,-3.219943e+01,-4.143211e+01,5.576530e+00,-1.424179e+01,-8.915488e+00,4.534265e+00,4.316048e+00,-4.387287e+00,-2.308434e+01,-2.059325e+00,1.316724e+01,1.260033e+01,-9.423909e+00,-2.160315e+00,3.151080e-01,2.375966e+00,1.952281e+00,2.428968e+00,-1.036852e+00,-2.791360e+00,-2.593214e+00,4.645860e-01,5.256110e-01,7.934987e-01,1.008474e+00,1.060641e+00,1.443848e+00,1.620179e+00,2.332697e+00,2.035132e+02,8.473834e-01,1.959503e-01,1.003151e+00,-8.652560e-01,-3.004179e+00,3.019869e+00,1.788278e-01,-1.877510e+00,2.184061e+00,4.208534e-01,-3.773869e+00,1.255916e+00,-1.334444e+00,-2.408850e+00,8.594688e-01,-1.898527e+00,-1.044407e+00,-3.651690e-02,-4.119572e-02,8.748269e-03,2.012924e-01,2.314304e-01,5.526847e-01,3.735707e-01,6.631196e-02,1.378409e-02,1.529154e-02,2.387180e-02,1.865256e-03,7.628513e-03,-2.301741e-03,-6.159331e-02,-8.322382e-02,-3.104993e+00,-1.252711e-02,1.943791e+02,9.585166e-03,7.444772e-03,7.735922e-02,-3.127148e+00,-6.241956e-03,-5.397937e-03,-2.599504e-02
1090,10.900000,1.239705e+00,-1.284743e+01,5.893644e+00,-3.418933e+01,-3.802615e+01,3.902993e+00,-1.651936e+01,-7.237302e+00,5.843210e+00,9.314960e-01,1.791286e-02,-2.360523e+01,-3.516692e+00,1.373191e+01,9.026887e+00,-1.084689e+01,-2.206082e+00,3.418945e-01,2.298792e+00,2.055035e+00,2.498447e+00,-5.207272e-01,-2.320104e+00,-2.449926e+00,4.733591e-01,5.385521e-01,8.149703e-01,1.006010e+00,1.063763e+00,1.440721e+00,1.597627e+00,2.158447e+00,2.004199e+02,8.325639e-01,1.183498e-03,2.116439e-01,-1.215565e+00,3.842422e-01,3.555189e+00,-1.645088e+00,-2.145789e+00,1.387406e+00,-5.134524e-01,-2.938080e-01,3.482758e+00,-7.047516e-01,-3.039527e-01,-1.842142e-01,-3.086567e+00,-3.110835e-01,-8.182087e-02,-1.376855e-02,-2.349825e-01,-1.482491e-01,-1.312515e-01,2.472636e-01,3.612287e-01,1.034080e-01,-4.794800e-03,1.077139e-03,2.253156e-02,-6.063700e-04,1.580396e-02,1.573360e-03,-1.997484e-02,-3.464985e-02,-3.257820e+00,-1.866672e-02,1.911400e+02,9.185693e-03,6.151572e-03,6.869651e-02,-3.716312e+00,1.278337e-03,-3.414078e-03,-7.861250e-03
1091,10.910000,1.102537e+00,-1.294957e+01,3.773083e+00,-3.266493e+01,-3.381485e+01,-1.738806e-01,-1.961883e+01,-4.516362e+00,4.372724e+00,4.216181e+00,4.765196e+00,-2.429393e+01,-2.326065e+00,1.215689e+01,4.964202e+00,-1.006657e+01,-2.420858e+00,3.592225e-01,1.966520e+00,1.676849e+00,2.149638e+00,-3.545125e-01,-1.772552e+00,-2.342229e+00,4.607342e-01,5.316705e-01,8.462989e-01,1.007373e+00,1.101879e+00,1.461402e+00,1.598666e+00,2.220335e+00,1.971686e+02,8.052883e-01,-1.957373e-01,-1.173128e+00,-1.396126e+00,4.611285e+00,3.376032e+00,-2.361701e+00,-1.639826e+00,1.023303e-01,-1.535329e+00,3.177074e+00,3.620174e+00,1.836145e-01,1.507527e+00,-3.056097e-01,-2.464033e+00,-2.522675e-01,-1.624348e-01,-8.612161e-02,-5.286865e-01,-5.824350e-01,-5.361471e-01,-2.293427e-01,1.297149e-01,8.380871e-02,-2.412603e-02,-1.356382e-02,2.081813e-02,7.219076e-04,3.407205e-02,1.112472e-02,4.278594e-02,7.609873e-02,-3.248883e+00,-2.637151e-02,1.874148e+02,1.388276e-02,5.217021e-03,4.108892e-02,-1.583705e+01,9.987883e-04,-2.871724e-04,3.395651e-03
1092,10.920000,6.246204e-01,-1.465543e+01,2.616874e+00,-2.503510e+01,-3.109804e+01,-1.547188e+00,-2.047232e+01,-5.887957e+00,1.520180e+00,1.070089e+01,8.994430e+00,-2.477193e+01,1.637736e+00,1.137599e+01,2.255619e+00,-8.808578e+00,-2.537573e+00,2.589683e-01,1.289012e+00,9.176336e-01,1.459921e+00,-9.342830e-01,-1.838946e+00,-2.232155e+00,4.214193e-01,5.099811e-01,8.549628e-01,1.005184e+00,1.118532e+00,1.443132e+00,1.680174e+00,2.344719e+00,1.934411e+02,7.814206e-01,-2.969484e-01,-2.944459e+00,-1.486865e+00,8.002238e+00,3.472029e+00,-1.928334e+00,-3.005791e-03,-1.784536e+00,-2.325911e+00,3.575143e+00,2.460876e+00,1.600638e+00,1.789005e+00,5.782873e-01,-2.879258e-01,-1.521237e+00,-2.635550e-01,-3.008409e-01,-8.773615e-01,-9.749660e-01,-9.000489e-01,-6.757102e-01,-2.073861e-01,1.418095e-02,-4.032562e-02,-2.489200e-02,1.734812e-02,5.276561e-04,4.520593e-02,2.623564e-02,6.627665e-02,1.351934e-01,-2.977525e+00,-2.539705e-02,1.822583e+02,1.568451e-02,6.868958e-03,9.146699e-02,-2.108593e+01,-1.248628e-03,-6.266900e-04,1.903039e-03
1093,10.930000,3.161688e-01,-1.873023e+01,1.556485e+00,-1.372012e+01,-2.801600e+01,-3.506886e+00,-2.046444e+01,-9.078509e+00,-9.808628e-01,1.531672e+01,9.225324e+00,-2.158292e+01,2.901095e+00,1.281715e+01,3.665804e+00,-1.170440e+01,-2.806743e+00,-7.403693e-02,2.374237e-01,-3.911928e-01,2.674953e-01,-1.976788e+00,-2.383364e+00,-2.283056e+00,3.699257e-01,4.720774e-01,8.775931e-01,1.012497e+00,1.203616e+00,1.498266e+00,1.792835e+00,2.620054e+00,1.907582e+02,7.410975e-01,-2.185934e-01,-4.248009e+00,-1.578025e+00,9.097705e+00,3.706156e+00,-1.978011e+00,2.269439e+00,-2.331376e+00,-2.597140e+00,1.491610e+00,1.172022e+00,2.906790e+00,7.589414e-01,3.895568e-01,1.838734e+00,-3.320816e+00,-3.594866e-01,-5.375045e-01,-1.083052e+00,-1.174295e+00,-1.163558e+00,-8.807670e-01,-3.994599e-01,-6.598661e-02,-4.197147e-02,-2.593973e-02,2.189618e-03,-2.266073e-03,4.756291e-02,4.052787e-02,4.810511e-02,8.876884e-02,-2.379440e+00,-1.737104e-02,1.196347e+02,1.132970e-02,5.650217e-03,8.295223e-02,-1.950766e+01,-3.923094e-03,-1.450148e-03,-7.300273e-04
1094,10.940000,1.481471e-01,-2.467940e+01,-4.323843e-01,-3.650546e+00,-2.356543e+01,-4.072172e+00,-1.611159e+01,-1.387891e+01,-3.109550e+00,1.325694e+01,1.009223e+01,-1.695754e+01,2.814755e+00,1.629321e+01,8.236457e+00,-1.763416e+01,-3.330914e+00,-9.456804e-01,-1.223467e+00,-1.785774e+00,-1.060725e+00,-3.088140e+00,-3.051628e+00,-2.408608e+00,3.171352e-01,4.438887e-01,8.860638e-01,1.006087e+00,1.238923e+00,1.553468e+00,1.831926e+00,2.634554e+00,1.887375e+02,7.376740e-01,-6.659511e-02,-4.314841e+00,-1.681554e+00,7.105157e+00,3.797858e+00,-2.749160e+00,3.597687e+00,-1.531040e+00,-2.747410e+00,-1.153996e+00,1.141965e+00,3.413260e+00,-5.481308e-01,-8.488671e-01,2.249788e+00,-3.285781e+00,-3.983103e-01,-6.296397e-01,-1.022962e+00,-1.068128e+00,-1.170361e+00,-7.334496e-01,-3.263357e-01,-1.203571e-01,-3.232403e-02,-1.960158e-02,-1.185311e-02,-6.207335e-03,3.691553e-02,4.553219e-02,-1.636565e-03,1.607385e-02,-1.850893e+00,6.347895e-06,1.196004e+02,4.219086e-03,2.801524e-03,5.728005e-02,-2.652710e-01,-4.269872e-03,-1.938813e-03,6.775081e-04
1095,10.950000,2.478067e-01,-2.917764e+01,-2.592413e+00,2.131313e+00,-1.905037e+01,-8.801446e+00,-1.045201e+01,-1.217777e+01,-6.298111e+00,1.039621e+01,1.007641e+01,-1.366718e+01,8.801327e-01,1.164606e+01,1.116745e+01,-2.225786e+01,-3.821620e+00,-1.725975e+00,-2.192499e+00,-2.842923e+00,-2.407827e+00,-3.681419e+00,-3.163510e+00,-2.583935e+00,3.030189e-01,4.350181e-01,8.416964e-01,9.955916e-01,1.279497e+00,1.608874e+00,1.763316e+00,2.519262e+00,1.876232e+02,7.403064e-01,2.432807e-02,-2.790469e+00,-1.118784e+00,3.526152e+00,2.303742e+00,-3.680611e+00,3.472340e+00,2.245898e-01,-2.294939e+00,-1.578262e+00,1.660511e+00,1.771811e+00,-1.019258e+00,-2.444373e+00,1.350007e+00,-8.239643e-01,-2.690260e-01,-4.436887e-01,-5.637177e-01,-6.406059e-01,-8.626111e-01,-3.956156e-01,-1.045172e-01,-1.067554e-01,-1.310136e-02,-9.075603e-03,-2.923766e-02,-1.067011e-02,1.518703e-02,2.735809e-02,-2.767422e-02,-3.998401e-02,-1.707486e+00,1.758735e-02,1.212055e+02,0,0,5.453226e-02,1.764519e+01,-1.412599e-03,-6.400853e-04,3.074178e-02
1096,10.960000,3.258260e-01,-3.100593e+01,-3.716449e+00,2.564966e+00,-1.659156e+01,-1.264571e+01,-7.490101e+00,-1.199353e+01,-9.558246e+00,7.391165e+00,1.427871e+01,-1.166350e+01,-9.243699e-02,7.717200e+00,9.753736e+00,-1.996076e+01,-4.021686e+00,-2.063261e+00,-2.610839e+00,-3.197144e+00,-3.054224e+00,-3.749216e+00,-3.080551e+00,-2.683501e+00,2.932526e-01,4.305029e-01,8.136455e-01,9.826000e-01,1.265169e+00,1.615489e+00,1.686751e+00,2.475485e+00,1.857541e+02,7.818480e-01,4.977548e-02,-4.803404e-01,-1.171556e-01,-2.474787e-01,-4.049831e-01,-3.453632e+00,1.894150e+00,1.566758e+00,-2.945331e-01,3.189125e-02,1.386868e+00,-4.840804e-01,-9.012666e-01,-2.647681e+00,3.878683e-01,1.828134e+00,-8.579173e-02,-6.553614e-02,8.210623e-02,-8.234441e-02,-3.025898e-01,-4.822233e-02,6.333737e-02,-4.731941e-02,5.549532e-03,-5.083978e-05,-2.768017e-02,-8.458847e-03,1.022577e-03,8.305443e-03,-4.942286e-03,-2.298617e-03,-1.795233e+00,2.476634e-02,1.801466e+02,0,0,1.090645e-01,1.686401e+01,1.984298e-03,1.451704e-03,4.385139e-02
1097,10.970000,3.489697e-01,-2.951931e+01,-2.395403e+00,8.028881e-01,-1.998423e+01,-1.762317e+01,-7.413480e+00,-8.898250e+00,-9.231209e+00,1.035829e+01,1.543464e+01,-1.537088e+01,-7.415974e-01,4.883296e+00,9.657201e+00,-1.466093e+01,-3.806487e+00,-1.733690e+00,-1.887479e+00,-2.888538e+00,-3.048811e+00,-3.624329e+00,-2.891489e+00,-2.679387e+00,3.163603e-01,4.333923e-01,7.676139e-01,9.708899e-01,1.266429e+00,1.604045e+00,1.727051e+00,2.499669e+00,1.837124e+02,8.069473e-01,1.611847e-02,1.739583e+00,9.831333e-01,-3.665893e+00,-2.826644e+00,-1.517756e+00,4.294072e-01,2.394500e+00,2.831429e+00,1.192472e+00,1.806340e-01,-2.890079e+00,-8.079005e-01,-1.429976e+00,3.408810e-01,2.930613e+00,8.231132e-02,2.871196e-01,6.715745e-01,4.718288e-01,3.522564e-01,2.585914e-01,1.472327e-01,2.458177e-02,2.125804e-02,1.197242e-02,-1.132683e-02,6.783187e-04,-4.727709e-03,-9.852409e-04,6.820438e-02,4.905112e-02,-1.944043e+00,2.411347e-02,1.775876e+02,6.376248e-03,3.850553e-03,2.107689e-01,1.022453e+01,3.518484e-03,3.088785e-03,4.794106e-02
1098,10.980000,3.464430e-01,-2.691026e+01,-1.116667e+00,-4.223727e+00,-2.512342e+01,-1.692947e+01,-8.160100e+00,-7.684878e+00,-3.115666e+00,1.343535e+01,1.434745e+01,-1.852609e+01,-8.807130e-01,6.436190e+00,1.093092e+01,-1.229196e+01,-3.767440e+00,-1.269504e+00,-9.654462e-01,-2.174689e+00,-2.253182e+00,-3.357797e+00,-2.870952e+00,-2.597480e+00,3.382122e-01,4.444474e-01,7.847042e-01,9.761436e-01,1.250571e+00,1.597409e+00,1.825347e+00,2.632857e+00,1.817167e+02,8.281853e-01,1.824822e-02,3.252638e+00,1.567426e+00,-6.320805e+00,-3.536534e+00,1.162207e+00,1.059905e-01,3.467344e+00,5.184185e+00,5.497314e-01,-1.458266e+00,-3.576827e+00,-1.014928e+00,-9.562606e-01,9.435197e-01,1.899851e+00,1.721886e-01,4.565147e-01,9.988841e-01,8.732342e-01,8.444737e-01,5.396576e-01,2.310098e-01,8.179402e-02,3.410641e-02,2.282181e-02,8.858752e-03,9.792656e-03,3.920925e-03,3.377795e-04,1.005174e-01,6.066182e-02,-1.869865e+00,1.642184e-02,1.757294e+02,1.095245e-02,8.134768e-03,1.984187e-01,-1.647305e+00,1.954732e-03,2.906151e-03,3.277228e-02
1099,10.990000,3.180905e-01,-2.252756e+01,1.023363e+00,-1.280380e+01,-2.891767e+01,-1.424834e+01,-7.969971e+00,-2.359594e+00,4.637744e+00,1.333647e+01,1.094521e+01,-2.468627e+01,-2.765232e+00,5.136686e+00,1.228326e+01,-1.143919e+01,-3.537187e+00,-6.872560e-01,3.426769e-01,-9.950067e-01,-1.047065e+00,-2.584171e+00,-2.532146e+00,-2.504037e+00,3.868293e-01,4.879079e-01,7.995329e-01,1.002211e+00,1.263158e+00,1.612988e+00,2.035040e+00,2.685831e+00,1.799217e+02,8.377051e-01,5.267099e-02,3.723792e+00,1.546945e+00,-8.063019e+00,-2.446750e+00,3.350810e+00,7.426925e-02,3.953148e+00,5.045389e+00,-2.209112e+00,-1.694218e+00,-2.828314e+00,-1.291444e+00,-8.825947e-01,6.663559e-01,5.340203e-01,1.898321e-01,4.269699e-01,9.827010e-01,1.052340e+00,1.064901e+00,7.747346e-01,3.201836e-01,7.727222e-02,3.748429e-02,2.809500e-02,2.338197e-02,1.284632e-02,1.196814e-03,1.618016e-03,6.080335e-02,1.086419e-02,-1.717816e+00,1.139331e-02,1.745367e+02,1.211619e-02,1.137654e-02,2.495605e-01,-1.261671e+00,-5.200097e-04,1.019196e-03,9.972408e-03
1100,11.000000,4.325067e-01,-1.823862e+01,2.411298e+00,-2.223571e+01,-2.980751e+01,-8.522090e+00,-6.681903e+00,2.073865e+00,9.428203e+00,8.650734e+00,9.232100e+00,-2.488994e+01,-4.155258e+00,2.809202e+00,1.315830e+01,-1.207237e+01,-3.295393e+00,-3.039046e-01,1.268504e+00,2.222617e-01,1.672713e-01,-1.571007e+00,-2.105174e+00,-2.362205e+00,4.285501e-01,5.173541e-01,8.419798e-01,1.015903e+00,1.286409e+00,1.612707e+00,2.035344e+00,2.685713e+00,1.783001e+02,8.485783e-01,7.681192e-02,3.241631e+00,1.160712e+00,-7.715094e+00,-1.370280e+00,3.607871e+00,3.439816e-01,3.719345e+00,2.942401e+00,-4.414660e+00,-1.367693e+00,-1.649076e+00,-9.070272e-01,-7.526065e-01,2.289048e-01,-6.675120e-02,1.767719e-01,2.637928e-01,7.789087e-01,9.802351e-01,9.450806e-01,7.905108e-01,3.542458e-01,5.768604e-02,3.613750e-02,2.559558e-02,2.336344e-02,6.893754e-03,6.297660e-03,1.063430e-03,-1.050591e-04,-3.799319e-02,-1.551643e+00,6.831044e-03,1.734355e+02,6.903686e-03,1.076776e-02,2.535301e-01,-1.053125e+00,-1.684728e-03,-8.307375e-04,-9.831470e-03
1101,11.010000,5.692928e-01,-1.523617e+01,3.575340e+00,-3.050621e+01,-2.987593e+01,-5.072815e+00,-7.781232e+00,5.988121e+00,9.723800e+00,1.705042e+00,9.521228e+00,-2.633053e+01,-5.561543e+00,2.283817e+00,1.187529e+01,-1.210062e+01,-3.093350e+00,-8.163977e-02,1.909051e+00,1.174688e+00,1.065468e+00,-6.440505e-01,-1.673460e+00,-2.410663e+00,4.586128e-01,5.374139e-01,8.558860e-01,1.015242e+00,1.254494e+00,1.604486e+00,1.926070e+00,2.527562e+00,1.768316e+02,8.537173e-01,5.087661e-02,1.984132e+00,5.828534e-01,-5.673111e+00,-8.159212e-01,2.677168e+00,2.921531e-01,2.330788e+00,6.115678e-01,-5.291273e+00,-1.038878e+00,-5.513378e-01,-1.945496e-04,3.596528e-01,-1.716614e-01,-1.073193e-01,9.984710e-02,4.324151e-02,4.647459e-01,6.975816e-01,6.241053e-01,5.663121e-01,2.523877e-01,1.406784e-02,2.804848e-02,1.850692e-02,2.137461e-02,2.133191e-03,1.626488e-02,9.189260e-03,-1.923726e-02,-4.640608e-02,-1.416653e+00,3.110904e-03,1.724262e+02,5.800582e-03,7.630035e-03,2.330752e-01,-1.011693e+00,-1.479130e-03,-2.098124e-03,-4.640650e-02
1102,11.020000,6.049014e-01,-1.434780e+01,3.410903e+00,-3.394799e+01,-3.149569e+01,-3.477880e+00,-6.534561e+00,6.737991e+00,9.053309e+00,-2.822232e+00,8.220976e+00,-2.594934e+01,-4.017694e+00,4.099592e+00,1.227944e+01,-1.229500e+01,-3.105498e+00,-2.533481e-01,2.145910e+00,1.641639e+00,1.415954e+00,-3.753035e-01,-1.529066e+00,-2.355736e+00,4.830080e-01,5.476723e-01,8.733449e-01,1.004097e+00,1.286391e+00,1.606977e+00,1.879307e+00,2.522026e+00,1.755035e+02,8.543344e-01,-2.444147e-02,7.781454e-01,8.204057e-02,-2.718496e+00,-8.582531e-01,9.791788e-01,7.333894e-01,7.195695e-01,-5.170134e-01,-4.278113e+00,-1.493555e+00,1.744673e-01,6.093837e-01,1.430688e+00,1.290141e-01,1.958427e-01,3.058176e-02,-1.121469e-01,2.191499e-01,3.690583e-01,2.636304e-01,2.325233e-01,9.060442e-02,2.162461e-02,2.050145e-02,1.344201e-02,1.627593e-02,1.588869e-03,3.515134e-02,1.757039e-02,1.770641e-02,6.594658e-04,-1.324643e+00,-5.238831e-04,1.715191e+02,5.686615e-03,5.854334e-03,1.575039e-01,-1.048619e+00,-8.954512e-04,-1.997049e-03,-5.595443e-02
1103,11.030000,4.862762e-01,-1.455231e+01,3.437827e+00,-3.531322e+01,-3.215319e+01,-3.384609e+00,-6.582876e+00,6.962284e+00,7.883030e+00,-7.383411e+00,6.256379e+00,-2.691326e+01,-2.834987e+00,6.289755e+00,1.186439e+01,-1.186447e+01,-3.132898e+00,-4.963268e-01,2.227703e+00,1.783213e+00,1.449120e+00,-3.504623e-01,-1.558262e+00,-2.436932e+00,4.998427e-01,5.652834e-01,8.907235e-01,1.018780e+00,1.344491e+00,1.661799e+00,2.016872e+00,2.535644e+00,1.742367e+02,8.503816e-01,-8.327446e-02,-1.052115e-01,-2.952653e-01,-2.970859e-01,-1.125261e+00,-1.037772e-01,1.286147e+00,-4.518036e-01,-8.437862e-01,-2.215582e+00,-1.647222e+00,1.138559e+00,8.904672e-01,1.521826e+00,1.023940e+00,1.742348e-01,-5.205996e-02,-1.708819e-01,3.659978e-02,1.100522e-01,5.610967e-03,-5.746905e-02,-6.959590e-02,4.596381e-02,1.195403e-02,7.789182e-03,7.484180e-03,-8.251071e-04,2.788668e-02,1.269758e-02,1.636906e-02,3.795359e-02,-1.275005e+00,-2.026111e-03,1.704365e+02,5.329078e-03,3.342633e-03,6.554105e-02,-1.126094e+00,-4.443399e-04,-9.149178e-04,-4.907170e-02
1104,11.040000,3.518077e-01,-1.468982e+01,2.890257e+00,-3.342469e+01,-3.296015e+01,-4.470299e+00,-3.614135e+00,5.184630e+00,7.763521e+00,-8.195602e+00,3.396751e+00,-2.372624e+01,-2.471618e+00,7.959671e+00,1.380882e+01,-1.121123e+01,-3.122710e+00,-6.572956e-01,2.204927e+00,1.763291e+00,1.293598e+00,-5.551842e-01,-1.709751e+00,-2.240947e+00,5.104424e-01,5.706294e-01,9.059407e-01,1.022078e+00,1.417167e+00,1.671903e+00,2.078475e+00,2.684969e+00,1.729744e+02,8.476267e-01,-8.138354e-02,-5.835988e-01,-3.622380e-01,1.325474e+00,-1.473785e+00,-6.876802e-01,1.743010e+00,-1.132085e+00,-1.611054e+00,-2.793492e-01,-1.555738e+00,1.440070e+00,6.593707e-01,9.372042e-01,1.266270e+00,-5.574312e-02,-7.632826e-02,-1.376823e-01,-7.304128e-02,-3.584028e-02,-1.374060e-01,-2.654801e-01,-1.754444e-01,4.584253e-02,1.649085e-03,4.703945e-03,-6.211728e-03,-1.445007e-03,1.239538e-04,1.043888e-02,-3.718114e-03,3.343673e-02,-1.255760e+00,-2.981544e-03,1.691873e+02,2.662182e-03,2.926214e-03,5.752506e-02,-1.198025e+00,6.431743e-04,-3.382873e-05,-2.163107e-02
1105,11.050000,2.794673e-01,-1.559122e+01,2.359336e+00,-3.225329e+01,-3.477000e+01,-5.095492e+00,-2.810709e+00,4.505783e+00,6.149763e+00,-6.686184e+00,3.697229e+00,-2.174928e+01,-1.882245e+00,7.962907e+00,1.623030e+01,-1.177133e+01,-3.345044e+00,-7.340753e-01,2.062542e+00,1.664124e+00,1.154702e+00,-8.414555e-01,-1.931097e+00,-2.238238e+00,5.046657e-01,5.648813e-01,8.770090e-01,1.002126e+00,1.328539e+00,1.635511e+00,1.908331e+00,2.635858e+00,1.717212e+02,8.469406e-01,-3.847836e-02,-9.988168e-01,-3.136053e-01,2.061345e+00,-2.178033e+00,-6.875296e-01,2.241902e+00,-1.658018e+00,-2.552371e+00,1.030882e+00,-1.395575e+00,1.144834e+00,9.130877e-01,2.185825e-01,1.392310e+00,-4.108882e-01,-1.046137e-01,-1.214036e-01,-1.452452e-01,-9.802011e-02,-1.982925e-01,-4.379693e-01,-2.464307e-01,9.837961e-03,-5.986515e-03,1.565748e-03,-2.404495e-02,-6.433988e-03,-4.109637e-02,-8.087695e-03,-4.311069e-02,-4.660010e-03,-1.236415e+00,-8.141195e-03,1.679616e+02,5.091100e-03,4.519506e-03,3.770615e-02,-1.178358e+00,2.160484e-03,6.833278e-04,5.231069e-03
1106,11.060000,3.013882e-01,-1.674634e+01,2.138958e+00,-2.885059e+01,-3.755620e+01,-6.060840e+00,2.944039e-01,2.305815e+00,1.864671e+00,-4.567592e+00,1.721860e+00,-2.133098e+01,-1.197212e+00,7.949037e+00,1.642783e+01,-1.262029e+01,-3.381067e+00,-8.228855e-01,1.863284e+00,1.521982e+00,8.761333e-01,-1.457208e+00,-2.219870e+00,-2.225871e+00,4.888419e-01,5.713931e-01,8.491435e-01,1.005199e+00,1.294987e+00,1.672315e+00,1.914987e+00,2.639102e+00,1.704825e+02,8.411471e-01,5.851029e-02,-1.090785e+00,-9.600320e-02,1.903129e+00,-1.933796e+00,1.880631e-01,2.299195e+00,-1.044160e+00,-3.378181e+00,3.915684e-01,-1.153290e+00,2.246456e-02,1.008860e+00,-6.143113e-01,7.772570e-01,-7.652148e-01,-7.131536e-02,-1.509445e-01,-1.653813e-01,-8.256419e-02,-1.942917e-01,-4.438559e-01,-2.315276e-01,-6.600418e-02,-5.886674e-03,2.934188e-03,-2.985561e-02,-8.332008e-03,-5.566003e-02,-1.474622e-02,-2.223536e-02,-3.300147e-02,-1.132256e+00,-2.198488e-02,1.667664e+02,9.021475e-03,5.096754e-03,6.326603e-02,-1.203022e+01,2.148270e-03,5.313451e-05,9.315372e-03
1107,11.070000,3.190941e-01,-1.851814e+01,2.245450e+00,-2.729355e+01,-4.074532e+01,-6.026987e+00,2.672363e+00,1.116002e-01,-1.929398e+00,-4.043007e+00,1.159506e-01,-2.238672e+01,1.093248e+00,7.387985e+00,1.751644e+01,-1.321439e+01,-3.526789e+00,-1.020550e+00,1.672299e+00,1.413767e+00,6.663895e-01,-2.089297e+00,-2.535355e+00,-2.395281e+00,4.807104e-01,5.727303e-01,7.988973e-01,9.950495e-01,1.200100e+00,1.621154e+00,1.883062e+00,2.535277e+00,1.693006e+02,8.129154e-01,9.199430e-02,-8.685656e-01,-2.570066e-01,1.024027e+00,-4.536408e-01,1.404275e+00,1.989179e+00,3.283158e-01,-3.038208e+00,-9.251269e-01,-2.739784e-01,2.662167e-01,4.328838e-01,-5.436718e-01,2.665674e-01,-8.682235e-01,-6.935577e-02,-2.277635e-01,-1.856613e-01,-4.913676e-02,-1.375021e-01,-2.349366e-01,-1.063653e-01,-9.877024e-02,2.799699e-03,5.837989e-03,-1.899607e-02,-1.074687e-02,-3.095125e-02,-2.768260e-02,-6.571913e-03,-2.554607e-02,-9.088516e-01,-3.559851e-02,1.657551e+02,1.295185e-02,5.674002e-03,8.882591e-02,-2.826472e+01,-2.573580e-05,-8.906488e-04,1.840574e-03
1108,11.080000,6.245458e-01,-1.868029e+01,2.467184e+00,-2.638892e+01,-3.964147e+01,-3.064236e+00,5.140304e+00,2.160923e+00,-5.087803e+00,-7.559349e+00,-5.790601e-01,-2.329519e+01,1.084935e+00,5.175575e+00,1.705204e+01,-1.431578e+01,-3.388415e+00,-1.268781e+00,1.573142e+00,1.475648e+00,5.662951e-01,-2.150543e+00,-2.565260e+00,-2.492447e+00,4.929867e-01,5.813758e-01,7.957185e-01,9.839560e-01,1.203086e+00,1.605350e+00,1.979932e+00,2.570252e+00,1.685234e+02,7.547150e-01,8.550699e-02,-7.308800e-01,-5.881912e-01,3.152058e-01,1.269589e+00,2.356697e+00,1.704089e+00,1.929174e+00,-2.352142e+00,-1.775637e+00,1.132159e+00,9.968001e-01,-4.058732e-01,-1.676803e-01,-1.191587e-01,-1.030973e+00,-1.114060e-01,-3.180334e-01,-2.322153e-01,-5.560635e-02,-1.042991e-01,-1.562529e-02,1.007712e-02,-1.060594e-01,1.361367e-02,8.263660e-03,1.907694e-03,-1.399509e-02,6.136847e-03,-2.016022e-02,8.173918e-03,4.665875e-03,-5.796112e-01,-4.704656e-02,1.101394e+02,9.473158e-03,2.614639e-03,7.854204e-02,-4.443364e+01,-2.625822e-03,-1.456019e-03,-1.760870e-02
1109,11.090000,5.778601e-01,-1.896707e+01,9.101906e-01,-2.836399e+01,-3.599557e+01,4.275800e-01,4.712237e+00,6.219808e+00,-5.565039e+00,-9.815940e+00,3.477797e+00,-1.943609e+01,-8.588991e-01,6.631279e+00,1.725103e+01,-1.526470e+01,-3.688149e+00,-1.649945e+00,1.279306e+00,1.441607e+00,6.221102e-01,-1.669471e+00,-2.290229e+00,-2.598801e+00,5.165918e-01,5.890799e-01,8.087412e-01,9.590133e-01,1.219733e+00,1.530581e+00,1.842999e+00,2.542553e+00,1.681565e+02,7.121641e-01,7.092416e-03,-8.062674e-01,-1.260025e+00,4.162090e-01,2.086804e+00,2.274921e+00,1.564585e+00,2.423347e+00,-1.341685e+00,-1.088294e+00,2.425406e+00,2.559706e+00,-9.465114e-01,9.713179e-01,-5.879029e-01,-7.899946e-01,-2.119187e-01,-3.770763e-01,-3.195263e-01,-1.344650e-01,-1.445360e-01,7.643813e-02,7.124045e-02,-4.782567e-02,1.481872e-02,1.431358e-02,2.501944e-02,4.840481e-03,5.409835e-02,2.600371e-02,4.487776e-02,3.928084e-02,-2.655167e-01,-4.251865e-02,5.495150e+01,4.736579e-03,1.307319e-03,3.927102e-02,-4.416497e+01,-3.537685e-03,-1.396264e-03,-2.561939e-02
1110,11.100000,5.995402e-01,-2.017627e+01,-1.343679e-01,-2.673933e+01,-3.358313e+01,2.495362e+00,7.794913e+00,8.897582e+00,-8.078218e+00,-1.055931e+01,5.701731e+00,-1.782229e+01,-2.250504e+00,7.488988e+00,1.596474e+01,-1.674999e+01,-3.857416e+00,-2.098355e+00,8.987042e-01,1.230030e+00,3.767775e-01,-1.745247e+00,-2.292048e+00,-2.654408e+00,5.389695e-01,6.045366e-01,8.537601e-01,9.532418e-01,1.315854e+00,1.616801e+00,1.975888e+00,2.658794e+00,1.681565e+02,6.562899e-01,-8.334030e-02,-1.655396e+00,-1.690385e+00,1.720822e+00,1.661087e+00,1.083455e+00,1.952607e+00,1.132688e+00,3.725524e-02,3.485455e-01,2.957301e+00,2.994030e+00,-8.801410e-01,1.415967e+00,-2.302217e-01,-4.300442e-01,-3.422872e-01,-4.388422e-01,-4.776595e-01,-3.484713e-01,-3.247345e-01,-1.326142e-01,-6.397517e-02,-6.457376e-03,4.339796e-03,1.252243e-02,2.338017e-02,1.551760e-02,3.971463e-02,4.863063e-02,3.724166e-02,2.660978e-02,-7.337952e-02,-7.401829e-02,0,0,0,0,-2.752304e+01,-2.368290e-03,-6.536597e-04,-1.963551e-02
1111,11.110000,3.670590e-01,-2.180148e+01,-2.753897e+00,-2.503729e+01,-3.334047e+01,2.567822e+00,9.167985e+00,8.860008e+00,-7.142617e+00,-7.984496e+00,9.102586e+00,-1.232464e+01,-1.971589e+00,1.108787e+01,1.512057e+01,-1.594725e+01,-4.351882e+00,-2.491144e+00,4.118860e-01,8.642510e-01,3.846826e-02,-1.909754e+00,-2.315759e+00,-2.553429e+00,5.318125e-01,6.327178e-01,8.949738e-01,1.034609e+00,1.414207e+00,1.745448e+00,2.109473e+00,2.687411e+00,1.681565e+02,6.495346e-01,-1.035370e-01,-2.736061e+00,-2.079726e+00,3.615538e+00,1.895300e+00,-9.136502e-01,1.265227e+00,-3.417799e-01,1.378759e+00,1.642679e+00,2.081217e+00,2.761524e+00,-3.559857e-01,1.224292e-01,7.323103e-02,4.282299e-01,-4.351813e-01,-5.043766e-01,-6.995565e-01,-6.986184e-01,-6.565586e-01,-3.915529e-01,-2.006163e-01,-8.066749e-03,-1.607794e-02,5.628777e-03,1.131057e-02,2.707363e-02,2.595634e-02,4.751903e-02,4.251068e-02,1.503313e-02,0,-8.187944e-02,0,0,0,0,-1.099030e+01,-9.473158e-04,-2.614639e-04,-7.854204e-03
1112,11.120000,3.132448e-01,-2.554007e+01,-4.152696e+00,-1.944816e+01,-3.266358e+01,1.282918e+00,1.267546e+01,6.504261e+00,-4.112738e+00,-6.732343e+00,1.139505e+01,-1.188077e+01,-2.759425e+00,1.002712e+01,1.696616e+01,-1.612473e+01,-4.767984e+00,-3.042392e+00,-3.814453e-01,2.196948e-02,-7.655563e-01,-2.693472e+00,-2.872370e+00,-2.547420e+00,5.070753e-01,6.221690e-01,8.695030e-01,1.023746e+00,1.304422e+00,1.741070e+00,2.032903e+00,2.630872e+00,1.681565e+02,4.159382e-01,-1.099667e-01,-3.710958e+00,-2.172537e+00,5.377662e+00,2.948410e+00,-3.366521e+00,-3.769976e-01,-1.267601e+00,2.281719e+00,1.506575e+00,6.949546e-01,1.788237e+00,7.367764e-02,-1.645075e+00,1.375376e-01,1.218533e+00,-4.454495e-01,-5.377420e-01,-9.013464e-01,-1.051305e+00,-1.022216e+00,-5.539383e-01,-2.810310e-01,-5.337856e-02,-3.930887e-02,-9.508550e-03,-1.877795e-02,1.465551e-02,6.876218e-03,-3.373587e-03,-2.842441e-02,-1.721964e-02,0,-1.128893e-01,0,0,0,0,0,0,0,0
1113,11.130000,2.033228e-01,-2.996548e+01,-7.479275e+00,-1.393189e+01,-2.697885e+01,-3.534449e+00,8.598095e+00,5.707569e+00,-6.539845e-01,-3.516026e+00,1.103722e+01,-8.599235e+00,-2.384367e+00,5.974361e+00,1.711648e+01,-1.343619e+01,-5.408772e+00,-3.699809e+00,-1.578401e+00,-1.447455e+00,-2.089516e+00,-3.153123e+00,-3.003149e+00,-2.692629e+00,4.521492e-01,6.084076e-01,8.574225e-01,1.059129e+00,1.355231e+00,1.706041e+00,2.027045e+00,2.631679e+00,1.681565e+02,4.229428e-01,-6.301910e-02,-3.833546e+00,-2.059648e+00,6.142018e+00,3.985616e+00,-5.102460e+00,-1.883540e+00,-1.396976e+00,1.994129e+00,1.207951e+00,-8.693783e-01,8.608440e-01,6.771352e-01,-3.791059e+00,-3.862680e-01,1.076384e+00,-3.653688e-01,-4.733053e-01,-9.458437e-01,-1.199951e+00,-1.203593e+00,-5.528916e-01,-2.184804e-01,-7.234502e-02,-5.324757e-02,-2.190382e-02,-3.544430e-02,1.490974e-03,1.870737e-02,-3.711069e-02,-5.991584e-02,-1.834292e-02,0,-7.119432e-02,0,0,0,0,0,0,0,0
1114,11.140000,1.315747e-01,-3.464906e+01,-8.634362e+00,-5.403725e+00,-2.202189e+01,-1.128611e+01,6.194870e+00,4.135799e+00,8.605997e-02,-5.260670e+00,8.209186e+00,-1.074381e+01,-1.675727e+00,1.820369e+00,1.565448e+01,-1.191286e+01,-5.556219e+00,-4.182733e+00,-2.612884e+00,-2.870642e+00,-3.670310e+00,-3.893254e+00,-3.353508e+00,-2.851701e+00,3.822568e-01,5.691490e-01,7.786459e-01,1.014259e+00,1.379724e+00,1.619636e+00,1.874981e+00,2.600561e+00,1.681565e+02,2.051395e-01,-3.085797e-02,-2.834334e+00,-1.924259e+00,5.360465e+00,4.260432e+00,-5.250972e+00,-2.951272e+00,-8.865075e-01,1.109273e+00,-2.688977e-01,-1.099370e+00,9.713075e-01,1.146457e+00,-3.536732e+00,-1.120798e+00,1.031555e+00,-2.107770e-01,-3.155606e-01,-7.887475e-01,-1.022758e+00,-1.058456e+00,-3.047850e-01,-4.860454e-02,-5.184841e-03,-6.252825e-02,-2.084093e-02,-3.579736e-02,8.430493e-03,3.832134e-02,-3.229028e-02,-7.397834e-02,-2.269559e-02,0,-4.974782e-03,0,0,0,0,0,0,0,0
1115,11.150000,1.427985e-01,-3.641471e+01,-1.081130e+01,-1.349419e+00,-1.873324e+01,-1.665996e+01,2.990583e+00,3.059361e+00,7.286313e-01,-2.680578e+00,6.348625e+00,-8.588901e+00,8.722382e-01,-3.764051e+00,1.384507e+01,-1.267126e+01,-5.784608e+00,-4.287501e+00,-3.201613e+00,-3.689200e+00,-4.527119e+00,-4.074321e+00,-3.167592e+00,-2.763014e+00,3.279839e-01,5.497087e-01,7.631808e-01,1.046807e+00,1.470094e+00,1.620611e+00,1.888855e+00,2.610852e+00,1.681565e+02,3.989624e-01,2.284487e-03,-1.505201e+00,-1.560458e+00,3.609260e+00,2.737877e+00,-4.544830e+00,-2.511911e+00,-1.659556e-01,1.017348e+00,-9.579515e-02,-6.546001e-02,1.458285e+00,1.318336e+00,-2.745712e+00,-1.382969e-01,6.210201e-01,-1.367143e-01,-1.007017e-01,-4.426364e-01,-6.552698e-01,-6.937129e-01,-9.834063e-02,8.901823e-02,8.508983e-02,-5.083755e-02,-1.986656e-02,-3.376492e-02,1.030223e-02,1.447095e-02,-1.993163e-02,-8.612712e-02,-5.410271e-02,0,5.783746e-02,0,0,0,0,0,0,0,0
1116,11.160000,1.892170e-01,-3.648712e+01,-1.210798e+01,1.062933e+00,-1.548423e+01,-1.840918e+01,7.228578e-01,3.395828e+00,7.423191e-01,-8.494555e+00,8.242494e+00,-7.029402e+00,1.344560e+00,-2.787334e+00,1.299787e+01,-1.134941e+01,-5.633951e+00,-4.326350e+00,-3.513577e+00,-3.970949e+00,-4.839034e+00,-3.756798e+00,-3.033172e+00,-2.538152e+00,2.565167e-01,5.473137e-01,7.376371e-01,1.072060e+00,1.438598e+00,1.622334e+00,1.732106e+00,2.527808e+00,1.681565e+02,4.030545e-01,2.255018e-02,-5.346306e-01,-1.118994e+00,1.539820e+00,1.370483e+00,-3.243352e+00,-1.811921e+00,4.442452e-01,1.477280e+00,1.150425e+00,9.946160e-01,2.453389e+00,9.971573e-01,-2.047858e+00,3.342179e-01,8.284000e-01,-1.473702e-01,4.716377e-02,-1.594710e-01,-3.349376e-01,-3.346385e-01,2.612197e-02,1.580625e-01,9.710493e-02,-2.996370e-02,-1.599957e-02,-2.065092e-02,1.589897e-02,-8.136213e-03,-8.413899e-03,-6.585301e-02,-5.436244e-02,0,1.059328e-01,0,0,0,0,0,0,0,0
1117,11.170000,1.859241e-01,-3.657245e+01,-1.354476e+01,8.810802e-01,-1.655830e+01,-2.269706e+01,-1.225452e+00,5.247777e+00,4.104628e+00,-2.378059e+00,1.069327e+01,-3.165017e+00,2.697167e+00,-5.450346e+00,1.775329e+01,-1.061281e+01,-6.053477e+00,-4.131509e+00,-3.341237e+00,-4.173650e+00,-4.973718e+00,-3.713054e+00,-2.718226e+00,-2.423954e+00,2.608316e-01,5.199924e-01,7.091023e-01,1.081740e+00,1.398148e+00,1.605034e+00,1.667846e+00,2.397542e+00,1.681565e+02,6.131726e-01,5.082236e-03,-3.152653e-01,-3.844012e-01,4.447218e-01,-4.216061e-02,-2.280432e+00,-6.263193e-01,5.373253e-01,1.761840e+00,2.128197e+00,1.068638e+00,2.217585e+00,5.942041e-01,-1.654639e+00,-2.189307e-01,3.355921e-01,-1.671705e-01,1.056928e-01,1.068766e-02,-1.265516e-01,-1.506405e-01,-4.854291e-02,7.924471e-02,3.163324e-02,1.312670e-03,-1.497030e-02,-1.309022e-02,2.394986e-03,-2.145243e-02,-9.830463e-03,-4.169843e-02,-3.659213e-02,0,6.967113e-02,0,0,0,0,0,0,0,0
1118,11.180000,2.227629e-01,-3.724335e+01,-1.286260e+01,1.180126e+00,-1.625694e+01,-2.448432e+01,-7.567193e-01,5.262817e+00,5.784463e+00,3.401963e-01,1.100994e+01,-1.188808e+00,2.397595e+00,-7.575774e+00,1.537146e+01,-8.800088e+00,-6.158636e+00,-4.024909e+00,-3.340427e+00,-4.303105e+00,-5.120203e+00,-3.943278e+00,-2.787878e+00,-2.535706e+00,2.660145e-01,5.040092e-01,7.024305e-01,1.076288e+00,1.375015e+00,1.585355e+00,1.656220e+00,2.435404e+00,1.681565e+02,6.276982e-01,-1.048843e-02,-5.043586e-01,1.023665e-01,-1.622087e-01,-6.047867e-01,-8.531912e-01,4.244283e-01,3.681222e-01,1.303019e+00,2.241036e+00,1.173124e-01,2.155615e+00,1.377369e-01,-1.941065e+00,-2.571602e+00,-6.820899e-01,-1.931154e-01,6.226485e-02,-1.298666e-03,-1.376529e-02,-8.539400e-02,-1.536582e-01,-5.553017e-02,-7.386687e-02,2.465170e-02,-8.295944e-03,3.250665e-03,-3.556883e-03,-4.421389e-03,-7.236481e-03,6.459677e-03,3.129196e-03,0,4.553678e-02,0,0,0,0,0,0,0,0
1119,11.190000,1.514368e-01,-3.761293e+01,-1.235600e+01,8.155938e-01,-1.855768e+01,-2.502455e+01,5.987753e-01,4.812493e+00,7.016758e+00,3.543029e+00,1.030809e+01,-4.212736e-01,3.316741e+00,-9.643028e+00,1.156363e+01,-1.226797e+01,-6.358119e+00,-3.909757e+00,-3.234750e+00,-4.155880e+00,-5.139737e+00,-4.223796e+00,-2.894016e+00,-2.606071e+00,3.297984e-01,4.965094e-01,7.153330e-01,1.056668e+00,1.394623e+00,1.589948e+00,1.718306e+00,2.474093e+00,1.681565e+02,6.349962e-01,-2.207964e-02,-4.771587e-01,2.366862e-01,-2.500748e-01,-6.749569e-01,1.738621e-01,3.786426e-01,5.335127e-01,5.114324e-01,1.236727e-01,4.477313e-01,1.091081e+00,6.196158e-02,-1.470321e+00,-4.249589e+00,-1.193266e+00,-1.486569e-01,3.423300e-02,-3.463512e-02,5.649209e-02,-7.304668e-02,-1.052613e-01,-1.583182e-01,-1.050400e-01,2.848273e-02,-1.226985e-03,1.764302e-02,-5.451560e-04,2.467326e-02,3.836453e-03,4.234798e-02,2.761273e-02,0,5.457640e-04,0,0,0,0,0,0,0,0
1120,11.200000,1.540185e-01,-3.848867e+01,-1.219053e+01,2.846333e-01,-1.750847e+01,-2.151139e+01,1.932886e+00,5.454081e+00,5.801350e+00,-2.499207e-01,9.021645e+00,2.376801e+00,1.723457e+00,-1.039632e+01,3.234694e+00,-1.393228e+01,-6.447207e+00,-4.125902e+00,-3.573314e+00,-4.048660e+00,-5.182994e+00,-4.269718e+00,-3.222928e+00,-2.816428e+00,3.452918e-01,5.175755e-01,7.507751e-01,1.066811e+00,1.418254e+00,1.593694e+00,1.739174e+00,2.505179e+00,1.681565e+02,6.198266e-01,-1.921535e-02,1.416121e+00,5.325397e-01,-2.265739e+00,-1.560939e+00,2.591521e+00,-5.109380e-01,1.887151e+00,-1.776830e-01,-1.042390e+00,1.307273e+00,-8.117773e-01,-1.420801e-02,6.283472e-01,-2.705653e+00,-6.381251e-01,6.018753e-02,2.033314e-01,3.212937e-01,4.605986e-01,3.920857e-01,2.721228e-01,1.545963e-02,1.026661e-02,2.497287e-02,3.087685e-03,2.539925e-02,1.519305e-02,4.924931e-02,1.878853e-02,7.804930e-02,2.449746e-02,7.724640e-01,4.756814e-03,0,0,0,0,1.430030e+01,0,0,0
1121,11.210000,1.098980e-01,-3.833558e+01,-1.269736e+01,7.845247e-02,-1.930732e+01,-2.331422e+01,-6.770418e-01,7.819708e+00,6.653347e+00,-1.464637e+00,1.392607e+01,5.075839e-01,3.344044e+00,-1.139168e+01,2.573726e+00,-1.401304e+01,-6.652476e+00,-3.909848e+00,-3.397969e+00,-4.018412e+00,-5.307556e+00,-4.076141e+00,-3.292292e+00,-2.808793e+00,3.636066e-01,5.070743e-01,7.731451e-01,1.083753e+00,1.499896e+00,1.620047e+00,1.838109e+00,2.500718e+00,1.681565e+02,6.198372e-01,-1.187235e-02,4.441459e+00,1.266721e+00,-4.790037e+00,-2.367629e+00,5.504068e+00,-1.304260e+00,2.869668e+00,-9.187729e-01,-1.189061e+00,2.064934e+00,-3.534899e+00,-4.088472e-01,3.638619e+00,3.035123e-01,4.137554e-01,4.636094e-01,5.117582e-01,8.739944e-01,1.021213e+00,1.123498e+00,7.757691e-01,3.591676e-01,2.302453e-01,2.246372e-02,7.116961e-03,3.389250e-02,1.513504e-02,3.875609e-02,1.975841e-02,7.700934e-02,3.352084e-02,2.478240e+00,2.068920e-02,0,0,0,0,3.562164e+01,0,0,5.289555e-02
1122,11.220000,1.474555e-01,-2.980142e+01,-1.002922e+01,-9.779998e+00,-2.368682e+01,-1.238189e+01,-2.673501e+00,1.319496e+01,5.077754e+00,-2.367920e+00,1.573732e+01,-5.712124e+00,2.312904e+00,-3.559713e+00,6.338142e+00,-1.111817e+01,-5.710519e+00,-3.008207e+00,-1.652349e+00,-2.068846e+00,-3.075865e+00,-2.656491e+00,-2.511441e+00,-2.383012e+00,3.739748e-01,5.141652e-01,8.005207e-01,1.138711e+00,1.568625e+00,1.664248e+00,1.986565e+00,2.544578e+00,1.720188e+02,6.590618e-01,2.290084e-02,7.687544e+00,2.398759e+00,-7.542390e+00,-3.503361e+00,8.354423e+00,-1.587596e+00,2.889202e+00,-1.807688e+00,-1.048046e+00,7.496856e-01,-5.803516e+00,-8.939546e-01,6.304233e+00,2.559712e+00,8.737646e-01,9.565630e-01,8.468857e-01,1.484507e+00,1.674102e+00,1.914680e+00,1.219980e+00,7.249871e-01,4.530653e-01,2.782242e-02,1.686928e-02,3.471506e-02,4.631400e-03,9.387719e-03,1.368499e-02,6.891873e-02,3.903866e-02,4.677803e+00,4.456551e-02,7.150150e+01,0,0,0,5.611821e+01,1.121110e-02,9.091937e-03,1.200295e-01
1123,11.230000,9.535655e-02,-1.974926e+01,-7.103041e+00,-1.810227e+01,-2.730665e+01,-2.068962e+00,-3.619329e+00,1.529039e+01,2.784692e+00,-1.343278e+00,1.727493e+01,-1.405131e+01,9.777816e-01,5.131766e+00,1.152947e+01,-1.160624e+01,-4.408415e+00,-1.909813e+00,1.747397e-01,-3.972038e-02,-5.758137e-01,-1.151564e+00,-1.453920e+00,-1.671553e+00,4.277755e-01,5.337994e-01,8.599227e-01,1.096394e+00,1.513217e+00,1.653463e+00,1.979658e+00,2.621998e+00,1.786165e+02,7.188246e-01,1.408242e-01,8.133768e+00,3.211768e+00,-7.807198e+00,-3.716838e+00,8.509371e+00,-9.909990e-01,1.398634e+00,-2.612360e+00,-1.074431e+00,-1.370753e+00,-5.730299e+00,-1.432889e+00,6.323645e+00,2.064043e+00,4.954322e-01,1.156091e+00,9.279524e-01,1.566604e+00,1.798558e+00,2.048456e+00,1.176846e+00,7.313272e-01,4.394716e-01,3.415139e-02,2.743668e-02,2.984252e-02,-2.169344e-02,-4.064857e-02,4.709160e-03,3.632685e-02,3.832605e-02,5.977022e+00,5.476522e-02,1.423574e+02,0,0,2.644778e-01,5.471641e+01,1.883154e-02,1.718888e-02,1.458051e-01
1124,11.240000,2.757935e-01,-9.344111e+00,-2.993893e+00,-2.833695e+01,-3.102561e+01,9.638095e+00,-4.533950e+00,1.616475e+01,-1.302763e+00,-5.550831e+00,1.109565e+01,-1.936134e+01,-1.563185e+00,1.286312e+01,1.155538e+01,-1.076686e+01,-2.786422e+00,-8.914909e-01,2.062866e+00,2.332502e+00,2.024536e+00,3.678907e-01,-5.171781e-01,-1.119722e+00,4.523194e-01,5.885594e-01,8.809616e-01,1.083648e+00,1.458531e+00,1.645411e+00,2.012994e+00,2.639732e+00,1.863155e+02,7.931605e-01,2.166399e-01,5.685534e+00,3.043620e+00,-5.878900e+00,-3.256461e+00,5.127540e+00,-7.364559e-01,-8.210958e-01,-2.929590e+00,-1.655977e+00,-2.787600e+00,-4.907353e+00,-7.833881e-01,3.455643e+00,4.395650e-01,-3.466930e-02,9.454263e-01,7.544014e-01,1.160053e+00,1.325215e+00,1.453823e+00,7.341306e-01,4.370154e-01,2.321498e-01,3.236294e-02,2.734330e-02,1.790282e-02,-3.589351e-02,-6.056834e-02,-2.027333e-03,2.545170e-02,2.740433e-02,5.484268e+00,5.087916e-02,2.094124e+02,5.605550e-02,4.545968e-02,4.679085e-01,3.203209e+01,2.248965e-02,2.315612e-02,7.162032e-02
1125,11.250000,7.498498e-01,-7.895397e+00,-1.561896e-01,-2.967906e+01,-3.422212e+01,8.222648e+00,-4.701813e+00,1.332799e+01,-3.218197e+00,-5.245335e+00,9.393144e+00,-2.131931e+01,-1.882358e+00,1.201513e+01,1.028532e+01,-1.171154e+01,-2.334067e+00,-3.284444e-01,2.577444e+00,2.773702e+00,2.384526e+00,2.958978e-01,-6.327885e-01,-1.243080e+00,4.951912e-01,6.070606e-01,8.821373e-01,1.002817e+00,1.351700e+00,1.653011e+00,2.006529e+00,2.644772e+00,1.908932e+02,8.266140e-01,2.639955e-01,2.561618e+00,2.430717e+00,-3.813383e+00,-2.710851e+00,1.972489e+00,-4.454268e-01,-1.867373e+00,-2.773372e+00,-1.391223e+00,-2.881214e+00,-3.583402e+00,7.105850e-01,1.056574e+00,1.971410e-01,7.405271e-02,5.571479e-01,4.827184e-01,6.540413e-01,7.289091e-01,7.498267e-01,2.337544e-01,7.766604e-02,-2.727116e-02,2.468104e-02,1.846620e-02,3.916455e-03,-2.948225e-02,-5.563557e-02,-1.274717e-03,3.104279e-02,1.394303e-02,3.988226e+00,3.521609e-02,2.046266e+02,6.612995e-02,6.321456e-02,4.950711e-01,1.071053e+01,7.195650e-03,1.183913e-02,-6.577265e-02
1126,11.260000,9.034085e-01,-7.300676e+00,1.715456e+00,-3.338610e+01,-3.651139e+01,8.110005e+00,-5.814538e+00,1.007069e+01,-6.568752e+00,-8.696775e+00,5.740207e+00,-2.661489e+01,-1.739671e-01,1.027682e+01,9.158041e+00,-1.123887e+01,-2.020562e+00,-2.688414e-02,2.946561e+00,3.150520e+00,2.713080e+00,2.904308e-01,-7.369308e-01,-1.436499e+00,5.020816e-01,6.142511e-01,8.789275e-01,1.006031e+00,1.346542e+00,1.654338e+00,2.100388e+00,2.670213e+00,1.933018e+02,8.595629e-01,1.672491e-01,1.365579e-01,1.531050e+00,-1.866988e+00,-1.780635e+00,-2.839561e-01,2.081582e-01,-2.387263e+00,-1.360254e+00,3.267746e-02,-1.809459e+00,-2.427776e+00,1.960452e+00,-4.007872e-01,1.527889e+00,-1.742346e-01,1.770139e-01,2.376460e-01,2.244281e-01,1.974000e-01,2.091980e-01,-1.190128e-01,-1.609422e-01,-1.593234e-01,1.663266e-02,4.232776e-03,-1.041961e-03,-2.098247e-02,-4.988178e-02,-1.579918e-02,1.187780e-02,8.688951e-03,2.441820e+00,1.574570e-02,2.005274e+02,7.938329e-02,8.417331e-02,2.428049e-01,-2.197398e+00,-1.234925e-02,-6.936081e-03,-1.274188e-01
1127,11.270000,1.101526e+00,-7.962889e+00,2.695871e+00,-3.464461e+01,-3.811802e+01,8.557528e+00,-5.206169e+00,9.000556e+00,-8.449174e+00,-6.726421e+00,5.546580e+00,-2.834154e+01,3.836097e+00,1.170779e+01,1.371384e+01,-1.099997e+01,-2.005606e+00,7.147545e-02,3.003098e+00,3.195817e+00,2.829048e+00,5.593772e-02,-9.557139e-01,-1.649520e+00,5.262996e-01,6.132845e-01,8.805220e-01,9.877906e-01,1.291034e+00,1.642627e+00,2.091174e+00,2.676472e+00,1.950645e+02,8.617038e-01,7.357480e-02,-7.416866e-01,1.202526e+00,-6.894390e-01,-1.424611e+00,-1.733548e-01,6.964973e-01,-2.028626e+00,5.211486e-01,1.891607e+00,-1.112820e+00,-9.980354e-01,2.465199e+00,5.862816e-01,2.721652e+00,3.893862e-02,1.983998e-02,1.055181e-01,5.024698e-02,-1.910524e-02,3.947895e-02,-2.678148e-01,-2.855456e-01,-1.902596e-01,1.174170e-03,-4.428280e-03,-9.460020e-03,-5.437625e-03,-4.667003e-02,-3.515840e-02,-4.451394e-03,4.772139e-03,1.619977e+00,2.742708e-04,2.003526e+02,2.431436e-02,3.983883e-02,4.816631e-02,-8.455536e-01,-1.918191e-02,-1.845125e-02,-9.791797e-02
1128,11.280000,9.362006e-01,-8.627576e+00,3.235327e+00,-3.518911e+01,-3.798084e+01,8.050874e+00,-3.240981e+00,6.392150e+00,-5.488546e+00,-4.646901e+00,3.971635e+00,-2.798910e+01,5.379847e+00,1.101286e+01,1.748057e+01,-1.199382e+01,-2.065583e+00,9.677904e-02,2.972179e+00,3.108445e+00,2.848265e+00,-1.071930e-01,-1.160426e+00,-1.713119e+00,5.199285e-01,6.066113e-01,8.765594e-01,9.862485e-01,1.239455e+00,1.571607e+00,2.030060e+00,2.667327e+00,1.964389e+02,8.543441e-01,-1.123250e-03,-1.546009e+00,1.065225e+00,1.446614e+00,-1.283226e+00,-1.265684e+00,8.116267e-01,-2.022047e+00,2.303762e+00,3.372345e+00,2.460313e-01,1.416733e-01,1.408156e+00,1.901621e+00,2.254189e+00,-3.961100e-01,-8.360257e-02,3.957099e-02,-1.101896e-01,-2.765078e-01,-1.940146e-01,-4.370803e-01,-3.847802e-01,-1.917980e-01,-1.091265e-02,-1.258508e-02,-1.908616e-02,-3.099895e-03,-5.302992e-02,-3.869200e-02,-1.699441e-02,2.942801e-04,1.166589e+00,-2.119849e-02,2.005624e+02,1.521707e-02,2.246714e-02,5.426686e-02,-1.340236e+01,-1.781436e-02,-2.050017e-02,-2.521097e-02
1129,11.290000,1.101328e+00,-1.094038e+01,5.096503e+00,-3.222475e+01,-4.061045e+01,7.385439e+00,-2.506105e+00,5.024126e+00,-1.152557e+00,2.187761e+00,4.713329e+00,-2.562238e+01,7.666731e+00,1.457852e+01,1.973232e+01,-1.113937e+01,-2.212356e+00,1.373147e-01,2.815870e+00,2.699213e+00,2.514328e+00,-8.443645e-01,-1.848769e+00,-2.056068e+00,4.921386e-01,5.887391e-01,8.360212e-01,9.855204e-01,1.171893e+00,1.518584e+00,2.019436e+00,2.670075e+00,1.974245e+02,8.305947e-01,-9.226964e-02,-2.366119e+00,7.706535e-01,3.643855e+00,-3.981541e-01,-2.924960e+00,-3.717191e-01,-2.875659e+00,2.673295e+00,3.629464e+00,1.522254e+00,5.011307e-01,1.153306e-01,1.785348e+00,4.237114e-01,-6.432339e-01,-1.234369e-01,-2.621366e-02,-3.288344e-01,-5.973287e-01,-4.809449e-01,-5.723107e-01,-4.209921e-01,-1.952598e-01,-2.911967e-02,-2.252232e-02,-3.686171e-02,2.586114e-03,-4.828124e-02,-3.448843e-02,-3.488297e-02,-4.575102e-02,7.650574e-01,-3.776122e-02,2.003813e+02,2.303508e-03,1.811371e-03,9.975028e-02,-3.346150e+01,-6.184929e-03,-1.008527e-02,5.574843e-03
1130,11.300000,8.978915e-01,-1.354197e+01,5.841267e+00,-2.736297e+01,-4.168130e+01,2.367630e+00,-3.106437e+00,1.948670e+00,1.301751e+00,3.707858e+00,7.386989e+00,-2.726610e+01,4.951496e+00,1.834956e+01,1.741975e+01,-1.314972e+01,-2.335200e+00,1.380512e-01,2.489227e+00,2.016283e+00,1.900367e+00,-1.444820e+00,-2.214304e+00,-2.192215e+00,4.645988e-01,5.635984e-01,8.057471e-01,9.916670e-01,1.140963e+00,1.522899e+00,2.051285e+00,2.674883e+00,1.979547e+02,7.691250e-01,-1.296939e-01,-3.429328e+00,-3.633549e-01,6.113841e+00,1.699072e+00,-4.851305e+00,-8.573450e-01,-3.043005e+00,1.742275e+00,2.357077e+00,2.672142e+00,9.399921e-01,-7.403613e-01,2.733046e-01,-5.296865e-01,-5.370216e-01,-2.368302e-01,-2.485991e-01,-6.844400e-01,-9.928371e-01,-9.164486e-01,-6.695135e-01,-3.634896e-01,-1.541752e-01,-3.897496e-02,-2.868307e-02,-4.450602e-02,2.168065e-03,-2.514818e-02,-1.015706e-02,-5.215768e-02,-7.087345e-02,4.093292e-01,-5.102580e-02,1.335012e+02,1.316934e-03,6.861727e-04,9.095806e-02,-5.349303e+01,-3.239787e-03,-4.644268e-03,-1.505891e-02
1131,11.310000,6.593326e-01,-1.733629e+01,5.246170e+00,-2.033841e+01,-3.825855e+01,-3.225652e+00,-7.132036e+00,-3.155998e+00,1.522152e+00,7.243520e+00,1.145017e+01,-2.619739e+01,4.626926e+00,1.696618e+01,1.586281e+01,-1.363819e+01,-2.487982e+00,-8.022890e-02,1.600402e+00,7.552542e-01,8.982726e-01,-2.136802e+00,-2.533736e+00,-2.386271e+00,4.083661e-01,5.221794e-01,7.316197e-01,9.980119e-01,1.098874e+00,1.494539e+00,1.906147e+00,2.443939e+00,1.981319e+02,7.155073e-01,-1.794611e-01,-4.339696e+00,-2.293949e+00,7.328958e+00,4.516500e+00,-5.232757e+00,2.141000e-01,-2.101080e+00,1.448746e+00,2.118358e-01,2.242820e+00,2.076999e+00,-1.069541e+00,-2.781493e+00,-3.345032e-02,6.735821e-01,-4.576454e-01,-6.338713e-01,-1.046329e+00,-1.294549e+00,-1.298156e+00,-6.538607e-01,-2.552738e-01,-5.883484e-02,-3.699526e-02,-2.588199e-02,-3.920766e-02,2.977944e-03,8.221281e-03,4.486883e-03,-9.008585e-02,-8.776996e-02,1.591949e-01,-5.164174e-02,6.657568e+01,3.397813e-04,3.029823e-04,5.769492e-02,-5.342638e+01,-5.923950e-04,-4.308915e-04,-2.904586e-02
1132,11.320000,5.087287e-01,-2.257626e+01,1.343720e+00,-1.056308e+01,-3.066143e+01,-1.090010e+01,-5.214740e+00,-4.732810e+00,1.885476e+00,4.610603e+00,1.396392e+01,-2.300163e+01,3.197943e+00,1.118555e+01,1.676689e+01,-1.342952e+01,-3.111921e+00,-1.037445e+00,1.577135e-01,-8.837609e-01,-9.259506e-01,-2.808541e+00,-2.635391e+00,-2.318893e+00,3.669400e-01,4.964758e-01,7.062301e-01,9.908431e-01,1.150224e+00,1.532845e+00,1.825916e+00,2.426028e+00,1.981319e+02,6.567588e-01,-1.445782e-01,-4.871631e+00,-3.770697e+00,7.150697e+00,5.768741e+00,-3.969858e+00,2.271929e+00,1.560950e-01,1.366573e+00,-1.785200e+00,1.259960e+00,4.079833e+00,1.894651e-01,-3.751788e+00,1.621992e+00,2.672894e+00,-6.799488e-01,-9.792822e-01,-1.252902e+00,-1.342608e+00,-1.497360e+00,-6.107188e-01,-2.128114e-01,-2.218151e-03,-3.700427e-02,-1.407293e-02,-2.431698e-02,2.173632e-03,4.381807e-02,1.737766e-02,-8.853012e-02,-4.295559e-02,3.544312e-02,-8.245099e-02,0,0,0,0,-3.335780e+01,-2.973649e-04,-1.675328e-04,-2.396110e-02
1133,11.330000,3.986036e-01,-2.812172e+01,-4.124468e+00,-3.979903e+00,-2.353789e+01,-1.214447e+01,-3.814532e-01,-2.140537e+00,5.799309e+00,2.795567e+00,1.263896e+01,-1.736962e+01,3.195804e+00,4.253056e+00,1.989150e+01,-7.631567e+00,-4.112223e+00,-2.444293e+00,-1.250017e+00,-2.323512e+00,-2.563293e+00,-3.431807e+00,-2.914595e+00,-2.286903e+00,3.559917e-01,4.928904e-01,6.897414e-01,1.000822e+00,1.208369e+00,1.536046e+00,1.681691e+00,2.355653e+00,1.981319e+02,6.285691e-01,-1.167116e-01,-4.316737e+00,-4.026258e+00,5.486713e+00,5.358705e+00,-1.433181e+00,4.089151e+00,2.142123e+00,1.528025e+00,-3.355525e+00,-3.949739e-01,4.675330e+00,1.176585e+00,-2.884745e+00,1.757716e+00,2.752457e+00,-7.050843e-01,-1.078047e+00,-1.157395e+00,-1.058937e+00,-1.297645e+00,-4.637230e-01,-1.654265e-01,3.556929e-02,-4.119663e-02,4.557344e-03,-9.532332e-04,8.307492e-03,7.060780e-02,2.963797e-02,-4.702380e-02,2.231746e-02,0,-9.545921e-02,0,0,0,0,-1.331514e+01,-6.795627e-05,-6.059646e-05,-1.153898e-02
1134,11.340000,3.053650e-01,-3.250741e+01,-8.326898e+00,2.112653e-01,-2.019793e+01,-1.302225e+01,4.877916e+00,2.221414e+00,5.996037e+00,-2.994166e+00,1.309239e+01,-1.128082e+01,6.614382e+00,5.947178e+00,2.351537e+01,-2.788565e+00,-4.922823e+00,-3.576327e+00,-2.350075e+00,-3.157376e+00,-3.855651e+00,-3.850911e+00,-3.087932e+00,-2.252990e+00,3.057646e-01,5.078782e-01,7.051013e-01,1.001130e+00,1.305306e+00,1.589034e+00,1.720863e+00,2.504248e+00,1.981319e+02,4.003391e-01,-8.258314e-02,-3.133037e+00,-2.926529e+00,3.469567e+00,4.069859e+00,1.015469e+00,3.788361e+00,1.935130e+00,7.102996e-01,-3.640644e+00,-1.683451e+00,4.454185e+00,2.500422e+00,-8.761125e-01,8.606666e-01,1.400118e+00,-4.864187e-01,-8.786500e-01,-9.050995e-01,-6.649877e-01,-8.492899e-01,-3.160833e-01,-1.443507e-01,5.058384e-03,-5.970882e-02,1.830532e-02,1.032623e-02,1.960098e-02,7.474694e-02,2.880177e-02,1.179267e-02,4.803855e-02,0,-8.816715e-02,0,0,0,0,0,0,0,0
1135,11.350000,1.774564e-01,-3.395440e+01,-1.004981e+01,1.707985e+00,-1.669678e+01,-9.330487e+00,8.267390e+00,4.077504e+00,7.106996e+00,-5.731717e+00,9.911067e+00,-8.681142e+00,8.801633e+00,5.161640e+00,2.127715e+01,-5.196379e+00,-5.107953e+00,-4.201021e+00,-2.932677e+00,-3.402624e+00,-4.125101e+00,-3.934232e+00,-3.134598e+00,-2.241377e+00,2.329706e-01,5.392649e-01,7.274179e-01,1.034406e+00,1.374372e+00,1.614634e+00,1.723555e+00,2.516416e+00,1.981319e+02,3.664211e-01,-2.880100e-02,-1.840253e+00,-1.710293e+00,2.106734e+00,2.789374e+00,1.032146e+00,2.705062e+00,1.296305e+00,5.946402e-01,-2.272394e+00,-1.617139e+00,3.821809e+00,2.121129e+00,-6.689415e-01,-9.636524e-01,-6.480614e-01,-2.681481e-01,-5.331177e-01,-5.942912e-01,-3.619659e-01,-4.752594e-01,-1.782804e-01,-4.796865e-02,4.096461e-03,-6.763740e-02,2.006539e-02,1.254747e-02,2.627697e-02,5.854241e-02,2.128553e-02,4.426668e-02,4.725106e-02,0,-6.164861e-02,0,0,0,0,0,0,0,0
1136,11.360000,2.063866e-01,-3.532511e+01,-1.032625e+01,3.940815e+00,-1.373269e+01,-7.229753e+00,9.402640e+00,1.833821e+00,4.783130e+00,-9.328973e+00,6.910614e+00,-5.074946e+00,1.289714e+01,6.350697e+00,2.037740e+01,-7.646523e+00,-5.046150e+00,-4.552331e+00,-3.526454e+00,-3.669143e+00,-4.391496e+00,-4.137745e+00,-3.247143e+00,-2.316365e+00,1.299064e-01,5.648152e-01,7.390230e-01,1.072056e+00,1.440958e+00,1.637559e+00,1.863948e+00,2.585839e+00,1.981319e+02,3.469971e-01,2.558440e-02,-1.122999e+00,-9.013988e-01,9.992053e-01,1.647248e+00,-7.030112e-01,8.026992e-01,9.075400e-01,1.048339e+00,1.346450e-01,-6.028798e-01,4.202369e+00,9.594625e-01,-1.379847e+00,-1.949152e+00,-9.829363e-01,-1.972636e-01,-2.090666e-01,-3.254938e-01,-2.298861e-01,-3.057983e-01,-7.943008e-02,9.816575e-03,-3.304233e-02,-5.100401e-02,8.961165e-03,-1.449347e-04,2.151666e-02,2.533147e-02,6.629062e-03,2.566503e-02,-6.627774e-03,0,-8.142376e-03,0,0,0,0,0,0,0,0
1137,11.370000,3.040878e-01,-3.591414e+01,-1.167626e+01,4.688993e+00,-1.282364e+01,-9.879994e+00,1.088150e+01,4.534785e+00,9.378963e+00,-5.399001e+00,7.644157e+00,-1.363515e+00,1.066007e+01,7.065892e-01,1.664222e+01,-8.442896e+00,-5.391300e+00,-4.621880e+00,-3.633283e+00,-3.877457e+00,-4.671667e+00,-4.179792e+00,-3.074832e+00,-2.234733e+00,1.057338e-01,5.647489e-01,7.355179e-01,1.096744e+00,1.433255e+00,1.618210e+00,1.831482e+00,2.551113e+00,1.981319e+02,3.469971e-01,5.695014e-02,-8.905541e-01,-6.876261e-01,1.599365e-01,-1.225967e-02,-3.515397e+00,-9.311228e-01,1.128986e+00,1.571786e+00,1.352655e+00,6.543192e-01,4.069380e+00,2.249565e-02,-2.217684e+00,-1.517551e+00,5.756670e-01,-2.611083e-01,-3.534794e-04,-1.028833e-01,-1.843957e-01,-3.135418e-01,-3.915010e-02,4.697533e-02,-4.331708e-02,-1.724860e-02,-7.972986e-03,-1.809227e-02,1.912555e-02,2.347982e-03,1.065493e-03,1.280050e-02,-2.496238e-02,0,8.891788e-03,0,0,0,0,0,0,0,0
1138,11.380000,3.699713e-01,-3.714254e+01,-1.202067e+01,3.716788e+00,-1.389826e+01,-1.626255e+01,7.584360e+00,6.530473e+00,1.010175e+01,-2.487299e+00,1.121145e+01,6.072214e+00,1.048248e+01,1.275468e+00,1.608707e+01,-6.079988e+00,-5.767467e+00,-4.411231e+00,-3.627240e+00,-4.069389e+00,-5.111359e+00,-4.125282e+00,-3.068732e+00,-2.421523e+00,1.143630e-01,5.399420e-01,7.003266e-01,1.077544e+00,1.402521e+00,1.620391e+00,1.795224e+00,2.453761e+00,1.981319e+02,3.693392e-01,2.576503e-02,-7.106571e-01,-4.592703e-01,-7.144660e-01,-1.023258e+00,-4.129093e+00,-1.836538e+00,1.537487e+00,1.306944e+00,1.038478e+00,3.963917e-01,2.612527e+00,-5.436530e-01,-2.609692e+00,-1.140226e+00,1.292218e+00,-2.882098e-01,5.132212e-02,4.940791e-02,-1.060375e-01,-2.612587e-01,3.783655e-03,3.322451e-02,-7.976098e-02,1.692247e-02,-1.192878e-02,-2.280138e-02,1.398687e-02,-7.661748e-03,1.162529e-03,-9.260547e-03,-2.178664e-02,0,1.581355e-02,0,0,0,0,0,0,0,0
1139,11.390000,3.804148e-01,-3.749846e+01,-1.264073e+01,2.619681e+00,-1.667529e+01,-2.239108e+01,4.520916e+00,7.374110e+00,1.230662e+01,-2.389276e+00,1.103225e+01,6.092177e+00,1.012144e+01,-3.389167e+00,1.583456e+01,-3.101311e+00,-6.052835e+00,-4.273338e+00,-3.396700e+00,-4.124480e+00,-5.332878e+00,-4.136215e+00,-2.988927e+00,-2.405383e+00,1.544994e-01,5.118366e-01,6.563047e-01,1.127289e+00,1.405330e+00,1.628546e+00,1.821919e+00,2.457644e+00,1.981319e+02,3.997090e-01,-2.256327e-02,-5.099117e-01,-2.533600e-01,-1.024101e+00,-1.590317e+00,-2.918957e+00,-2.004140e+00,8.408865e-01,-2.831345e-02,-5.957155e-01,-1.025449e+00,-6.618978e-01,-6.343663e-01,-2.527904e+00,-1.120842e+00,4.528747e-01,-2.289019e-01,1.973028e-02,9.735505e-02,-2.940216e-02,-1.451767e-01,-7.894325e-03,-2.011976e-02,-8.463132e-02,3.956836e-02,-7.770079e-03,-1.489044e-02,1.408768e-02,1.043131e-02,5.588091e-03,9.942007e-03,2.010195e-02,0,1.642016e-02,0,0,0,0,0,0,0,0
1140,11.400000,2.970482e-01,-3.808624e+01,-1.214036e+01,1.403141e+00,-1.692315e+01,-2.161968e+01,3.400238e+00,8.101594e+00,9.854022e+00,-5.641446e+00,7.198528e+00,4.259841e+00,1.044819e+01,-4.649887e+00,1.508010e+01,-3.856225e+00,-6.156431e+00,-4.469991e+00,-3.397706e+00,-4.075819e+00,-5.367184e+00,-4.140616e+00,-3.123973e+00,-2.629845e+00,1.901360e-01,5.316275e-01,6.646227e-01,1.126718e+00,1.416612e+00,1.638204e+00,1.822426e+00,2.523640e+00,1.981319e+02,3.997090e-01,-5.352715e-02,-3.349213e-01,-1.624451e-02,-6.566069e-01,-1.274996e+00,-9.516581e-01,-1.504989e+00,3.387383e-01,-1.776197e+00,-1.139120e+00,-1.570014e+00,-3.403175e+00,-1.015395e+00,-2.333549e+00,-1.430319e+00,-9.241089e-01,-1.170084e-01,-2.143187e-02,5.079210e-02,2.079964e-04,-4.422493e-02,-4.193725e-02,-6.531842e-02,-9.931386e-02,5.054937e-02,2.329051e-04,6.089342e-03,-3.129220e-03,1.398648e-02,-2.881634e-03,-1.144748e-02,3.648315e-02,0,9.872461e-03,0,0,0,0,0,0,0,0
1141,11.410000,2.277330e-01,-3.799185e+01,-1.288321e+01,7.253104e-01,-1.926278e+01,-2.179622e+01,2.952855e+00,7.953657e+00,9.361259e+00,-6.800505e+00,4.523373e+00,-3.766818e+00,7.505382e+00,-8.970253e+00,1.154150e+01,-7.290404e+00,-6.341328e+00,-4.493848e+00,-3.261275e+00,-4.021253e+00,-5.269638e+00,-4.211597e+00,-3.147810e+00,-2.553729e+00,2.656891e-01,5.300558e-01,6.789176e-01,1.142596e+00,1.478367e+00,1.637244e+00,1.867591e+00,2.616683e+00,1.981319e+02,4.139130e-01,-5.931484e-02,-2.171345e-01,1.197500e-01,-2.998538e-02,-9.899515e-01,2.593931e-01,-1.428943e+00,-4.602311e-01,-3.309516e+00,-1.852741e+00,-1.444564e+00,-3.815508e+00,-9.267582e-01,-1.067950e+00,-1.727512e+00,-2.205089e+00,1.270380e-02,-4.038143e-03,-2.271478e-02,1.796288e-02,-1.235137e-02,-5.510836e-02,-1.049755e-01,-9.084933e-02,5.057088e-02,4.863948e-03,2.205387e-02,-2.153378e-02,1.248388e-02,-8.092379e-03,-2.627517e-02,2.170138e-02,0,3.567159e-03,0,0,0,0,0,0,0,0
1142,11.420000,1.786764e-01,-3.857045e+01,-1.198066e+01,1.380938e+00,-1.897950e+01,-2.131827e+01,8.434439e-01,7.934391e+00,2.693441e+00,-5.977285e+00,6.615814e+00,-6.014166e+00,6.713530e+00,-7.601734e+00,1.108201e+01,-8.605987e+00,-6.208263e+00,-4.408135e+00,-3.440993e+00,-4.119963e+00,-5.364104e+00,-4.297277e+00,-3.315882e+00,-2.843919e+00,3.115149e-01,5.319970e-01,7.194669e-01,1.054245e+00,1.435935e+00,1.601634e+00,1.715151e+00,2.556657e+00,1.981319e+02,4.115995e-01,-4.107128e-02,-1.356598e-01,3.139286e-02,3.530251e-01,-6.539160e-01,6.845806e-01,-7.700338e-01,-9.462019e-01,-3.477214e+00,-1.889893e+00,-1.170288e+00,-2.475554e+00,-1.188423e+00,5.661664e-02,-7.945107e-01,-2.012334e+00,8.798499e-02,-3.393807e-02,-7.039742e-02,1.572361e-02,-5.195952e-03,-5.711231e-02,-8.065934e-02,-5.005996e-02,3.874613e-02,5.649537e-03,2.205891e-02,-2.460921e-02,-4.947066e-04,-9.452987e-03,-3.420596e-02,-1.768768e-02,0,2.954495e-03,0,0,0,0,0,0,0,0
1143,11.430000,1.430265e-01,-3.834202e+01,-1.212184e+01,2.480855e+00,-2.059688e+01,-2.124481e+01,-1.345403e+00,5.156556e+00,-6.606747e-01,-1.148506e+01,4.100783e+00,-7.848362e+00,7.354982e+00,-7.252991e+00,9.196042e+00,-1.175187e+01,-5.963400e+00,-4.324457e+00,-3.488631e+00,-4.012594e+00,-5.396175e+00,-4.333426e+00,-3.417850e+00,-2.752592e+00,3.466643e-01,5.359716e-01,7.391520e-01,1.055857e+00,1.458087e+00,1.606369e+00,1.744181e+00,2.549642e+00,1.981319e+02,4.115995e-01,-3.019624e-02,-3.437691e-02,1.631491e-01,4.982088e-01,-2.092724e-02,1.055706e+00,-4.325745e-01,-1.002329e+00,-1.700076e+00,-1.747224e+00,-1.487811e+00,-1.268872e+00,-1.477585e+00,4.925550e-01,-4.367275e-02,-1.559789e+00,1.410228e-01,-6.580420e-02,-4.326778e-02,-1.972437e-03,6.719351e-03,-2.806764e-02,-6.973164e-02,-2.614379e-02,1.707187e-02,7.162124e-03,1.119494e-02,-1.294136e-02,-1.003410e-02,-4.488170e-03,-1.948751e-02,-3.024437e-02,0,3.306994e-03,0,0,0,0,0,0,0,0
1144,11.440000,1.340450e-01,-3.858945e+01,-1.236409e+01,2.290494e+00,-1.952569e+01,-1.847248e+01,1.699198e+00,4.769135e+00,-2.521080e+00,-1.274863e+01,1.558384e+00,-6.077156e+00,4.581274e+00,-5.225435e+00,1.228027e+01,-1.168716e+01,-5.905470e+00,-4.724377e+00,-3.636015e+00,-4.001531e+00,-5.329895e+00,-4.365263e+00,-3.392250e+00,-2.780713e+00,3.433791e-01,5.569173e-01,7.448001e-01,1.047041e+00,1.424278e+00,1.606377e+00,1.713102e+00,2.468722e+00,1.981319e+02,4.156382e-01,-2.021988e-02,5.392151e-02,1.584000e-01,2.418204e-01,4.806080e-02,6.476095e-01,4.648985e-02,-6.562271e-01,1.491010e+00,6.498317e-02,-1.819980e+00,-1.935417e+00,-2.218352e+00,3.052800e-01,2.728750e-01,-5.742728e-01,7.373200e-02,-7.515631e-02,9.839661e-02,-5.282845e-02,4.896641e-02,-3.480759e-02,-4.029968e-02,1.034586e-02,7.799810e-03,1.475275e-04,-5.362225e-03,6.096935e-03,-5.153251e-03,2.814710e-03,1.595736e-02,-1.032133e-02,0,4.748443e-02,0,0,0,0,0,0,0,0
1145,11.450000,9.906741e-02,-3.815423e+01,-1.187575e+01,2.761576e+00,-1.909432e+01,-1.794058e+01,3.621055e-01,4.524638e+00,3.468141e+00,-1.215095e+01,-3.869682e-01,-1.007968e+01,1.183586e+00,-7.695628e+00,1.072400e+01,-1.354876e+01,-5.787611e+00,-4.664748e+00,-3.380102e+00,-4.090331e+00,-5.253146e+00,-4.317942e+00,-3.458284e+00,-2.716051e+00,3.351164e-01,5.534062e-01,7.222257e-01,1.081491e+00,1.434025e+00,1.612432e+00,1.771178e+00,2.509428e+00,1.981319e+02,4.284286e-01,-7.583260e-03,2.822353e-01,5.035427e-01,-1.988279e-01,2.315189e-01,3.106304e-01,-5.454569e-01,-5.874610e-02,3.840321e+00,2.306205e+00,-1.395065e+00,-2.786325e+00,-1.791009e+00,-6.003292e-01,1.359293e-01,5.093845e-01,5.937648e-02,3.287687e-02,2.346588e-01,-7.708435e-02,1.247137e-01,-1.055617e-02,-3.348877e-02,-1.145015e-02,4.214385e-03,-8.561718e-03,-9.963721e-03,1.416424e-02,-3.975702e-03,7.558739e-03,4.644589e-02,2.090144e-02,0,7.207339e-02,0,0,0,0,0,0,0,0
1146,11.460000,9.955657e-02,-3.839473e+01,-1.131170e+01,2.449680e+00,-1.949047e+01,-1.973234e+01,2.221388e-01,4.969214e+00,8.084081e+00,-5.319423e+00,-2.402124e-01,-1.457559e+01,-1.292534e+00,-5.854015e+00,1.168240e+01,-1.057891e+01,-5.927498e+00,-4.613771e+00,-3.003274e+00,-4.345236e+00,-5.190786e+00,-4.479057e+00,-3.497163e+00,-2.810460e+00,3.562880e-01,5.240173e-01,7.011189e-01,1.071913e+00,1.422200e+00,1.612676e+00,1.781439e+00,2.525157e+00,1.981319e+02,6.406071e-01,5.567268e-04,7.728149e-01,6.082632e-01,-9.096709e-01,-1.374086e-01,-4.905720e-02,-1.377966e+00,2.122904e-01,4.166448e+00,3.151326e+00,-8.687096e-01,-2.328887e+00,-9.293266e-02,-1.532458e+00,-7.122658e-01,6.709458e-01,5.873995e-02,2.003171e-01,3.195210e-01,2.219038e-02,2.384516e-01,7.226701e-02,1.618784e-02,7.999825e-03,1.042357e-02,-1.250208e-02,-9.175241e-04,1.643167e-02,5.193555e-03,8.348870e-03,5.404514e-02,4.470303e-02,3.405762e-03,8.157406e-02,0,0,0,0,1.322241e+01,0,0,0
1147,11.470000,1.223544e-01,-3.702820e+01,-1.013032e+01,1.407123e+00,-1.945689e+01,-1.906173e+01,-3.334158e+00,4.762785e+00,1.323835e+01,-3.668640e+00,-1.975244e+00,-1.753077e+01,1.336840e+00,-9.940347e+00,1.017462e+01,-9.759078e+00,-5.655504e+00,-4.215376e+00,-2.631707e+00,-4.226163e+00,-4.842161e+00,-4.329310e+00,-3.532837e+00,-2.794969e+00,3.612818e-01,5.096130e-01,7.111740e-01,1.114242e+00,1.439248e+00,1.641014e+00,1.942242e+00,2.625932e+00,1.981319e+02,6.594820e-01,5.370598e-03,1.774355e+00,1.226776e+00,-1.892607e+00,-7.757359e-01,6.614159e-01,-2.207523e+00,-1.290552e+00,2.242676e+00,3.924438e+00,1.429255e-01,-2.422513e-01,1.421036e+00,-1.229289e+00,-1.156099e+00,5.062674e-01,2.310315e-01,4.804998e-01,3.974896e-01,2.625923e-01,5.155596e-01,2.096545e-01,7.956135e-02,3.133788e-02,9.420812e-03,-1.443185e-02,1.294162e-02,9.284377e-03,-6.326282e-03,3.468418e-03,3.247299e-02,1.446209e-02,-3.316651e-02,7.456445e-02,0,0,0,0,3.287909e+01,0,0,0
1148,11.480000,1.251852e-01,-3.528839e+01,-1.019549e+01,-1.580634e+00,-2.003145e+01,-1.815719e+01,-3.342502e+00,5.711513e+00,1.342606e+01,-1.233160e+00,-1.991027e+00,-1.399605e+01,4.039983e+00,-1.176536e+01,8.993633e+00,-1.022727e+01,-5.677824e+00,-3.947478e+00,-2.412608e+00,-3.822663e+00,-4.343130e+00,-3.998244e+00,-3.274035e+00,-2.701255e+00,3.824142e-01,5.163035e-01,7.457383e-01,1.112824e+00,1.447634e+00,1.633830e+00,1.897795e+00,2.633986e+00,1.981489e+02,7.079818e-01,-4.960377e-03,3.050137e+00,2.187248e+00,-2.869342e+00,-1.621888e+00,1.171391e+00,-3.815554e+00,-3.872166e+00,2.910376e-01,4.860874e+00,8.075722e-01,1.273834e+00,2.157609e+00,-2.507876e-01,-1.715711e+00,2.425877e-01,4.976235e-01,8.519524e-01,5.712786e-01,5.283843e-01,8.585647e-01,4.051687e-01,1.551586e-01,7.053339e-02,3.810796e-03,-1.671709e-02,3.221718e-02,2.329683e-03,-2.824927e-02,-6.163967e-03,9.207249e-04,-1.138809e-02,-2.432434e-01,4.516272e-02,6.611207e+01,0,0,0,5.196170e+01,0,0,3.663834e-02
1149,11.490000,1.131061e-01,-3.083563e+01,-6.299976e+00,-4.686305e+00,-2.270251e+01,-1.542108e+01,-8.893189e+00,-2.299269e+00,1.201053e+01,5.428107e+00,1.203066e+00,-1.158071e+01,5.622510e+00,-1.088640e+01,6.287894e+00,-1.119324e+01,-4.757290e+00,-2.595396e+00,-1.687987e+00,-3.038656e+00,-3.099176e+00,-3.510076e+00,-3.172042e+00,-2.613965e+00,3.691573e-01,4.851039e-01,7.646241e-01,1.107457e+00,1.389677e+00,1.619197e+00,1.875365e+00,2.527324e+00,1.979576e+02,7.675635e-01,6.324271e-03,3.665519e+00,3.179886e+00,-3.360590e+00,-2.645540e+00,3.709729e-01,-4.894130e+00,-6.288447e+00,4.535618e-02,5.996777e+00,7.084036e-01,4.342011e-01,1.357811e+00,2.098378e+00,-1.740982e+00,6.776694e-01,6.931346e-01,1.123604e+00,8.272622e-01,6.428193e-01,1.061526e+00,4.706036e-01,1.598362e-01,7.784281e-02,2.074772e-03,-2.330944e-02,1.913050e-02,-1.218603e-02,-6.364655e-02,-3.140423e-02,-4.614101e-02,-9.657250e-02,-7.190658e-01,4.400614e-02,1.313394e+02,0,0,0,5.068865e+01,1.677180e-03,1.478573e-04,5.995796e-02
1150,11.500000,7.937885e-02,-2.624033e+01,-2.290631e+00,-8.850318e+00,-2.597710e+01,-1.569571e+01,-1.607612e+01,-1.086059e+01,1.015318e+01,1.443657e+01,2.208494e+00,-1.118145e+01,7.352675e+00,-6.634927e+00,5.047212e+00,-8.648889e+00,-3.888488e+00,-1.163999e+00,-6.187409e-01,-2.297068e+00,-1.769455e+00,-2.862830e+00,-2.901768e+00,-2.548296e+00,3.714042e-01,4.526864e-01,8.354797e-01,1.086954e+00,1.305739e+00,1.592764e+00,1.819481e+00,2.517520e+00,1.970029e+02,8.123799e-01,3.443642e-02,3.287450e+00,3.325073e+00,-3.339886e+00,-2.862196e+00,-6.964546e-01,-5.164184e+00,-5.716344e+00,1.787603e+00,4.802665e+00,-6.739770e-01,-2.099227e+00,2.962752e-01,2.660203e+00,-1.192046e+00,1.669050e+00,6.998879e-01,1.090336e+00,9.426557e-01,5.900957e-01,9.682695e-01,4.600258e-01,9.188823e-02,4.930437e-02,5.174321e-03,-2.088157e-02,8.835119e-03,-9.824157e-03,-6.822524e-02,-3.958132e-02,-2.084595e-02,-8.785620e-02,-1.417732e+00,3.147404e-02,1.941388e+02,0,0,1.831917e-01,2.950826e+01,5.076729e-03,1.120733e-03,6.684998e-02
1151,11.510000,1.768789e-01,-2.322463e+01,1.816687e+00,-1.176099e+01,-2.971176e+01,-1.843761e+01,-2.143800e+01,-1.839340e+01,1.510157e+01,1.848038e+01,-5.329855e-01,-1.676706e+01,6.469552e+00,-2.013674e+00,3.442921e+00,-7.159923e+00,-3.084499e+00,1.090509e-02,6.076704e-01,-1.774864e+00,-8.213664e-01,-2.543999e+00,-2.919789e+00,-2.482235e+00,3.771607e-01,4.248743e-01,7.619558e-01,1.066247e+00,1.191962e+00,1.504525e+00,1.750694e+00,2.201302e+00,1.951096e+02,8.273137e-01,6.757440e-02,1.917635e+00,2.322050e+00,-2.812924e+00,-2.509654e+00,-1.604281e+00,-3.140100e+00,-2.290823e+00,3.911905e+00,1.648864e+00,-2.173768e+00,-3.606710e+00,-5.408570e-01,1.945341e+00,-2.968376e-01,2.249339e+00,4.048038e-01,7.112469e-01,7.952676e-01,4.320155e-01,5.695462e-01,3.328606e-01,-3.981733e-03,7.443047e-03,1.346590e-02,-6.920308e-03,-1.057255e-02,-5.003464e-03,-4.694092e-02,-3.695105e-02,1.259458e-02,-4.807138e-02,-2.111383e+00,1.593382e-02,1.894299e+02,8.385899e-03,7.392867e-04,2.081940e-01,9.016461e+00,7.095193e-03,2.500903e-03,1.897443e-02
1152,11.520000,2.654809e-01,-2.265664e+01,2.371547e+00,-1.474273e+01,-3.083781e+01,-2.013120e+01,-2.289101e+01,-1.482314e+01,2.081855e+01,1.625403e+01,-4.492886e+00,-2.189901e+01,5.097839e+00,-2.900712e+00,4.455892e+00,-3.898679e+00,-3.014780e+00,2.010521e-01,1.152842e+00,-1.504081e+00,-6.406867e-01,-2.181154e+00,-2.940720e+00,-2.520598e+00,4.042841e-01,4.420104e-01,7.912481e-01,1.084308e+00,1.205365e+00,1.493259e+00,1.855901e+00,2.357716e+00,1.924843e+02,8.354769e-01,6.831861e-02,8.577414e-01,1.193685e+00,-2.066212e+00,-1.706853e+00,-8.842676e-01,-8.415359e-01,1.362563e+00,4.881488e+00,-1.188769e+00,-2.494901e+00,-2.807458e+00,-1.020306e+00,2.149922e-01,3.026682e-01,1.910988e+00,1.311572e-01,3.584574e-01,5.050280e-01,3.198145e-01,2.172429e-01,2.400615e-01,-7.048742e-02,-1.703849e-02,1.444299e-02,4.908344e-03,-6.915397e-03,5.525446e-03,-2.003312e-03,3.441692e-04,8.103935e-02,5.269315e-02,-2.592845e+00,3.514320e-03,1.846081e+02,2.119070e-02,5.234020e-03,2.301529e-01,-4.037225e+00,6.107546e-03,3.262689e-03,-3.481360e-02
1153,11.530000,3.579271e-01,-2.303931e+01,2.979186e+00,-1.580472e+01,-3.282043e+01,-2.122474e+01,-2.118624e+01,-1.177211e+01,2.623737e+01,1.276370e+01,-6.315084e+00,-2.425548e+01,4.045643e+00,-3.026803e+00,5.099366e+00,-2.321652e+00,-3.170125e+00,2.783131e-01,1.402559e+00,-1.275072e+00,-8.158293e-01,-2.186611e+00,-3.172475e+00,-2.590598e+00,4.200468e-01,4.558403e-01,7.338772e-01,1.083763e+00,1.205159e+00,1.484194e+00,1.920128e+00,2.366870e+00,1.896600e+02,8.356841e-01,6.873946e-02,3.596834e-01,3.111601e-01,-1.222944e+00,-2.741112e-01,1.401449e-01,2.984825e-01,3.575962e+00,4.127484e+00,-2.233506e+00,-1.286601e+00,-1.248621e-01,-8.101551e-01,-1.479586e+00,1.386949e-01,8.824442e-01,-8.032453e-02,1.503466e-01,2.053430e-01,1.994573e-01,1.512272e-02,2.217678e-01,-3.135431e-02,-2.168555e-02,7.801300e-03,8.354473e-03,1.426081e-02,1.455966e-02,3.429954e-02,4.052764e-02,1.100786e-01,1.321183e-01,-2.840874e+00,-7.803845e-03,1.811871e+02,2.488062e-02,9.887507e-03,7.139156e-02,-3.584944e+00,7.623125e-04,2.498547e-03,-4.114243e-02
1154,11.540000,3.304478e-01,-2.204429e+01,3.096546e+00,-1.715951e+01,-3.295703e+01,-1.872348e+01,-2.040968e+01,-7.358420e+00,2.899272e+01,1.135107e+01,-7.374964e+00,-2.147453e+01,3.463101e+00,-5.053402e+00,5.732330e+00,-1.513083e+00,-3.189888e+00,4.945840e-01,1.508955e+00,-9.478918e-01,-6.860089e-01,-1.841216e+00,-3.127862e+00,-2.579306e+00,4.221760e-01,4.617451e-01,8.149421e-01,1.105823e+00,1.289124e+00,1.604651e+00,2.139961e+00,2.698202e+00,1.867635e+02,8.257663e-01,8.617737e-02,1.380894e-01,-2.983809e-03,2.102317e-01,1.274028e+00,-1.493397e-02,-2.963318e-01,3.407879e+00,2.157429e+00,-2.357905e+00,1.604771e+00,2.517979e+00,-7.820991e-01,-1.870376e+00,-6.757277e-01,-3.827965e-01,-1.259837e-01,1.150213e-01,8.355188e-03,1.501536e-03,-1.434531e-01,1.561375e-01,3.467026e-02,-5.281544e-03,-3.417101e-03,-3.203630e-04,1.044673e-02,1.611691e-02,4.796999e-02,4.608686e-02,7.178088e-02,9.769502e-02,-2.740274e+00,-6.786444e-02,1.780741e+02,2.229037e-02,1.173933e-02,7.752489e-02,-1.448435e+01,-3.969898e-03,2.755774e-05,-3.441707e-02
1155,11.550000,4.880928e-01,-2.173239e+01,3.009988e+00,-1.666731e+01,-3.002271e+01,-1.844074e+01,-2.118626e+01,-4.245952e+00,3.165191e+01,9.764324e+00,-5.524952e+00,-1.760361e+01,3.236145e+00,-8.335258e+00,3.498176e+00,-3.940500e+00,-3.398567e+00,6.158721e-01,1.456329e+00,-1.055672e+00,-7.230917e-01,-1.605128e+00,-2.982990e+00,-2.561308e+00,4.072212e-01,4.567793e-01,8.214129e-01,1.128288e+00,1.321581e+00,1.651468e+00,2.159057e+00,2.691650e+00,1.837656e+02,7.931498e-01,1.263678e-01,-4.004089e-01,-5.236162e-01,1.959362e+00,3.190933e+00,-8.475612e-01,-1.599852e+00,2.708302e+00,-6.501953e-01,-2.367336e+00,4.598343e+00,4.121637e+00,-2.612867e-01,-1.237454e+00,-1.089752e+00,-1.438196e+00,-1.509738e-01,-2.821769e-02,-2.542527e-01,-3.016779e-01,-3.599834e-01,6.183420e-02,1.020029e-01,2.351141e-03,-1.439126e-02,-9.862935e-03,-1.720989e-03,1.643194e-02,4.019663e-02,2.952406e-02,-8.164907e-03,2.598710e-02,-2.297710e+00,-1.030887e-01,1.747722e+02,1.164762e-02,9.979366e-03,7.879581e-02,-3.108471e+01,-5.976981e-03,-2.071893e-03,-1.194829e-02
1156,11.560000,6.312849e-01,-2.261965e+01,2.341227e+00,-1.326027e+01,-2.586653e+01,-2.159786e+01,-2.437267e+01,-1.546824e+00,2.889843e+01,5.964192e+00,3.135901e+00,-1.263505e+01,1.592093e+00,-9.598367e+00,1.877848e+00,-5.003238e+00,-3.530478e+00,6.073794e-01,1.167733e+00,-1.606273e+00,-1.404321e+00,-1.691208e+00,-2.862111e+00,-2.561651e+00,3.936114e-01,4.399391e-01,7.997139e-01,1.142630e+00,1.387004e+00,1.640057e+00,2.095341e+00,2.683800e+00,1.817300e+02,5.174219e-01,1.006455e-01,-1.475770e+00,-1.228572e+00,3.676488e+00,4.147399e+00,-1.535386e+00,-8.592903e-01,1.426844e+00,-4.150514e+00,-3.701761e+00,5.393538e+00,4.098911e+00,7.143649e-01,8.056210e-01,3.955008e-01,-1.852007e+00,-1.789299e-01,-3.707695e-01,-6.004986e-01,-5.559968e-01,-6.685238e-01,-1.684826e-01,7.818834e-02,-1.898146e-03,-2.451531e-02,-7.779664e-03,-3.237034e-02,5.185127e-03,2.803416e-02,-5.769002e-03,-9.243686e-02,-5.863113e-02,-1.604334e+00,-1.030101e-01,1.153938e+02,7.957703e-03,5.325879e-03,5.436544e-02,-3.566185e+01,-5.406632e-03,-3.072326e-03,-2.106158e-02
1157,11.570000,8.393477e-01,-2.475367e+01,7.387648e-01,-7.957531e+00,-2.041101e+01,-2.402535e+01,-2.720401e+01,-1.136395e+00,2.303354e+01,3.620457e+00,1.142120e+01,-8.067039e+00,3.674714e+00,-6.941591e+00,1.577846e+00,-7.767553e+00,-3.754700e+00,8.082696e-02,3.019063e-01,-2.454271e+00,-2.256590e+00,-1.952445e+00,-2.795336e+00,-2.587671e+00,3.623728e-01,4.174286e-01,7.328863e-01,1.147519e+00,1.357202e+00,1.614111e+00,1.901613e+00,2.504006e+00,1.806881e+02,4.744130e-01,5.570299e-03,-2.467712e+00,-2.067458e+00,4.399592e+00,3.562602e+00,-1.049003e+00,1.225886e+00,3.847367e-01,-5.584158e+00,-4.159805e+00,2.996007e+00,3.091189e+00,2.443378e+00,2.075922e+00,2.545563e+00,-1.309079e+00,-2.449705e-01,-7.455492e-01,-8.884222e-01,-6.518659e-01,-8.216418e-01,-3.966976e-01,-1.431179e-03,4.733014e-03,-2.643241e-02,1.582921e-04,-3.999429e-02,-8.009720e-03,9.744072e-03,-1.799114e-02,-1.244955e-01,-1.092547e-01,-1.055544e+00,-1.754852e-02,5.710363e+01,2.162046e-03,2.734767e-03,2.322982e-02,-1.747798e+01,-3.125295e-03,-2.528461e-03,-1.951437e-02
1158,11.580000,6.580481e-01,-2.791250e+01,-1.910701e+00,-3.131965e+00,-1.702588e+01,-2.360810e+01,-2.169725e+01,-1.778978e+00,1.254934e+01,-4.085803e+00,1.111965e+01,-5.748264e+00,6.815641e+00,-1.722130e+00,8.669999e+00,-8.859593e+00,-3.906471e+00,-1.091741e+00,-9.163271e-01,-3.028576e+00,-3.261879e+00,-2.509971e+00,-2.830747e+00,-2.575616e+00,3.220237e-01,4.425221e-01,6.973537e-01,1.122133e+00,1.411484e+00,1.594484e+00,1.806499e+00,2.498869e+00,1.802806e+02,4.700840e-01,-1.051501e-01,-2.622242e+00,-2.334368e+00,3.207424e+00,2.758529e+00,6.052519e-01,2.649609e+00,-8.599896e-01,-4.861290e+00,-3.761920e+00,-1.274683e+00,2.619320e+00,3.410714e+00,9.854385e-01,3.157926e+00,-2.944152e-01,-2.836764e-01,-8.901731e-01,-9.581504e-01,-5.372545e-01,-6.127804e-01,-4.058601e-01,-6.971276e-02,-1.716161e-02,-2.158022e-02,1.104824e-02,-2.150664e-02,-1.546230e-02,8.905602e-03,-1.242701e-02,-9.252273e-02,-8.434810e-02,-9.974090e-01,7.506748e-02,5.859910e+01,0,0,0,1.724582e+01,9.953233e-04,-1.338653e-03,1.745549e-02
1159,11.590000,5.025627e-01,-3.142452e+01,-5.201341e+00,2.664951e-01,-1.663002e+01,-2.268064e+01,-1.639454e+01,-2.206191e+00,1.190567e+01,-6.009703e+00,5.463211e+00,-5.591057e+00,1.284126e+01,-1.893769e+00,1.282991e+01,-8.557719e+00,-4.435423e+00,-2.262314e+00,-1.943752e+00,-3.603850e+00,-3.902522e+00,-3.179235e+00,-3.005827e+00,-2.530660e+00,3.108530e-01,4.562793e-01,6.726215e-01,1.098488e+00,1.358061e+00,1.584298e+00,1.681001e+00,2.237843e+00,1.792127e+02,7.290761e-01,-1.602268e-01,-1.735958e+00,-1.515328e+00,1.534989e+00,2.138718e+00,1.356932e+00,6.018040e-01,-1.877403e+00,-2.334620e+00,-1.984756e+00,-3.465302e+00,3.213692e+00,2.887731e+00,-1.058423e+00,1.480737e+00,7.730950e-01,-1.737980e-01,-5.524002e-01,-6.888741e-01,-3.652022e-01,-2.248081e-01,-2.198431e-01,-9.473214e-02,-5.917909e-02,-9.806621e-03,6.091532e-03,-4.018283e-03,-4.685163e-03,3.505683e-03,-7.933545e-03,-4.754399e-02,-5.309772e-02,-1.318109e+00,9.240703e-02,1.157796e+02,0,0,8.406669e-03,3.385741e+01,6.330210e-03,-4.094563e-04,4.798023e-02
1160,11.600000,2.739267e-01,-3.239544e+01,-6.360559e+00,-1.335167e+00,-1.396438e+01,-1.924396e+01,-1.652936e+01,-5.311874e+00,1.015591e+01,-8.030328e+00,-2.585176e-01,-7.764394e-01,1.406239e+01,-7.195086e+00,1.204145e+01,-6.080231e+00,-4.608498e+00,-2.671916e+00,-2.500190e+00,-3.717757e+00,-3.645257e+00,-3.107114e+00,-3.105429e+00,-2.675964e+00,3.114702e-01,4.757550e-01,7.223131e-01,1.089834e+00,1.431103e+00,1.592828e+00,1.743034e+00,2.395142e+00,1.774807e+02,7.654278e-01,-1.136384e-01,-1.997705e-01,9.452856e-02,8.232050e-01,2.308495e+00,1.058495e+00,-3.470661e+00,-2.580919e+00,-1.095119e+00,-7.529578e-01,-1.922352e+00,4.003968e+00,9.418800e-01,-1.262369e+00,-1.793341e-01,2.465461e-01,1.275715e-01,7.412034e-02,-2.967411e-01,-2.133624e-01,9.938021e-02,9.483030e-02,-5.570323e-02,-8.078592e-02,-4.958093e-03,-1.027345e-02,1.234729e-02,1.551249e-02,6.463957e-03,4.295206e-03,1.848205e-02,1.772649e-02,-1.713429e+00,7.061644e-02,1.722849e+02,1.401534e-02,0,1.490545e-01,2.721531e+01,8.781761e-03,1.268530e-03,6.293155e-02
1161,11.610000,2.302745e-01,-3.119199e+01,-4.612948e+00,-1.180986e+00,-1.124817e+01,-1.942276e+01,-2.677894e+01,-8.756962e+00,1.255715e+01,-4.331059e+00,-2.162297e-01,5.515507e+00,1.449000e+01,-9.497231e+00,7.295809e+00,-5.291759e+00,-4.272676e+00,-1.891086e+00,-2.350533e+00,-3.935692e+00,-3.188941e+00,-2.753089e+00,-3.131656e+00,-2.833392e+00,3.186164e-01,4.312699e-01,7.003152e-01,1.140243e+00,1.364921e+00,1.575271e+00,1.695626e+00,2.290381e+00,1.754975e+02,7.887762e-01,-3.605202e-02,8.290943e-01,1.607275e+00,1.459505e+00,1.840384e+00,-7.446426e-01,-5.200130e+00,-2.136590e+00,-2.550596e+00,-1.364633e+00,1.151142e+00,3.979351e+00,-9.477054e-01,1.343747e+00,-9.726906e-03,-1.082128e+00,4.468503e-01,5.752864e-01,1.788142e-02,-8.178153e-02,3.803651e-02,2.170281e-01,-4.718161e-03,-7.434835e-02,-9.245848e-03,-2.601657e-02,6.787735e-03,1.777492e-02,1.838853e-02,5.795193e-03,5.824035e-02,7.699694e-02,-1.888275e+00,1.554876e-02,1.695478e+02,2.680543e-02,6.874856e-04,1.886037e-01,9.633052e+00,5.687358e-03,2.861958e-03,3.152384e-02
1162,11.620000,2.260001e-01,-2.902762e+01,-1.732255e+00,1.707800e+00,-8.174328e+00,-1.994456e+01,-3.385836e+01,-1.140819e+01,6.747995e+00,-8.689914e+00,4.347611e+00,8.718293e+00,1.070068e+01,-4.232244e+00,1.054038e+01,-9.259843e+00,-3.349987e+00,-9.067531e-01,-2.196642e+00,-3.929467e+00,-3.121768e+00,-2.248893e+00,-3.046349e+00,-2.828180e+00,2.933515e-01,4.036596e-01,7.452433e-01,1.178818e+00,1.440374e+00,1.620474e+00,1.891596e+00,2.561232e+00,1.735710e+02,7.933161e-01,5.637743e-02,7.439607e-01,1.928963e+00,2.709510e+00,5.360562e-01,-2.914974e+00,-3.703516e+00,-7.016344e-01,-3.898606e+00,-2.546396e+00,2.782948e+00,2.078149e+00,-2.248790e+00,3.487463e+00,9.750560e-01,-1.467394e+00,5.348100e-01,6.275941e-01,1.286488e-01,-4.570312e-02,-2.813391e-01,8.677296e-02,9.745335e-03,-2.032368e-02,-1.188010e-02,-3.082574e-02,-8.868838e-03,4.548097e-03,1.952598e-02,3.448963e-03,6.042219e-02,6.149750e-02,-1.875493e+00,3.196043e-03,1.677915e+02,3.050609e-02,5.998909e-03,2.245592e-01,-1.837146e+00,-2.802476e-04,4.517683e-03,-1.079334e-02
1163,11.630000,3.462659e-01,-2.896296e+01,5.208825e-01,6.042536e+00,-1.032313e+01,-2.605355e+01,-3.373068e+01,-9.840983e+00,8.566472e-01,-1.250307e+01,8.915856e+00,9.558331e+00,9.783591e+00,3.343545e+00,1.353181e+01,-1.237855e+01,-2.830427e+00,-2.684635e-01,-2.006119e+00,-3.906903e+00,-3.974084e+00,-2.523205e+00,-3.058958e+00,-2.826294e+00,2.736831e-01,3.622441e-01,6.950951e-01,1.142870e+00,1.445368e+00,1.599452e+00,1.897921e+00,2.539782e+00,1.717262e+02,7.928758e-01,8.881091e-02,5.171394e-03,1.096543e+00,2.827453e+00,-3.525079e-01,-3.854301e+00,-4.029120e-01,5.966195e-01,-4.944888e+00,-3.171352e+00,9.533215e-01,-3.366202e-01,-3.000650e+00,3.192256e+00,4.411922e-01,-2.379762e-01,3.825715e-01,2.891650e-01,5.034552e-02,-3.307152e-02,-5.052333e-01,-1.066579e-01,1.884494e-02,1.065354e-02,-1.066305e-02,-1.957302e-02,-1.880971e-02,-1.954103e-02,2.937787e-02,-3.756499e-03,2.717656e-02,5.252171e-02,-1.686646e+00,-1.139623e-02,1.661916e+02,2.019142e-02,1.131033e-02,1.282735e-01,-1.234037e+01,-4.375495e-03,3.383424e-03,-3.147323e-02
1164,11.640000,4.978181e-01,-2.979015e+01,7.173384e-01,8.600620e+00,-1.174662e+01,-3.050344e+01,-3.157107e+01,-8.278035e+00,-3.486865e+00,-1.667630e+01,9.090180e+00,7.592893e+00,5.171638e+00,3.821843e+00,1.379872e+01,-9.873802e+00,-2.655573e+00,-3.452568e-01,-2.029152e+00,-3.960667e+00,-4.659381e+00,-2.788191e+00,-3.093051e+00,-2.781131e+00,2.745363e-01,3.561392e-01,6.805789e-01,1.111261e+00,1.488510e+00,1.597983e+00,1.943997e+00,2.577929e+00,1.699889e+02,7.793582e-01,6.837815e-02,-7.426826e-01,-9.550764e-02,2.206615e+00,-9.831001e-01,-2.990064e+00,1.633013e+00,7.643737e-01,-3.460602e+00,-1.651240e+00,-1.653259e+00,-2.791192e+00,-3.116868e+00,7.810701e-01,-2.059215e+00,2.061098e+00,1.084613e-01,-1.185643e-01,-4.914270e-02,-9.033811e-02,-4.760338e-01,-2.886746e-01,-2.857750e-02,3.518867e-02,-1.929191e-03,-5.301276e-03,-2.163490e-02,-2.007282e-02,1.216207e-02,-5.817974e-03,-6.408334e-04,5.742311e-03,-1.340466e+00,-2.537083e-02,1.647773e+02,1.592111e-02,1.727699e-02,1.252529e-01,-2.835262e+01,-5.194361e-03,1.965695e-04,-4.234439e-02
1165,11.650000,5.384200e-01,-3.078487e+01,-3.550291e-01,9.509871e+00,-1.122456e+01,-3.341483e+01,-2.993714e+01,-7.338941e+00,-7.049856e+00,-1.619462e+01,2.179093e+00,4.395106e+00,2.251263e+00,2.437007e+00,7.872598e+00,-6.174660e+00,-2.707026e+00,-7.260094e-01,-2.182550e+00,-4.085450e+00,-4.946301e+00,-3.016729e+00,-3.014080e+00,-2.803649e+00,2.747088e-01,3.571650e-01,6.385988e-01,1.076316e+00,1.487743e+00,1.567734e+00,1.805308e+00,2.544641e+00,1.688553e+02,7.387740e-01,-9.960949e-04,-1.104498e+00,-1.372916e+00,1.317439e+00,-1.209628e+00,-8.732023e-01,2.978051e+00,8.630535e-01,-1.657942e+00,3.203878e-01,-2.974551e+00,-5.113073e+00,-3.070771e+00,-1.151086e+00,-3.021629e+00,2.250889e+00,-1.789182e-01,-4.601157e-01,-1.422932e-01,-1.348765e-01,-2.970951e-01,-3.336891e-01,-3.698051e-02,7.718432e-02,5.951199e-03,1.235833e-02,-1.364177e-03,-1.247622e-02,1.148152e-02,7.590055e-03,7.024848e-03,2.490938e-02,-8.528961e-01,-3.627925e-02,1.093531e+02,1.222044e-02,1.196557e-02,8.089077e-02,-4.427127e+01,-4.778416e-03,-3.324352e-03,-3.452713e-02
1166,11.660000,4.718138e-01,-3.183008e+01,-1.771837e+00,1.100721e+01,-1.263911e+01,-3.121424e+01,-2.759006e+01,-8.837341e+00,-6.601765e+00,-1.510034e+01,-5.502995e-01,-2.656055e+00,-1.117500e+00,1.263750e-01,3.073912e+00,-2.056299e+00,-2.869381e+00,-1.270802e+00,-2.354140e+00,-4.291884e+00,-5.015829e+00,-3.445503e+00,-3.211676e+00,-2.663559e+00,2.831928e-01,3.796928e-01,6.653170e-01,1.111731e+00,1.479997e+00,1.607242e+00,1.934699e+00,2.587514e+00,1.683041e+02,6.935129e-01,-6.787829e-02,-1.389284e+00,-2.361731e+00,3.064628e-01,-2.105233e+00,1.191474e+00,5.209407e+00,2.087992e+00,1.400295e+00,2.528266e+00,-1.721990e+00,-5.152248e+00,-8.605073e-01,-2.395348e+00,-1.643406e+00,1.099237e+00,-5.261256e-01,-6.910921e-01,-1.753980e-01,-1.146210e-01,-1.845119e-01,-3.864993e-01,-3.367097e-02,1.130012e-01,1.765727e-02,2.490044e-02,1.431575e-02,-1.322114e-03,3.825831e-03,1.642592e-02,3.239648e-02,3.211427e-02,-3.920898e-01,-3.423176e-02,5.444773e+01,8.519774e-03,6.654141e-03,3.652864e-02,-4.389077e+01,-4.406266e-03,-4.651954e-03,-3.313965e-02
1167,11.670000,3.542876e-01,-3.346549e+01,-5.099112e+00,1.142644e+01,-1.592503e+01,-3.006416e+01,-2.083093e+01,-5.246063e+00,-5.875611e+00,-1.168912e+01,-1.136657e+00,-1.088256e+01,-2.425696e+00,-5.641532e-01,3.786074e+00,-5.032858e+00,-3.618114e+00,-2.106270e+00,-2.555091e+00,-4.415677e+00,-5.281335e+00,-3.862994e+00,-3.184548e+00,-2.499159e+00,2.991109e-01,4.122590e-01,6.959052e-01,1.080254e+00,1.507032e+00,1.632772e+00,1.937695e+00,2.659537e+00,1.683041e+02,6.544022e-01,-9.661479e-02,-1.649852e+00,-2.835667e+00,-1.099025e+00,-2.557986e+00,2.164453e+00,7.004420e+00,3.506071e+00,3.301767e+00,2.918032e+00,5.757618e-03,-3.908798e+00,9.543533e-01,-2.495646e+00,1.355622e+00,-8.183354e-01,-7.973267e-01,-8.341996e-01,-1.894672e-01,-5.683165e-02,-1.341443e-01,-3.487386e-01,-2.361329e-02,7.877548e-02,2.910548e-02,3.398946e-02,2.733427e-02,3.271568e-03,6.038261e-03,1.585618e-02,3.989115e-02,3.500950e-02,-1.102417e-01,-2.131629e-02,0,0,0,0,-2.731538e+01,-3.296066e-03,-3.058527e-03,-1.983102e-02
1168,11.680000,2.504929e-01,-3.539626e+01,-8.719275e+00,9.174651e+00,-1.992256e+01,-2.622141e+01,-1.007714e+01,1.115487e+00,2.927490e+00,-6.287725e+00,2.138107e+00,-1.052952e+01,3.207582e+00,-6.654317e+00,7.624956e+00,-4.948519e+00,-4.830657e+00,-3.110587e+00,-2.719872e+00,-4.368659e+00,-5.414423e+00,-4.297555e+00,-3.176172e+00,-2.368370e+00,3.506216e-01,4.530944e-01,7.235045e-01,1.102681e+00,1.497994e+00,1.647593e+00,2.039786e+00,2.681052e+00,1.683041e+02,6.503853e-01,-8.018643e-02,-1.704361e+00,-2.587011e+00,-2.333684e+00,-1.622780e+00,2.722237e+00,7.376515e+00,3.661658e+00,3.614731e+00,2.640359e+00,1.416371e+00,-1.038830e+00,2.392384e+00,-2.614853e+00,2.888465e+00,-2.069278e+00,-8.592480e-01,-8.172262e-01,-2.545963e-01,5.803251e-03,-5.686541e-02,-2.500197e-01,-1.919108e-02,-1.677341e-02,2.976902e-02,3.342880e-02,2.428501e-02,-1.930547e-03,-3.649473e-03,-2.427959e-03,1.123558e-02,1.646662e-02,0,-9.588194e-03,0,0,0,0,-1.088955e+01,-1.703955e-03,-1.330828e-03,-7.305728e-03
1169,11.690000,1.660065e-01,-3.725104e+01,-1.105965e+01,4.931022e+00,-2.037277e+01,-2.508898e+01,-3.671503e+00,5.215000e+00,4.694353e+00,-6.010772e+00,8.636783e-01,-1.121215e+01,4.860489e+00,-6.650875e+00,1.237519e+01,-8.820228e+00,-5.713022e+00,-3.977115e+00,-2.947020e+00,-4.331221e+00,-5.417725e+00,-4.334396e+00,-3.149898e+00,-2.557366e+00,3.865217e-01,4.904115e-01,7.461764e-01,1.097199e+00,1.508936e+00,1.626840e+00,1.952220e+00,2.672920e+00,1.683041e+02,6.537563e-01,-3.941917e-02,-1.404764e+00,-1.460885e+00,-2.782562e+00,1.480690e-01,3.077769e+00,4.666989e+00,1.598426e+00,2.080582e+00,5.724105e-01,2.316153e+00,5.179498e-01,1.442184e+00,-1.872622e+00,2.037852e+00,-2.244606e+00,-6.023251e-01,-6.047598e-01,-3.101899e-01,9.558439e-03,5.878334e-02,-8.933125e-02,-1.077658e-01,-1.283205e-01,1.844572e-02,2.538851e-02,2.024767e-02,1.858783e-03,-1.179528e-02,-1.426994e-02,-2.048725e-02,-2.478239e-02,0,-1.823282e-03,0,0,0,0,0,0,0,0
1170,11.700000,1.650222e-01,-3.845911e+01,-1.172662e+01,2.586491e+00,-1.852914e+01,-2.009065e+01,7.127989e-01,4.240417e+00,6.186907e+00,-4.737713e+00,5.531387e+00,-7.685410e+00,7.201329e+00,-9.904531e+00,1.322168e+01,-1.050900e+01,-6.118167e+00,-4.421510e+00,-3.431157e+00,-4.305096e+00,-5.231961e+00,-4.459900e+00,-3.324956e+00,-2.718323e+00,3.883325e-01,5.077605e-01,7.616065e-01,1.093606e+00,1.460798e+00,1.598069e+00,1.983614e+00,2.663156e+00,1.683041e+02,6.458948e-01,-1.426172e-02,-8.901913e-01,-7.164758e-01,-2.212683e+00,1.141920e+00,2.537057e+00,1.475225e+00,-2.787151e-01,2.207058e-01,-9.901098e-01,2.722126e+00,1.711339e+00,6.264726e-01,-9.942970e-01,5.875629e-01,-2.374867e+00,-3.163267e-01,-3.253440e-01,-3.187104e-01,1.768074e-02,9.918585e-02,4.138803e-02,-1.319081e-01,-1.398745e-01,1.800618e-03,1.830175e-02,1.381336e-02,1.973391e-03,-1.002436e-02,-1.651063e-02,-4.382932e-02,-4.389515e-02,0,-2.022952e-03,0,0,0,0,0,0,0,0
1171,11.710000,1.999271e-01,-3.895789e+01,-1.089987e+01,8.077057e-01,-1.588139e+01,-1.774070e+01,-2.890950e+00,1.183602e+00,2.897593e+00,-9.602070e+00,8.747470e+00,-9.714864e+00,2.788348e+00,-8.302158e+00,1.117697e+01,-1.347565e+01,-5.985984e+00,-4.474607e+00,-3.750398e+00,-4.399666e+00,-5.078650e+00,-4.228477e+00,-3.648985e+00,-2.965785e+00,3.724841e-01,5.118685e-01,7.780926e-01,1.094086e+00,1.466654e+00,1.586185e+00,1.863345e+00,2.544573e+00,1.683041e+02,6.475310e-01,-1.068925e-02,-4.826878e-01,-4.539782e-01,-1.625693e+00,4.940712e-01,1.386461e+00,-4.222477e-01,-7.747326e-01,1.727838e-01,-1.645255e+00,2.327394e+00,2.079655e+00,6.819631e-01,-5.285319e-01,-1.111736e+00,-1.861827e+00,-1.795873e-01,-1.140703e-01,-2.071192e-01,4.944949e-02,7.498069e-02,7.770328e-02,-1.274319e-01,-8.328018e-02,3.575325e-04,1.531850e-02,8.687449e-03,8.987403e-03,3.011715e-03,-3.922570e-03,-2.879236e-02,-4.472058e-02,0,-2.223933e-03,0,0,0,0,0,0,0,0
1172,11.720000,1.622240e-01,-3.899379e+01,-1.238155e+01,1.728925e-01,-1.645865e+01,-1.721026e+01,-3.091294e+00,1.737610e+00,4.929399e+00,-9.442625e+00,1.180684e+01,-2.721462e+00,7.376015e+00,-1.080016e+01,1.116188e+01,-1.449514e+01,-6.275809e+00,-4.488561e+00,-3.911735e+00,-4.246032e+00,-5.088032e+00,-4.143574e+00,-3.586169e+00,-2.863533e+00,3.666435e-01,5.338746e-01,7.766132e-01,1.114105e+00,1.469013e+00,1.585368e+00,1.865077e+00,2.525750e+00,1.683041e+02,6.433832e-01,-2.915860e-02,2.625923e-02,-3.813668e-01,-1.077943e+00,-6.334279e-01,1.862106e-02,-6.761861e-01,-1.178211e+00,8.520509e-01,-1.238355e+00,-2.505349e-01,1.754657e+00,1.589485e+00,4.816663e-01,-1.403112e+00,-1.458883e+00,-9.118996e-02,1.858859e-02,-1.958528e-02,1.026403e-01,9.462895e-02,6.080084e-02,-2.317004e-02,2.516241e-02,3.692904e-03,1.250839e-02,2.842367e-03,1.536193e-02,1.972567e-02,8.074701e-03,-7.456136e-03,-6.461477e-03,0,-1.235849e-03,0,0,0,0,0,0,0,0
1173,11.730000,1.139594e-01,-3.939714e+01,-1.300208e+01,-1.990643e+00,-1.893766e+01,-1.959687e+01,-3.880695e+00,2.592740e+00,6.187026e+00,-1.188459e+01,9.362921e+00,-3.295849e+00,8.182961e+00,-8.845719e+00,7.846410e+00,-1.613629e+01,-6.532137e+00,-4.513941e+00,-3.742327e+00,-4.113505e+00,-5.114786e+00,-4.104043e+00,-3.656451e+00,-2.901161e+00,3.991539e-01,5.539469e-01,7.821103e-01,1.131886e+00,1.519886e+00,1.613577e+00,1.867527e+00,2.518019e+00,1.683041e+02,6.438925e-01,-3.542074e-02,9.674976e-01,2.560210e-01,-8.949847e-01,-1.244638e+00,-3.793465e-01,-4.674446e-01,-2.333486e+00,1.626640e+00,1.058090e+00,-2.537355e+00,9.054617e-01,3.148770e+00,8.576852e-01,-2.243284e+00,-1.148193e+00,1.035868e-01,2.457878e-01,2.065514e-01,2.138181e-01,3.191737e-01,5.243912e-02,1.104743e-01,1.195496e-01,4.136777e-03,1.157051e-03,-1.507139e-03,8.818102e-03,-3.524506e-03,2.712297e-03,4.433179e-03,2.500327e-02,-4.111633e-02,5.704546e-03,0,0,0,0,1.105581e+01,0,0,0
1174,11.740000,6.221304e-02,-3.810818e+01,-1.258235e+01,-1.404050e+00,-2.016815e+01,-1.906946e+01,-2.173259e+00,-2.355206e+00,8.802445e+00,-9.788228e+00,3.970987e+00,-2.121632e+00,1.245145e+01,-7.224419e+00,7.871403e+00,-1.647309e+01,-6.301041e+00,-4.308900e+00,-3.533118e+00,-3.934974e+00,-4.740748e+00,-4.218113e+00,-3.437073e+00,-2.624822e+00,3.934621e-01,5.492632e-01,7.738094e-01,1.151515e+00,1.532810e+00,1.624746e+00,1.944242e+00,2.644125e+00,1.683041e+02,6.415349e-01,-1.948392e-02,1.926902e+00,1.072961e+00,-1.197806e+00,-4.412359e-01,1.897968e-01,-1.264053e+00,-4.116832e+00,1.580527e+00,2.863101e+00,-3.409350e+00,-9.504557e-01,2.656689e+00,2.097691e+00,-2.289875e+00,-9.229414e-01,3.418519e-01,4.415030e-01,3.455069e-01,2.558285e-01,6.321085e-01,1.627585e-01,2.011613e-01,1.589870e-01,-2.234095e-03,-9.569651e-03,1.029037e-02,-5.595684e-05,-3.746033e-02,-8.273971e-03,-2.377721e-02,2.196503e-03,-1.503769e-01,2.255290e-02,0,0,0,0,2.757252e+01,0,0,0
1175,11.750000,7.282890e-02,-3.456320e+01,-9.519357e+00,-2.878747e+00,-2.024983e+01,-1.870783e+01,-5.687191e+00,-8.437419e+00,9.094268e+00,-4.138816e+00,-2.137661e-02,-5.487471e+00,1.599448e+01,-5.801603e+00,1.605788e+00,-1.822764e+01,-5.455434e+00,-3.335499e+00,-2.906949e+00,-3.486104e+00,-3.656423e+00,-3.929012e+00,-3.171161e+00,-2.487393e+00,3.797587e-01,5.099595e-01,7.719588e-01,1.119471e+00,1.417133e+00,1.580057e+00,1.845928e+00,2.610402e+00,1.680985e+02,6.769779e-01,3.966197e-03,2.556192e+00,1.626616e+00,-2.202039e+00,-6.869885e-01,3.717403e-01,-1.623384e+00,-4.633372e+00,1.436262e-01,4.588752e+00,-9.919239e-01,-1.893392e+00,7.188804e-01,1.812361e+00,-1.300231e+00,-4.937025e-01,4.202398e-01,6.141014e-01,4.739845e-01,3.949724e-01,8.496220e-01,2.518010e-01,2.321623e-01,1.317616e-01,-5.874878e-03,-1.054041e-02,2.627224e-02,-1.045357e-02,-5.240625e-02,-3.533614e-03,-1.763418e-02,-1.848490e-02,-3.374313e-01,4.037618e-02,5.527904e+01,0,0,0,4.398250e+01,0,0,2.174047e-02
1176,11.760000,8.536967e-02,-3.177625e+01,-8.758101e+00,-5.372085e+00,-1.800874e+01,-1.670580e+01,-8.508309e+00,-1.333147e+01,1.137841e+01,9.999940e-01,-5.477578e-01,-6.377930e+00,1.675370e+01,-1.833761e+00,2.832814e+00,-1.806418e+01,-5.104901e+00,-2.870268e+00,-2.601889e+00,-3.280590e+00,-2.656671e+00,-3.417297e+00,-2.823008e+00,-2.275482e+00,3.651706e-01,5.080201e-01,8.331409e-01,1.120033e+00,1.333088e+00,1.560758e+00,1.756991e+00,2.490541e+00,1.676550e+02,7.396049e-01,2.494268e-02,2.090261e+00,1.669770e+00,-2.855047e+00,-1.941834e+00,-2.529461e-01,-1.745468e+00,-2.887488e+00,-1.711765e+00,3.579783e+00,2.662165e+00,-3.552783e+00,-3.871035e+00,7.019496e-01,7.729012e-01,3.243086e-01,2.894872e-01,5.711402e-01,5.277103e-01,4.212006e-01,6.923510e-01,2.297976e-01,1.022817e-01,1.965070e-02,1.539794e-03,-5.770570e-03,3.624899e-02,-2.220197e-02,-3.808705e-02,1.302918e-02,-9.516967e-03,-5.221844e-02,-5.257431e-01,4.713744e-02,1.102231e+02,0,0,0,4.379041e+01,0,0,5.435117e-02
1177,11.770000,1.222121e-01,-2.978214e+01,-6.781122e+00,-1.101682e+01,-2.345231e+01,-1.892000e+01,-8.830092e+00,-1.508599e+01,5.617172e+00,5.665054e+00,6.662673e+00,-1.063466e+01,9.626237e+00,-2.479242e+00,3.864552e+00,-1.780926e+01,-5.029008e+00,-2.162750e+00,-1.838019e+00,-2.465835e+00,-1.908715e+00,-3.245446e+00,-2.802673e+00,-2.417024e+00,3.839252e-01,5.218664e-01,8.838058e-01,1.095360e+00,1.357716e+00,1.627904e+00,1.872981e+00,2.502387e+00,1.669415e+02,7.967383e-01,3.744467e-02,1.273987e+00,1.631481e+00,-1.662842e+00,-3.824839e+00,-1.858365e+00,-6.342900e-01,-2.685070e-02,-2.885189e+00,1.434422e+00,4.538848e+00,-3.436551e+00,-6.361952e+00,-1.461137e+00,2.895647e+00,1.920691e+00,1.624709e-01,4.760551e-01,5.675598e-01,3.933521e-01,2.200067e-01,3.146315e-02,-2.177391e-02,-3.842614e-02,6.361491e-03,-6.175047e-03,9.210783e-03,-3.408947e-02,1.298964e-03,2.825859e-02,3.299916e-02,-1.942847e-02,-5.959183e-01,3.574217e-02,1.648010e+02,0,0,1.087024e-01,2.724425e+01,1.319462e-02,0,6.847075e-02
1178,11.780000,1.622349e-01,-3.004741e+01,-5.602621e+00,-1.161025e+01,-2.827608e+01,-2.022811e+01,-9.329150e+00,-1.346836e+01,1.982166e+00,3.208752e+00,1.393979e+01,-1.731195e+01,-3.719608e+00,-5.375851e+00,1.060653e+01,-1.506074e+01,-5.066818e+00,-2.039573e+00,-1.429031e+00,-2.339106e+00,-2.152847e+00,-3.410908e+00,-3.109909e+00,-2.561753e+00,3.990778e-01,5.144569e-01,8.991309e-01,1.052561e+00,1.372083e+00,1.665969e+00,1.883130e+00,2.437040e+00,1.662539e+02,8.173419e-01,4.614123e-02,5.126894e-01,1.829287e+00,3.871251e-01,-4.376109e+00,-3.327893e+00,5.520058e-03,2.744313e+00,-3.231494e+00,-6.726853e-01,3.712186e+00,-2.336264e+00,-4.939641e+00,-3.275567e+00,2.219072e+00,2.837505e+00,1.649114e-01,4.048473e-01,5.251158e-01,2.820112e-01,-2.623037e-01,-1.586114e-01,-1.064631e-01,-9.568696e-02,5.265683e-03,-1.630060e-02,-3.129270e-02,-5.375380e-02,3.532505e-03,9.572136e-03,1.834635e-02,8.149028e-03,-4.449219e-01,1.119161e-02,1.641911e+02,0,0,2.174047e-01,1.122836e+01,3.709477e-02,1.305476e-03,6.106065e-02
1179,11.790000,2.216197e-01,-2.905769e+01,-2.939690e+00,-8.073875e+00,-3.424036e+01,-2.623850e+01,-8.448220e+00,-8.503229e+00,-6.335530e-01,1.928917e+00,1.542909e+01,-1.720321e+01,-5.578625e+00,-1.133624e+01,1.219717e+01,-1.012590e+01,-4.662121e+00,-1.370571e+00,-6.555789e-01,-1.990086e+00,-2.808302e+00,-3.774891e+00,-3.136580e+00,-2.536388e+00,3.946126e-01,4.758658e-01,7.850177e-01,9.827597e-01,1.404130e+00,1.668745e+00,1.947854e+00,2.540010e+00,1.658195e+02,8.168203e-01,2.824969e-02,-2.640915e-02,1.406684e+00,2.370685e+00,-2.697722e+00,-4.042216e+00,9.492494e-01,4.685198e+00,-1.394287e+00,-1.808371e+00,1.584719e-01,1.266486e-01,8.761334e-02,-3.575859e+00,3.158816e-01,2.850010e+00,1.476851e-01,2.347206e-01,3.405831e-01,1.040083e-01,-5.962823e-01,-2.312963e-01,-3.152969e-02,-5.635972e-02,1.103491e-04,-1.867357e-02,-5.992322e-02,-5.864523e-02,-9.928549e-03,-1.900214e-02,-2.363819e-02,1.465375e-02,-1.459457e-01,-6.003049e-02,1.645163e+02,6.597310e-02,0,2.336514e-01,-1.036098e+01,4.574619e-02,1.958214e-03,7.627204e-03
1180,11.800000,2.663720e-01,-2.957503e+01,-1.532384e+00,-4.907932e+00,-3.449526e+01,-2.968601e+01,-8.671645e+00,-2.901288e+00,-1.653692e+00,-4.953631e-01,1.362996e+01,-1.477497e+01,-3.420741e-01,-1.378309e+01,9.761865e+00,-7.718333e+00,-4.463788e+00,-1.242121e+00,-5.675301e-01,-2.108409e+00,-3.518396e+00,-3.945632e+00,-3.188370e+00,-2.694235e+00,3.861554e-01,4.495174e-01,7.260714e-01,9.075639e-01,1.327544e+00,1.588198e+00,1.811286e+00,2.512475e+00,1.659914e+02,7.855220e-01,-4.231519e-03,-4.933390e-01,7.487243e-01,2.527530e+00,-3.799858e-01,-3.712318e+00,1.305724e+00,4.561443e+00,-3.383219e-01,-1.865062e+00,-2.611699e+00,1.758932e+00,4.565267e+00,-2.216975e+00,-1.267061e+00,1.412475e+00,8.048658e-02,3.083878e-02,8.186550e-02,-2.223048e-02,-6.256347e-01,-1.948679e-01,4.581175e-02,-6.138632e-02,-3.335893e-03,-1.017024e-02,-5.704675e-02,-3.785263e-02,-1.112087e-02,-2.913625e-02,-2.241183e-02,2.373645e-02,1.374420e-01,-1.450919e-01,1.665072e+02,1.524873e-01,6.527380e-03,2.428287e-01,-2.679229e+01,2.595426e-02,1.958214e-03,-2.985751e-02
1181,11.810000,2.113919e-01,-3.015038e+01,-1.782820e+00,-2.514551e+00,-3.383133e+01,-3.440213e+01,-4.412598e+00,3.056465e+00,4.636652e-01,-1.524741e+00,7.609945e+00,-1.126991e+01,8.375537e+00,-1.615492e+01,5.866292e+00,-7.230413e+00,-4.592098e+00,-1.387874e+00,-5.658543e-01,-2.061142e+00,-4.207352e+00,-4.134566e+00,-2.921091e+00,-2.632582e+00,3.909382e-01,4.609683e-01,6.707194e-01,8.746322e-01,1.330343e+00,1.571778e+00,1.790713e+00,2.537938e+00,1.663430e+02,5.124958e-01,-3.907564e-02,-1.240912e+00,-8.893473e-01,1.823022e+00,2.431733e+00,-1.529400e+00,1.735744e+00,3.365226e+00,1.163515e+00,-1.508098e+00,-3.368349e+00,1.815391e+00,5.438149e+00,-1.980198e-01,-4.022754e-01,-4.687651e-01,-1.570894e-01,-3.733782e-01,-3.008185e-01,-2.589510e-01,-5.208706e-01,-1.046505e-01,9.432199e-02,-2.986114e-02,-1.169387e-02,4.519409e-03,-3.326292e-02,1.103932e-03,-1.624194e-02,-1.971309e-02,-3.384024e-02,-2.008131e-02,2.407669e-01,-1.743721e-01,1.118380e+02,1.524873e-01,6.527380e-03,1.341264e-01,-4.389710e+01,-1.979193e-02,0,-5.922519e-02
1182,11.820000,1.461911e-01,-3.196776e+01,-2.437434e+00,-1.752261e+00,-3.038052e+01,-3.470788e+01,-4.818341e+00,3.559011e+00,-2.580520e-01,-4.389732e+00,4.790866e+00,-1.148394e+01,1.212965e+01,-1.405139e+01,7.436656e+00,-9.446107e+00,-4.699397e+00,-1.876728e+00,-1.064566e+00,-2.414730e+00,-4.581495e+00,-4.205410e+00,-2.988595e+00,-2.820588e+00,3.842355e-01,4.710544e-01,6.710463e-01,9.173615e-01,1.353372e+00,1.568771e+00,1.849642e+00,2.556758e+00,1.666793e+02,2.440447e-01,-4.141725e-02,-1.822117e+00,-2.268589e+00,1.371604e+00,3.995413e+00,1.040356e+00,2.564894e+00,1.270085e+00,1.648599e+00,-1.226929e+00,-2.021133e+00,1.469572e+00,3.070799e+00,1.979548e+00,9.078342e-01,-1.696873e+00,-3.428759e-01,-6.931943e-01,-6.123416e-01,-4.513751e-01,-3.808503e-01,-5.892401e-02,6.143742e-02,3.384850e-02,-1.872559e-02,1.722242e-02,-1.115885e-02,4.357827e-02,1.483791e-02,6.280363e-03,9.378624e-03,-1.478128e-02,1.712219e-01,-1.436444e-01,5.656879e+01,8.651418e-02,6.527380e-03,1.178797e-01,-4.448524e+01,-4.574619e-02,-1.958214e-03,-6.197838e-02
1183,11.830000,8.633188e-02,-3.406588e+01,-6.933901e+00,-5.365985e-01,-2.413906e+01,-3.137457e+01,-1.696150e+00,5.092751e+00,4.486201e+00,-3.664389e+00,3.006896e+00,-9.771771e+00,1.537626e+01,-1.219219e+01,1.134839e+01,-1.160584e+01,-5.329764e+00,-2.920158e+00,-1.911153e+00,-3.131680e+00,-4.881105e+00,-4.168254e+00,-2.764858e+00,-2.622517e+00,3.371031e-01,4.876944e-01,6.462157e-01,9.833805e-01,1.310006e+00,1.579893e+00,1.759475e+00,2.417462e+00,1.666793e+02,2.156987e-01,-1.303982e-02,-2.017419e+00,-2.946650e+00,1.015890e+00,4.468427e+00,3.711288e+00,2.970192e+00,-6.683747e-01,1.546564e+00,-9.342306e-01,2.332396e-01,1.380030e+00,-2.874861e-01,3.142069e+00,1.234978e+00,-2.095024e+00,-4.233447e-01,-8.393195e-01,-7.921110e-01,-5.530750e-01,-2.157114e-01,-1.900620e-02,-2.225070e-02,8.065262e-02,-2.009014e-02,2.030537e-02,1.133081e-02,5.411398e-02,1.598771e-02,1.746072e-02,-1.909947e-03,-4.872901e-02,6.726684e-02,-1.981154e-02,0,0,0,0,-2.802448e+01,-3.914887e-02,-1.958214e-03,-3.861324e-02
1184,11.840000,1.218158e-01,-3.672786e+01,-1.029979e+01,9.611101e-01,-1.936433e+01,-2.599801e+01,2.794603e+00,2.430993e+00,4.578036e+00,-5.560184e+00,5.825823e+00,-8.176182e+00,1.151156e+01,-5.866716e+00,1.155999e+01,-1.401499e+01,-5.809334e+00,-3.941950e+00,-2.956589e+00,-3.830015e+00,-5.085771e+00,-4.223408e+00,-2.959299e+00,-2.530025e+00,3.194450e-01,5.222664e-01,6.825290e-01,1.071081e+00,1.411902e+00,1.615543e+00,1.873798e+00,2.498807e+00,1.666793e+02,2.156987e-01,5.651142e-03,-1.753896e+00,-2.781965e+00,8.679350e-01,3.425190e+00,4.203870e+00,2.600444e+00,-1.584844e+00,1.766668e+00,-5.259225e-01,1.212047e+00,1.992234e+00,-2.828709e+00,2.966198e+00,-2.920726e-01,-1.606935e+00,-4.193754e-01,-7.157132e-01,-7.281121e-01,-4.920471e-01,-1.165686e-01,-1.577725e-02,-7.990105e-02,1.145494e-01,-2.197146e-03,2.018305e-02,3.169497e-02,4.207160e-02,3.105164e-02,1.898030e-02,8.736253e-04,-2.875361e-02,0,5.556249e-02,0,0,0,0,-1.131376e+01,-1.730284e-02,-1.305476e-03,-2.357593e-02
1185,11.850000,1.583805e-01,-3.785742e+01,-1.258489e+01,1.208211e+00,-1.699729e+01,-2.020062e+01,6.631891e+00,2.786009e-01,5.778444e+00,-5.610668e+00,8.258664e+00,-6.023639e+00,7.247150e+00,-4.536911e+00,9.979517e+00,-1.542109e+01,-6.153852e+00,-4.551860e+00,-3.580398e+00,-4.118875e+00,-5.033772e+00,-4.220598e+00,-3.046992e+00,-2.374600e+00,3.228828e-01,5.368891e-01,7.216321e-01,1.068342e+00,1.381017e+00,1.635696e+00,1.769085e+00,2.323269e+00,1.666793e+02,4.276111e-01,7.483452e-03,-1.202730e+00,-1.858487e+00,2.213457e-01,1.586094e+00,2.851337e+00,-5.358975e-02,-1.573436e+00,1.469881e+00,-7.578611e-03,1.550538e+00,1.531275e+00,-3.155685e+00,1.253421e+00,-7.436656e-01,-9.203877e-01,-3.323113e-01,-3.798358e-01,-4.703677e-01,-3.426020e-01,-2.873898e-02,2.695036e-03,-1.176623e-01,4.360621e-02,1.574391e-02,8.783179e-03,4.659741e-02,2.321109e-02,3.404453e-02,9.272349e-03,7.177746e-03,5.743980e-03,0,1.035637e-01,0,0,0,0,0,0,0,0
1186,11.860000,1.384225e-01,-3.884147e+01,-1.352176e+01,1.715009e+00,-1.682546e+01,-1.927551e+01,4.019859e+00,-1.958134e+00,7.929166e+00,-6.046205e+00,8.225217e+00,-3.396842e+00,2.050653e+00,-3.048042e+00,6.660732e+00,-1.557315e+01,-6.384229e+00,-4.639443e+00,-3.870504e+00,-4.381368e+00,-5.088005e+00,-4.258125e+00,-3.247033e+00,-2.371799e+00,3.803600e-01,5.473723e-01,7.918129e-01,1.085239e+00,1.473125e+00,1.635771e+00,1.849205e+00,2.460087e+00,1.666793e+02,4.159009e-01,-1.543986e-02,-5.763317e-01,-1.034046e+00,-3.377900e-01,1.967918e-01,5.422322e-01,-1.924773e+00,3.538981e-01,1.489811e+00,-7.622997e-02,2.302298e-01,1.148041e+00,-1.166269e+00,-5.724560e-01,-1.826878e-01,-6.663437e-02,-2.402529e-01,-1.059321e-01,-1.427548e-01,-1.470983e-01,-3.295736e-02,4.689799e-02,-5.524366e-02,-2.469065e-02,2.112011e-02,-6.818771e-05,3.386432e-02,1.482688e-02,2.667570e-02,-2.216256e-03,-1.614118e-03,3.254752e-02,0,1.042445e-01,0,0,0,0,0,0,0,0
1187,11.870000,1.154458e-01,-3.902273e+01,-1.461535e+01,1.931802e-01,-1.747803e+01,-2.047913e+01,-2.576727e+00,-5.798675e-01,1.016004e+01,-3.459272e+00,9.559890e+00,-4.505066e+00,4.328290e+00,-7.334423e+00,1.007969e+01,-1.542869e+01,-6.703873e+00,-4.470590e+00,-3.806034e+00,-4.569013e+00,-5.023683e+00,-4.137421e+00,-3.209302e+00,-2.483599e+00,3.853652e-01,5.190573e-01,8.245608e-01,1.092357e+00,1.449617e+00,1.616140e+00,1.807660e+00,2.465542e+00,1.666793e+02,6.334160e-01,-2.541848e-02,-1.763435e-01,-1.853034e-01,-5.311159e-01,-7.833933e-01,-1.605179e+00,-2.321034e+00,2.048559e+00,6.026358e-01,-1.196018e+00,-1.274693e+00,1.977485e-01,6.223956e-01,-1.352607e+00,8.048865e-01,1.008591e+00,-1.073397e-01,3.911238e-02,1.243930e-01,1.133294e-02,-9.625997e-02,4.996185e-02,-2.215781e-02,-9.054492e-02,1.675314e-02,-3.925264e-03,1.276843e-02,1.705543e-02,3.291631e-02,-4.328656e-03,3.117213e-02,7.178249e-02,0,6.540843e-02,0,0,0,0,0,0,0,0
1188,11.880000,6.608386e-02,-3.902687e+01,-1.445479e+01,-2.203243e-01,-1.814000e+01,-2.314759e+01,-2.224952e+00,4.629718e+00,9.836295e+00,-7.017033e+00,6.326359e+00,-3.195261e+00,7.139645e+00,-7.330240e+00,1.059646e+01,-1.434436e+01,-6.735588e+00,-4.512246e+00,-3.557545e+00,-4.340438e+00,-5.255602e+00,-4.030507e+00,-3.154362e+00,-2.598979e+00,3.938043e-01,5.308414e-01,8.003863e-01,1.133208e+00,1.510980e+00,1.614239e+00,1.846440e+00,2.590408e+00,1.666793e+02,6.340188e-01,-1.652107e-02,1.520744e-01,5.862810e-01,-4.345028e-01,-1.048901e+00,-2.238622e+00,1.105924e-01,2.263041e+00,-9.213260e-01,-1.872005e+00,-2.608919e+00,-9.807930e-01,8.593025e-01,-8.747500e-01,1.401815e+00,1.670433e+00,7.151069e-02,3.086600e-02,2.654608e-01,1.490285e-01,-1.060648e-01,-7.648611e-03,3.024058e-02,-8.891342e-02,7.999835e-03,-1.977992e-03,-1.088644e-02,7.957065e-03,1.844590e-02,-7.475376e-04,3.728356e-02,4.830823e-02,0,3.653514e-03,0,0,0,0,0,0,0,0
1189,11.890000,6.745746e-02,-3.864644e+01,-1.304490e+01,-4.797020e-01,-2.025698e+01,-2.629047e+01,-1.850873e+00,7.227468e+00,7.838058e+00,-1.110534e+01,2.834629e+00,-5.135687e+00,7.814632e+00,-9.158848e+00,1.203609e+01,-1.099253e+01,-6.514872e+00,-4.419897e+00,-3.114913e+00,-4.082675e+00,-5.431273e+00,-4.084598e+00,-3.204117e+00,-2.713735e+00,3.999263e-01,5.255283e-01,7.811875e-01,1.129635e+00,1.526671e+00,1.624818e+00,1.926328e+00,2.617021e+00,1.666793e+02,6.455944e-01,2.056522e-03,2.161156e-01,1.061250e+00,1.256478e-01,-8.316444e-01,-1.283803e+00,1.756102e+00,5.643646e-01,-1.688609e+00,-1.497995e+00,-2.233871e+00,-1.885203e+00,-1.125228e+00,2.424684e-02,8.505523e-01,1.729534e+00,2.097856e-01,1.277437e-02,2.164879e-01,1.394654e-01,-5.561919e-02,-9.911356e-02,-1.502233e-02,-6.005626e-02,6.170460e-03,3.491998e-04,-8.298909e-03,-4.095423e-03,1.508757e-02,6.773472e-05,5.969105e-02,4.936757e-02,0,-6.324922e-02,0,0,0,0,0,0,0,0
1190,11.900000,7.981133e-02,-3.826925e+01,-1.137558e+01,-1.210635e-01,-2.068049e+01,-2.756294e+01,4.209894e+00,5.453405e+00,4.483526e+00,-1.158319e+01,-1.456748e+00,-7.985497e+00,4.603994e+00,-6.509579e+00,1.269161e+01,-9.439071e+00,-6.121176e+00,-4.510459e+00,-2.888761e+00,-3.879395e+00,-5.414534e+00,-4.322779e+00,-3.098423e+00,-2.701298e+00,4.130786e-01,5.342469e-01,7.590674e-01,1.106385e+00,1.526828e+00,1.627694e+00,1.976289e+00,2.625888e+00,1.666793e+02,4.280792e-01,1.559480e-02,1.297729e-01,7.318981e-01,2.114388e-01,-2.580513e-01,3.949827e-01,1.149164e+00,-1.541133e+00,-1.752627e+00,-2.877132e-01,-6.728042e-01,-2.170075e+00,-1.051238e+00,1.233972e+00,1.103470e+00,2.089837e-01,2.107137e-01,7.663965e-03,4.995518e-02,5.055828e-02,6.801243e-02,-1.111971e-01,-4.923084e-02,-3.146551e-02,-8.003712e-05,-3.378189e-03,1.008594e-03,-1.413178e-02,-4.321671e-03,-5.138957e-03,2.909186e-02,2.703295e-02,0,-6.663022e-02,0,0,0,0,0,0,0,0
1191,11.910000,1.188646e-01,-3.832096e+01,-1.084870e+01,7.717886e-01,-2.036600e+01,-2.469047e+01,2.986358e+00,1.830112e+00,4.393380e+00,-8.666167e+00,2.282090e+00,-1.153596e+01,-3.002437e-02,-7.623519e+00,1.328488e+01,-9.233670e+00,-5.962151e+00,-4.407611e+00,-3.057986e+00,-4.102208e+00,-5.222312e+00,-4.486852e+00,-3.312384e+00,-2.732720e+00,4.065803e-01,5.191006e-01,8.037257e-01,1.085292e+00,1.517131e+00,1.609752e+00,2.041191e+00,2.694639e+00,1.666793e+02,4.201396e-01,9.464057e-03,2.065773e-02,5.577965e-02,-6.852943e-03,3.553247e-01,2.094232e+00,-9.980911e-01,-1.391344e+00,-6.753377e-01,7.130470e-02,1.114639e+00,-6.961273e-01,4.068499e-01,2.018852e+00,6.805779e-01,-1.728463e+00,9.254751e-02,3.030586e-03,-1.098534e-01,-1.928573e-02,1.448086e-01,5.980968e-03,-1.001361e-01,-3.957763e-02,-2.619430e-03,-7.031083e-04,9.493584e-03,-4.823661e-03,-5.846059e-03,-7.910860e-03,-1.822724e-02,1.274257e-02,0,-7.637897e-03,0,0,0,0,0,0,0,0
1192,11.920000,1.183543e-01,-3.854074e+01,-1.189340e+01,2.111246e-01,-1.937575e+01,-2.197268e+01,1.102250e+00,-3.772682e-01,2.795501e+00,-9.675186e+00,3.238607e+00,-1.084550e+01,5.805784e+00,-1.928046e+00,1.548941e+01,-1.417887e+01,-5.958380e+00,-4.480069e+00,-3.336232e+00,-4.077880e+00,-5.020020e+00,-4.385365e+00,-3.346383e+00,-2.746814e+00,3.900771e-01,5.171643e-01,7.941601e-01,1.084721e+00,1.494142e+00,1.596078e+00,1.934468e+00,2.686764e+00,1.666793e+02,4.135951e-01,-1.537017e-03,4.995361e-01,-5.900032e-01,-2.173417e+00,5.445099e-02,3.404546e+00,-1.953764e+00,-5.948922e-01,2.097737e-01,9.331700e-01,1.919941e+00,4.145366e-01,2.946252e+00,1.684446e+00,-1.244347e-01,-2.149730e+00,-8.889508e-02,2.492399e-02,-4.988165e-02,1.652279e-01,3.938400e-01,2.041214e-01,-3.908880e-02,-3.491890e-02,3.233343e-04,1.371908e-03,7.033467e-03,6.399417e-03,-8.320522e-03,-5.814338e-03,-5.673249e-02,-2.599001e-03,1.878424e+00,6.322088e-02,0,0,0,0,1.862564e+01,0,0,0
1193,11.930000,9.550628e-02,-3.840740e+01,-1.250709e+01,-6.800608e-01,-1.913273e+01,-1.861445e+01,-5.287506e+00,3.186085e+00,5.305383e+00,-1.170282e+01,6.060146e+00,-7.186324e+00,9.247987e+00,-1.355352e+00,1.404007e+01,-1.726495e+01,-6.133532e+00,-4.419940e+00,-3.440444e+00,-4.079861e+00,-4.904487e+00,-4.023400e+00,-3.580817e+00,-2.888865e+00,3.983299e-01,5.305540e-01,8.111091e-01,1.116349e+00,1.513784e+00,1.601072e+00,1.856102e+00,2.650296e+00,1.666793e+02,6.146470e-01,-9.521361e-03,1.732477e+00,-5.541479e-01,-5.179753e+00,-4.173298e-01,4.302462e+00,6.808905e-02,1.250555e-01,4.202495e-01,3.417585e+00,1.711533e+00,1.491689e-01,2.721564e+00,9.088877e-01,-1.488591e+00,-2.971001e-02,-1.418080e-01,9.499998e-02,2.165995e-01,5.565602e-01,7.921556e-01,4.215015e-01,1.749197e-01,2.907393e-02,1.397348e-02,1.554786e-02,7.105309e-03,4.631328e-03,-1.740885e-02,-3.658986e-03,-5.012415e-02,-1.899610e-02,6.138809e+00,8.181851e-02,0,0,0,0,4.669986e+01,1.043995e-02,0,4.762243e-02
1194,11.940000,8.380542e-02,-3.572834e+01,-1.349640e+01,-1.026222e+01,-2.102487e+01,-1.357822e+01,-1.421994e+00,1.800958e+00,5.076394e+00,-5.399017e+00,6.253931e+00,-8.087634e+00,1.469625e+01,-1.221433e+00,1.169184e+01,-1.617208e+01,-6.479961e+00,-4.379675e+00,-2.946941e+00,-3.064428e+00,-3.604247e+00,-3.533898e+00,-3.159650e+00,-2.797820e+00,4.188205e-01,5.353797e-01,7.905430e-01,1.122854e+00,1.486899e+00,1.602962e+00,1.785171e+00,2.635065e+00,1.760715e+02,6.469300e-01,8.330836e-03,2.799841e+00,3.240582e-01,-6.499991e+00,-1.243453e+00,3.673936e+00,2.276680e+00,-9.990706e-01,7.677646e-02,6.441604e+00,1.751869e+00,-2.032011e+00,-2.903327e-01,5.257366e-02,-2.369136e+00,3.150196e+00,-1.487823e-02,2.957852e-01,5.226572e-01,7.976038e-01,1.064807e+00,4.337148e-01,3.176388e-01,1.056649e-01,1.731860e-02,1.628548e-02,1.868539e-02,-1.300718e-02,-3.610283e-02,-7.443428e-03,-1.947593e-02,-1.214569e-02,1.223801e+01,8.741573e-02,9.312821e+01,0,0,0,7.498344e+01,2.399331e-02,8.432370e-03,8.526734e-02
1195,11.950000,8.853225e-02,-3.106477e+01,-1.281794e+01,-1.989031e+01,-2.162809e+01,-7.375389e+00,4.588926e+00,1.366277e+00,5.354181e+00,6.283674e+00,9.332092e+00,-1.216905e+01,9.132563e+00,-3.432387e+00,7.740713e+00,-8.385615e+00,-6.410400e+00,-3.982808e+00,-2.169635e+00,-1.826133e+00,-1.969421e+00,-2.805078e+00,-2.531152e+00,-2.561847e+00,4.620760e-01,5.877322e-01,8.410608e-01,1.089382e+00,1.433708e+00,1.588015e+00,1.865219e+00,2.625508e+00,1.926773e+02,7.125647e-01,1.684059e-02,3.591436e+00,1.745898e+00,-5.583172e+00,-1.992629e+00,1.319101e+00,2.120261e+00,-1.564562e+00,-1.616451e+00,7.617973e+00,1.315211e+00,-5.022910e+00,-2.959232e+00,1.720051e+00,-1.673937e+00,4.300147e+00,3.235202e-01,6.278417e-01,8.447626e-01,8.785872e-01,1.132283e+00,4.020282e-01,4.378951e-01,1.294623e-01,1.227653e-02,8.936358e-03,2.773508e-02,-3.116902e-02,-5.392631e-02,-4.534698e-03,2.872388e-02,1.710510e-03,1.693288e+01,6.487059e-02,1.869352e+02,5.219973e-02,0,2.381122e-01,7.546529e+01,3.427925e-02,1.979948e-02,1.175672e-01
1196,11.960000,1.634955e-01,-2.821285e+01,-1.011768e+01,-2.268371e+01,-2.434533e+01,-9.222529e+00,7.547432e+00,-4.462718e+00,3.154984e+00,1.353959e+01,1.036198e+01,-1.851419e+01,4.411833e+00,-6.266603e-01,6.793409e+00,-2.867559e+00,-5.894337e+00,-3.219708e+00,-1.358351e+00,-1.216725e+00,-1.163518e+00,-2.825952e+00,-2.283022e+00,-2.381998e+00,4.447970e-01,5.700026e-01,8.726112e-01,1.033168e+00,1.353665e+00,1.565390e+00,1.832530e+00,2.638429e+00,2.148704e+02,8.017148e-01,4.491293e-02,3.867012e+00,3.211648e+00,-2.538871e+00,-3.055789e+00,-7.368442e-01,-1.012735e+00,5.281398e-02,-2.983983e+00,5.266866e+00,7.186564e-01,-6.922132e+00,-4.617792e+00,4.069102e+00,-6.215711e-01,2.653264e+00,7.213048e-01,9.477725e-01,1.087189e+00,7.783042e-01,9.498796e-01,3.563152e-01,3.819835e-01,8.128221e-02,-1.156330e-03,-1.018311e-02,2.584609e-02,-3.613968e-02,-6.329001e-02,7.833242e-04,3.978376e-02,-9.869385e-03,1.770234e+01,6.214061e-02,2.814496e+02,9.386667e-02,4.216185e-02,3.072806e-01,4.779062e+01,2.219037e-02,2.420181e-02,6.423334e-02
1197,11.970000,1.398642e-01,-2.420797e+01,-5.466959e+00,-2.238518e+01,-2.743564e+01,-1.419679e+01,8.290870e-01,-1.504888e+00,-1.816169e+00,1.691775e+01,1.058218e+01,-2.708759e+01,-4.059666e-01,6.947515e+00,8.119602e+00,-2.416473e+00,-4.808743e+00,-1.860714e+00,-1.092633e-02,-6.107765e-01,-4.634365e-01,-2.367232e+00,-1.829656e+00,-2.449465e+00,4.467243e-01,5.579243e-01,9.087504e-01,1.005346e+00,1.310769e+00,1.597185e+00,1.976042e+00,2.657166e+00,2.319443e+02,8.616075e-01,9.297313e-02,4.317554e+00,3.485747e+00,-1.719717e+00,-3.967387e+00,-4.353400e-01,-2.595285e+00,2.275545e+00,-4.008430e+00,2.141038e+00,-8.499433e-01,-7.137343e+00,-3.491846e+00,6.237494e+00,2.514996e-01,8.410933e-02,9.133850e-01,1.038418e+00,1.264090e+00,8.800175e-01,9.820861e-01,4.520868e-01,4.007911e-01,7.745028e-02,-4.205480e-03,-2.292188e-02,5.438554e-03,-2.721571e-02,-6.801424e-02,2.858055e-03,3.138296e-02,-1.843753e-02,1.536637e+01,4.291561e-02,2.831657e+02,1.244629e-01,7.791650e-02,4.341957e-01,1.947040e+01,-5.202497e-03,1.279355e-02,-1.983844e-02
1198,11.980000,2.827041e-01,-1.982169e+01,-1.113648e+00,-2.170914e+01,-3.340004e+01,-1.385174e+01,-4.605748e+00,3.500610e+00,-6.258348e+00,1.561828e+01,9.222171e+00,-3.523903e+01,-3.623449e+00,1.393413e+01,8.394536e+00,-5.890334e+00,-3.674266e+00,-7.018598e-01,1.409650e+00,2.194145e-01,3.921591e-01,-1.971245e+00,-1.600480e+00,-2.447600e+00,4.207147e-01,4.993681e-01,8.859287e-01,9.841730e-01,1.231918e+00,1.602293e+00,1.928678e+00,2.569889e+00,2.449497e+02,8.831117e-01,1.792525e-01,4.389578e+00,2.616332e+00,-2.362350e+00,-3.926727e+00,1.874355e+00,-7.635287e-01,3.722749e+00,-3.642823e+00,-5.273427e-01,-1.708110e+00,-5.280730e+00,-2.493018e+00,6.118707e+00,-1.092421e-01,-1.580475e+00,8.193271e-01,8.185220e-01,1.176720e+00,1.010609e+00,1.052940e+00,5.388122e-01,3.937201e-01,1.512337e-01,2.934653e-03,-1.405513e-02,-7.099009e-03,-1.546721e-02,-6.802703e-02,1.441348e-03,1.257153e-02,-3.227043e-02,1.147002e+01,1.867933e-02,2.839660e+02,7.482027e-02,8.205081e-02,2.231249e-01,-2.190003e-01,-2.652231e-02,-9.915063e-03,-7.396957e-02
1199,11.990000,4.937936e-01,-1.367258e+01,1.087817e-01,-2.897618e+01,-3.693767e+01,-7.237482e+00,-2.310908e+00,8.762338e+00,-9.981305e+00,1.594952e+01,5.652280e+00,-3.949335e+01,-4.309026e+00,2.047469e+01,8.197647e+00,-6.453681e+00,-2.953511e+00,-4.964232e-02,2.766815e+00,1.855885e+00,2.163171e+00,-9.719977e-01,-8.684671e-01,-2.141795e+00,4.530898e-01,5.084401e-01,8.615949e-01,9.778008e-01,1.154510e+00,1.583853e+00,1.974060e+00,2.567591e+00,2.544695e+02,8.864443e-01,1.895154e-01,3.283243e+00,1.357781e+00,-2.718153e+00,-3.083997e+00,3.052986e+00,2.836779e+00,2.821787e+00,-2.816071e+00,-3.042211e+00,-1.078731e+00,-2.230108e+00,-1.985288e+00,4.467165e+00,-8.742111e-01,-1.458719e+00,5.264943e-01,4.222494e-01,7.916415e-01,9.130074e-01,8.516973e-01,4.268626e-01,2.854238e-01,2.140300e-01,8.888924e-03,-1.950562e-04,-1.553841e-02,-1.071152e-02,-5.900031e-02,-5.392992e-03,-2.287896e-02,-2.077260e-02,8.189463e+00,2.882439e-03,2.830290e+02,3.571044e-02,4.402327e-02,1.809978e-01,-1.652197e+00,-3.083302e-02,-2.155722e-02,-9.078046e-02
1200,12.000000,8.827932e-01,-1.153265e+01,1.761038e-01,-3.119996e+01,-3.922795e+01,-3.330410e+00,5.299787e+00,9.017414e+00,-1.097657e+01,1.138699e+01,4.286376e+00,-3.871497e+01,-6.101727e+00,2.320329e+01,6.208176e+00,-8.751330e+00,-2.725318e+00,-3.263449e-02,3.136379e+00,2.602991e+00,2.787876e+00,-8.295088e-01,-7.950156e-01,-1.779664e+00,4.562875e-01,5.244691e-01,8.606939e-01,9.696050e-01,1.091659e+00,1.579262e+00,1.896379e+00,2.521865e+00,2.609579e+02,8.826931e-01,1.134830e-01,1.630334e+00,5.770518e-01,-1.417720e+00,-1.559655e+00,1.908769e+00,4.522748e+00,2.359266e+00,-2.114451e+00,-4.991280e+00,1.129038e+00,7.399227e-01,-2.015839e+00,1.829453e+00,-1.146763e+00,-7.518877e-01,2.633921e-01,1.270201e-01,3.325865e-01,5.826916e-01,3.466746e-01,2.625579e-01,1.611967e-01,2.021542e-01,1.210690e-02,1.376787e-02,-1.736547e-02,-1.143969e-02,-2.714030e-02,1.306248e-03,-1.415696e-02,5.022454e-03,5.412797e+00,-2.464193e-03,2.804230e+02,5.631316e-03,9.533150e-03,6.403177e-02,-2.917191e+00,-1.715944e-02,-1.938435e-02,-4.851835e-02
1201,12.010000,7.873966e-01,-1.193627e+01,6.770672e-01,-3.123054e+01,-3.994167e+01,-4.192526e+00,1.006021e+01,9.845644e+00,-1.353741e+01,3.822335e+00,7.656418e+00,-3.650016e+01,-9.093268e+00,2.464876e+01,4.841727e+00,-8.279569e+00,-2.650746e+00,-8.408035e-02,3.083917e+00,2.762472e+00,2.597192e+00,-8.037875e-01,-8.052690e-01,-1.713283e+00,4.733825e-01,5.443985e-01,8.436757e-01,9.590726e-01,1.085897e+00,1.581736e+00,1.877797e+00,2.577316e+00,2.648875e+02,8.762290e-01,-1.548810e-02,-1.984825e-02,4.620681e-01,1.059352e+00,-7.516224e-01,-6.147373e-01,3.239734e+00,3.014960e+00,-1.332560e+00,-6.885931e+00,3.869110e+00,2.750644e+00,-2.447221e+00,-7.844769e-01,-1.092812e+00,-3.681697e-01,9.746797e-02,1.587660e-02,-1.294098e-02,1.667360e-01,-2.904960e-01,9.492062e-02,1.498623e-02,1.142852e-01,5.198645e-03,1.262212e-02,-2.589943e-02,-1.999499e-02,8.894801e-04,6.551862e-04,-2.193813e-02,1.481638e-02,3.133618e+00,-3.014386e-03,2.766763e+02,4.892301e-03,6.389220e-03,5.983999e-02,-3.703931e+00,-6.070935e-03,-8.398412e-03,-3.131274e-02
1202,12.020000,7.033176e-01,-1.253817e+01,1.487468e+00,-2.767056e+01,-3.969631e+01,-5.830377e+00,1.182243e+01,1.475529e+01,-1.505255e+01,-3.274531e+00,1.386529e+01,-3.303600e+01,-1.131052e+01,2.099436e+01,4.338683e+00,-8.736829e+00,-2.508688e+00,-4.954019e-02,2.914032e+00,2.679579e+00,1.908521e+00,-7.425606e-01,-8.260960e-01,-1.651085e+00,4.711029e-01,5.502282e-01,8.080609e-01,9.363387e-01,1.130524e+00,1.609883e+00,1.906024e+00,2.590139e+00,2.668047e+02,8.758984e-01,-5.354904e-02,-5.977244e-01,4.678648e-01,2.017319e+00,-7.056580e-01,-2.347134e+00,6.608208e-01,4.559753e+00,-5.616704e-01,-6.819132e+00,4.579729e+00,3.601084e+00,-2.338744e+00,-3.097747e+00,-5.963289e-01,-1.835072e-01,-4.374266e-03,5.332932e-02,-8.974504e-02,-1.247549e-03,-5.976859e-01,6.670920e-02,-3.323825e-02,2.117990e-02,4.928678e-04,9.781373e-03,-3.438549e-02,-1.923949e-02,4.349778e-02,1.279682e-02,1.923354e-02,3.025570e-02,1.329993e+00,-1.456034e-03,2.725564e+02,4.432158e-03,3.946105e-03,4.111206e-02,-4.080887e+00,2.006169e-04,-1.155950e-03,-8.546150e-03
1203,12.030000,5.060909e-01,-1.326907e+01,1.763440e+00,-2.544411e+01,-4.046160e+01,-9.061185e+00,1.062644e+01,2.096820e+01,-1.460611e+01,-1.114938e+01,2.020837e+01,-2.857961e+01,-1.394073e+01,1.765677e+01,3.668334e+00,-8.301781e+00,-2.574486e+00,3.819354e-02,2.813284e+00,2.651271e+00,1.150368e+00,-5.408687e-01,-7.779958e-01,-1.634659e+00,4.716754e-01,5.586711e-01,7.584142e-01,8.944590e-01,1.139526e+00,1.571818e+00,1.859546e+00,2.607536e+00,2.672142e+02,8.747697e-01,-2.020544e-03,-7.363485e-01,3.445893e-01,1.607646e+00,-1.307034e+00,-3.104640e+00,-7.503039e-01,5.025186e+00,5.168961e-01,-5.595376e+00,3.138951e+00,3.087752e+00,-1.864064e+00,-4.204313e+00,-6.960117e-01,-7.365664e-01,-1.217804e-01,8.068250e-02,-4.513659e-02,-7.024074e-03,-6.204044e-01,7.194472e-03,-8.425966e-02,-4.630926e-02,-3.610075e-04,6.917298e-03,-3.097051e-02,-1.565934e-02,7.141225e-02,2.091399e-02,4.513930e-02,2.594524e-02,-8.653565e-02,-8.662939e-04,2.684426e+02,5.955346e-03,4.824738e-03,3.589394e-02,-4.336121e+00,3.364921e-04,-3.480664e-04,-5.656365e-03
1204,12.040000,7.557009e-01,-1.385488e+01,1.972241e+00,-2.400657e+01,-4.249628e+01,-1.263175e+01,8.320779e+00,2.625490e+01,-1.325057e+01,-1.522282e+01,2.090904e+01,-2.466982e+01,-1.537172e+01,1.121055e+01,3.813228e+00,-9.657761e+00,-2.785319e+00,1.728752e-01,2.822970e+00,2.652354e+00,5.228581e-01,-6.274223e-01,-9.748435e-01,-1.713077e+00,4.596054e-01,5.662397e-01,7.313972e-01,9.057143e-01,1.282334e+00,1.648205e+00,2.001672e+00,2.658033e+00,2.664445e+02,8.761425e-01,2.564265e-02,-8.109249e-01,-2.658222e-02,3.078342e-01,-2.195642e+00,-3.550363e+00,-1.540076e+00,3.753528e+00,9.315890e-01,-3.807528e+00,3.170210e-01,2.299975e+00,-7.365994e-01,-3.867699e+00,-9.957350e-01,-9.995564e-01,-2.484918e-01,6.476649e-02,2.665608e-02,3.044412e-02,-4.855429e-01,-8.108958e-02,-1.250700e-01,-9.987897e-02,6.095603e-03,6.478244e-03,-1.908550e-02,-3.046411e-03,9.354740e-02,3.358591e-02,7.880219e-02,2.954888e-02,-1.244074e+00,-2.153218e-03,2.641354e+02,6.102878e-03,4.535640e-03,3.327405e-02,-4.716712e+00,2.074063e-04,-7.754155e-05,6.829288e-04
1205,12.050000,7.511023e-01,-1.495966e+01,2.157627e+00,-2.502430e+01,-4.507686e+01,-1.631504e+01,8.059522e+00,2.922177e+01,-1.185392e+01,-1.818040e+01,1.982929e+01,-2.524449e+01,-1.638299e+01,8.519100e+00,1.624396e+00,-1.150194e+01,-3.121332e+00,2.081245e-01,2.903764e+00,2.740964e+00,1.880017e-01,-8.253843e-01,-1.152194e+00,-1.913833e+00,4.773262e-01,5.709793e-01,7.271550e-01,8.960881e-01,1.367053e+00,1.667145e+00,2.055670e+00,2.673095e+00,2.646349e+02,8.717754e-01,5.786457e-02,-7.374264e-01,-2.246465e-01,-6.453037e-01,-2.421837e+00,-3.332214e+00,-1.105131e+00,1.188442e+00,9.027527e-01,-1.685776e+00,-1.515691e+00,1.672530e+00,7.125338e-01,-2.902545e+00,-1.131162e+00,-9.622992e-01,-2.837472e-01,3.035197e-02,6.461165e-02,4.750204e-02,-2.655472e-01,-1.695057e-01,-1.436283e-01,-9.464198e-02,1.478343e-02,4.624283e-03,-4.106415e-03,2.725124e-03,8.116336e-02,3.842514e-02,8.835898e-02,2.399216e-02,-2.264844e+00,-5.331677e-03,2.592062e+02,5.739402e-03,4.354120e-03,3.547717e-02,-5.327165e+00,1.753666e-03,1.576768e-03,3.959201e-03
1206,12.060000,7.090252e-01,-1.574750e+01,1.157463e+00,-2.634130e+01,-4.836689e+01,-1.995527e+01,5.405512e+00,2.939614e+01,-1.177070e+01,-1.879666e+01,1.563994e+01,-2.320368e+01,-1.377239e+01,6.224701e+00,3.819771e-01,-1.213453e+01,-3.477724e+00,1.893268e-01,3.002072e+00,2.786953e+00,-3.800978e-02,-1.005751e+00,-1.264347e+00,-2.010893e+00,4.987555e-01,5.764653e-01,7.282631e-01,9.202921e-01,1.484497e+00,1.730150e+00,2.201974e+00,2.705104e+00,2.618740e+02,8.666294e-01,2.130293e-02,-6.266930e-01,-2.426926e-01,-9.745566e-01,-2.328434e+00,-1.911880e+00,-8.510410e-01,-8.899997e-01,6.145970e-01,3.722725e-02,-1.327573e+00,1.753433e+00,1.818991e+00,-2.124418e+00,-9.803452e-01,-1.144560e-01,-2.445427e-01,2.507071e-03,4.911981e-02,2.908313e-02,-5.038675e-02,-2.120831e-01,-1.579101e-01,-7.584486e-02,1.628649e-02,1.378435e-03,3.451723e-03,-1.894307e-03,2.356282e-02,1.529487e-02,5.254545e-02,8.578110e-03,-3.251935e+00,-9.481037e-03,2.535911e+02,5.577162e-03,3.793706e-03,4.473509e-02,-6.213219e+00,3.169317e-03,2.992834e-03,3.626518e-03
1207,12.070000,8.187516e-01,-1.600989e+01,1.047596e+00,-2.750327e+01,-4.963548e+01,-2.206050e+01,6.558416e+00,2.533979e+01,-1.083228e+01,-1.779134e+01,1.526448e+01,-2.095003e+01,-1.117772e+01,5.636967e+00,-2.718486e-01,-1.187489e+01,-3.647020e+00,1.817276e-01,3.046791e+00,2.821482e+00,1.030662e-01,-1.199233e+00,-1.351386e+00,-1.958961e+00,5.260175e-01,5.766797e-01,7.394492e-01,9.007958e-01,1.444261e+00,1.722972e+00,2.201190e+00,2.703961e+00,2.581752e+02,8.528679e-01,2.595556e-03,-4.171859e-01,6.935642e-02,-4.754093e-01,-1.826770e+00,3.117868e-01,-4.542657e-01,-1.943440e+00,8.442936e-02,1.862400e+00,1.629667e-02,1.701126e+00,2.019906e+00,-2.381753e+00,-1.670183e-01,6.149139e-01,-1.150516e-01,1.289152e-02,-1.714375e-02,-2.565575e-02,1.120997e-01,-2.357525e-01,-1.862816e-01,-6.055570e-02,8.193031e-03,-2.907258e-03,7.679248e-03,-7.045287e-03,-3.653082e-02,-1.101460e-02,7.243061e-03,-3.787279e-03,-4.248845e+00,-1.219497e-02,2.470789e+02,1.498653e-02,1.307954e-02,4.995942e-02,-7.239555e+00,3.181428e-03,3.710165e-03,-6.238371e-06
1208,12.080000,8.283909e-01,-1.646323e+01,1.313794e+00,-2.763987e+01,-5.185914e+01,-1.931842e+01,4.816127e+00,2.374589e+01,-1.068840e+01,-1.523121e+01,1.655359e+01,-1.804989e+01,-8.879394e+00,2.029522e+00,-1.403763e-01,-1.004356e+01,-3.745189e+00,1.986089e-01,2.997056e+00,2.757511e+00,3.133921e-01,-1.500914e+00,-1.664798e+00,-2.069737e+00,5.166922e-01,5.702816e-01,7.425087e-01,8.938890e-01,1.361544e+00,1.696766e+00,2.191639e+00,2.685490e+00,2.534147e+02,8.381911e-01,-8.634900e-02,-4.215263e-01,3.793762e-01,5.126364e-01,-1.286406e+00,2.024500e+00,4.743835e-01,-1.855813e+00,-4.206842e-01,2.291417e+00,1.418004e+00,9.747852e-01,1.864532e+00,-3.038660e+00,5.809768e-01,9.317120e-01,6.375742e-03,-1.295577e-02,-1.130520e-01,-7.579057e-02,1.289331e-01,-2.802698e-01,-2.289831e-01,-5.479068e-02,-3.547323e-03,-5.444878e-03,3.852022e-03,-1.799048e-02,-8.944793e-02,-5.062427e-02,-5.659487e-02,-2.300465e-02,-5.239575e+00,-1.273255e-02,2.391329e+02,1.732590e-02,1.513710e-02,4.416551e-02,-8.211734e+00,1.473031e-03,2.636072e-03,-2.578453e-03
1209,12.090000,7.043972e-01,-1.668773e+01,2.426244e+00,-2.675206e+01,-5.246458e+01,-1.507453e+01,6.082886e+00,2.232969e+01,-1.197293e+01,-1.065112e+01,1.945395e+01,-1.931576e+01,-8.729964e+00,-1.292074e+00,1.050481e+00,-9.472851e+00,-3.562858e+00,2.679410e-01,2.820554e+00,2.627406e+00,5.727991e-01,-1.756565e+00,-1.883376e+00,-2.187189e+00,5.093229e-01,5.595348e-01,7.584284e-01,8.740632e-01,1.245875e+00,1.628764e+00,2.097052e+00,2.663965e+00,2.476204e+02,8.250198e-01,-1.796940e-01,-4.672377e-01,3.846689e-01,1.453841e+00,-5.129417e-01,2.002725e+00,9.610640e-01,-1.716689e+00,-6.194651e-01,1.704215e+00,1.134785e+00,1.135037e+00,2.326828e+00,-2.542539e+00,1.840511e+00,7.605583e-01,8.516800e-02,-8.874042e-02,-1.885051e-01,-1.159246e-01,-6.773072e-03,-2.815741e-01,-2.176969e-01,-3.090162e-02,-1.612559e-02,-3.667098e-03,-5.053413e-03,-1.451930e-02,-8.460508e-02,-5.532389e-02,-7.346691e-02,-3.476582e-02,-6.119887e+00,-1.046674e-02,2.302375e+02,1.577218e-02,1.723325e-02,3.573077e-02,-8.760817e+00,6.409741e-04,1.292146e-03,-3.468827e-03
1210,12.100000,3.344574e-01,-1.751621e+01,2.365020e+00,-2.415372e+01,-5.338437e+01,-1.332575e+01,8.015195e+00,2.162213e+01,-1.330380e+01,-1.090968e+01,2.063522e+01,-1.914689e+01,-5.673608e+00,-5.504076e+00,2.625696e+00,-8.676993e+00,-3.487926e+00,8.144120e-02,2.549931e+00,2.505038e+00,3.717894e-01,-2.128433e+00,-2.143267e+00,-2.170732e+00,4.893661e-01,5.578133e-01,7.380336e-01,8.437060e-01,1.136450e+00,1.524132e+00,1.971068e+00,2.610079e+00,2.409536e+02,8.168907e-01,-1.475154e-01,-4.522322e-01,3.776314e-01,2.164071e+00,6.675968e-01,7.119642e-01,2.064480e+00,-2.685051e+00,-2.591423e-01,5.829327e-01,-7.731878e-01,1.612529e+00,3.018032e+00,-1.128056e+00,2.840251e+00,3.351968e-01,1.344841e-01,-1.982735e-01,-2.139018e-01,-1.332260e-01,-1.512581e-01,-3.001460e-01,-1.757996e-01,2.780909e-02,-1.585548e-02,2.178061e-03,-9.101003e-03,-5.780423e-03,-3.873973e-02,-2.104948e-02,-4.371426e-02,-2.781909e-02,-6.776408e+00,-8.113724e-03,2.209531e+02,1.254949e-02,1.489722e-02,3.895715e-02,-8.745976e+00,2.046298e-03,1.277766e-03,9.070821e-04
1211,12.110000,1.672486e-01,-1.781958e+01,2.445328e+00,-2.197714e+01,-5.143757e+01,-1.504320e+01,9.764202e+00,1.781823e+01,-1.262191e+01,-1.143103e+01,1.889759e+01,-1.472634e+01,-1.146477e+00,-3.308931e+00,7.547671e+00,-8.755383e+00,-3.349811e+00,-2.033907e-01,2.327828e+00,2.368096e+00,4.000221e-02,-2.293343e+00,-2.200635e+00,-2.062972e+00,4.590526e-01,5.645784e-01,7.164197e-01,8.532907e-01,1.133783e+00,1.532669e+00,1.944141e+00,2.567838e+00,2.338064e+02,8.111844e-01,-4.167997e-02,-4.024637e-01,3.101486e-01,1.950952e+00,1.316356e+00,-8.742342e-02,2.580297e+00,-3.615552e+00,2.395406e-01,3.192540e-01,-3.263501e+00,2.491028e+00,3.870339e+00,1.039904e+00,3.867435e+00,2.997391e-01,1.208924e-01,-2.813100e-01,-1.599475e-01,-1.197641e-01,-1.878528e-01,-3.080759e-01,-1.226983e-01,4.444192e-02,-1.052418e-02,6.031787e-03,-9.600383e-03,5.217063e-03,6.692695e-03,2.071610e-02,1.638488e-02,-6.192160e-03,-7.195231e+00,-7.548285e-03,2.123647e+02,2.057961e-02,1.966022e-02,3.521947e-02,-8.451686e+00,3.479242e-03,9.931813e-04,7.604476e-04
1212,12.120000,3.593884e-01,-1.815846e+01,3.192409e+00,-1.920698e+01,-4.903466e+01,-1.577426e+01,1.329787e+01,1.257636e+01,-1.165962e+01,-1.192660e+01,1.296583e+01,-1.228196e+01,2.419022e+00,-2.602331e+00,1.081229e+01,-8.726313e+00,-3.179292e+00,-5.570926e-01,2.173910e+00,2.221036e+00,-1.765001e-01,-2.733254e+00,-2.385166e+00,-1.992801e+00,4.625500e-01,5.786502e-01,7.180080e-01,8.753731e-01,1.223892e+00,1.639566e+00,2.049523e+00,2.594458e+00,2.264396e+02,8.045402e-01,8.572125e-02,-3.242359e-01,3.858292e-01,9.625854e-01,1.285524e+00,2.132576e-01,3.315517e+00,-4.395708e+00,3.884533e-01,1.469648e+00,-4.354712e+00,1.787673e+00,2.966787e+00,2.463095e+00,3.822507e+00,2.742413e-01,7.504239e-02,-2.666184e-01,-8.644166e-02,-9.381904e-02,-4.690341e-02,-2.995282e-01,-7.972362e-02,1.651359e-02,4.668123e-03,6.151491e-03,3.309971e-03,1.095611e-02,3.070706e-02,5.435101e-02,6.936512e-02,2.596030e-02,-7.423895e+00,-7.592982e-03,2.043394e+02,2.515367e-02,2.031245e-02,4.895657e-02,-8.109889e+00,4.807178e-03,1.109261e-03,4.080057e-03
1213,12.130000,4.835318e-01,-1.837892e+01,3.563293e+00,-1.947067e+01,-4.805766e+01,-1.428739e+01,1.634303e+01,8.774814e+00,-1.159731e+01,-8.546395e+00,6.971140e+00,-1.029308e+01,6.575417e+00,2.456575e+00,1.629436e+01,-7.949496e+00,-3.112713e+00,-8.193420e-01,2.208827e+00,2.170586e+00,-9.232026e-02,-2.994534e+00,-2.375918e+00,-2.053945e+00,4.701101e-01,5.792754e-01,7.204393e-01,8.843150e-01,1.235618e+00,1.674627e+00,2.139749e+00,2.640814e+00,2.189012e+02,7.934536e-01,7.981509e-02,-3.286131e-01,1.121395e-01,-6.482332e-01,5.563843e-01,7.999140e-01,3.531667e+00,-3.524925e+00,8.016634e-01,2.219403e+00,-3.047169e+00,5.676958e-01,9.755055e-01,2.034558e+00,2.619694e+00,6.325803e-01,-6.619251e-02,-1.877236e-01,-2.919428e-02,-3.925421e-02,1.149985e-01,-2.110306e-01,-4.845781e-02,-1.343427e-02,1.407641e-02,4.093438e-03,1.308525e-02,6.028098e-03,2.089422e-02,4.599446e-02,7.312465e-02,3.781898e-02,-7.469690e+00,-9.067458e-03,1.962859e+02,2.686630e-02,1.949154e-02,3.453330e-02,-7.607062e+00,2.898030e-03,2.561510e-03,5.864255e-03
1214,12.140000,6.049220e-01,-1.885772e+01,3.735183e+00,-2.059403e+01,-4.864671e+01,-1.263737e+01,2.130337e+01,4.165297e+00,-1.187383e+01,-5.003759e+00,4.824882e+00,-1.242516e+01,5.299380e+00,3.928646e+00,1.736489e+01,-7.708731e+00,-3.231263e+00,-9.436751e-01,2.177223e+00,2.134697e+00,2.034336e-01,-3.275479e+00,-2.454244e+00,-2.092677e+00,5.071780e-01,5.812223e-01,7.525737e-01,8.829744e-01,1.239068e+00,1.724908e+00,2.220090e+00,2.703392e+00,2.112867e+02,7.877912e-01,-7.933843e-03,-9.372368e-02,-2.768773e-01,-2.211376e+00,7.415184e-01,1.075185e+00,1.990348e+00,-1.572497e+00,1.586718e+00,1.810024e+00,3.206778e-03,-3.690268e-01,-1.707824e+00,6.760270e-01,7.681414e-01,2.261404e-01,-1.804769e-01,-6.131876e-02,-3.347459e-02,1.243782e-03,2.102018e-01,6.586282e-02,3.698351e-02,-3.185594e-02,1.254429e-02,2.790827e-03,1.947354e-02,3.688627e-03,1.734104e-02,2.852211e-02,4.158359e-02,2.710831e-02,-6.903265e+00,-1.450232e-02,1.884431e+02,3.344204e-02,2.052786e-02,5.970052e-02,-1.835386e+01,-4.126811e-04,2.330338e-03,1.654558e-03
1215,12.150000,4.435572e-01,-1.911302e+01,2.734638e+00,-2.452478e+01,-4.884963e+01,-1.261208e+01,2.341978e+01,4.399140e+00,-8.506489e+00,-3.795433e+00,7.732217e+00,-1.181626e+01,2.290871e+00,3.598372e+00,1.736984e+01,-6.101273e+00,-3.654788e+00,-9.487176e-01,2.180200e+00,2.214994e+00,4.250280e-01,-3.077384e+00,-2.408386e+00,-2.080205e+00,5.071207e-01,5.837595e-01,7.645631e-01,8.796306e-01,1.230666e+00,1.719970e+00,2.224481e+00,2.702466e+00,2.040344e+02,7.742216e-01,-4.794688e-02,-2.513235e-01,-6.183193e-01,-2.218498e+00,1.703954e+00,9.511158e-01,-2.174034e-02,7.899054e-01,2.413393e+00,4.972814e-01,2.374293e+00,-5.363173e-01,-4.174066e+00,-8.868198e-01,-6.443347e-01,1.269421e-01,-2.482292e-01,-1.907736e-02,-1.568154e-01,-8.642741e-02,1.005519e-01,2.488480e-01,3.954899e-02,-6.925476e-02,6.025338e-03,1.996130e-03,2.111751e-02,5.248541e-03,3.497748e-02,1.275741e-02,-7.395792e-03,8.363056e-03,-5.523637e+00,-2.833834e-02,1.822776e+02,3.092557e-02,3.236006e-02,5.916877e-02,-3.425944e+01,-6.135017e-03,-1.654433e-04,-4.633662e-03
1216,12.160000,3.397065e-01,-1.826003e+01,2.222349e+00,-2.773680e+01,-4.493109e+01,-1.123599e+01,1.971123e+01,6.901714e+00,-5.271445e+00,-5.251956e+00,1.260133e+01,-1.336550e+01,-3.977825e+00,2.069055e-01,1.411525e+01,-8.519722e+00,-3.810639e+00,-7.989986e-01,2.020850e+00,2.205051e+00,6.158349e-01,-2.362515e+00,-2.184015e+00,-2.138951e+00,5.067662e-01,5.903623e-01,7.933138e-01,8.961584e-01,1.313073e+00,1.759505e+00,2.215075e+00,2.699174e+00,1.993567e+02,7.416446e-01,-5.544619e-02,-1.047270e+00,-1.084267e+00,-2.559835e-01,2.972897e+00,7.307218e-01,-1.666734e+00,2.680235e+00,2.087368e+00,-3.110493e-01,2.595625e+00,-1.704713e-01,-4.651015e+00,-1.632954e+00,-3.783421e-01,-2.366553e-01,-2.766166e-01,-1.466627e-01,-3.984404e-01,-3.512734e-01,-2.277729e-01,2.078474e-01,-1.611583e-02,-1.343814e-01,-7.886261e-03,-2.889222e-03,7.478368e-03,2.258736e-03,1.780553e-02,-1.646793e-02,-7.956364e-02,-3.375828e-02,-3.486380e+00,-4.038380e-02,1.195743e+02,2.106063e-02,2.552987e-02,4.491162e-02,-4.997407e+01,-9.542773e-03,-5.725247e-03,-1.598104e-02
1217,12.170000,3.764051e-01,-1.993438e+01,1.228113e+00,-2.699177e+01,-4.139570e+01,-1.023250e+01,1.703040e+01,1.135613e+01,-2.831539e+00,-5.935890e+00,1.495438e+01,-1.250450e+01,-9.656310e+00,-1.166541e-01,1.469750e+01,-6.909290e+00,-4.064171e+00,-9.870670e-01,1.502937e+00,1.703272e+00,2.042387e-01,-2.206776e+00,-2.313288e+00,-2.377082e+00,5.004427e-01,5.846860e-01,8.056567e-01,9.039657e-01,1.373503e+00,1.721116e+00,2.105278e+00,2.684738e+00,1.972480e+02,6.748353e-01,-4.536852e-03,-2.498772e+00,-1.718132e+00,2.666802e+00,3.827100e+00,1.144092e-01,-1.618883e+00,2.463664e+00,2.001115e+00,4.331033e-01,1.624160e+00,3.668364e-01,-4.036427e+00,-1.600044e+00,6.796007e-02,-5.745217e-01,-3.704371e-01,-4.075183e-01,-7.147481e-01,-7.562472e-01,-6.439813e-01,-8.430948e-02,-1.625746e-01,-1.705342e-01,-1.538220e-02,-9.989172e-03,-3.797621e-03,7.783651e-04,-9.280324e-03,-3.358331e-02,-1.349954e-01,-7.613079e-02,-1.568153e+00,-4.062764e-02,5.942316e+01,2.381920e-03,1.616332e-02,1.875944e-02,-4.841294e+01,-8.291177e-03,-9.024999e-03,-1.632492e-02
1218,12.180000,3.612671e-01,-2.368339e+01,-9.328892e-01,-2.064045e+01,-3.750919e+01,-1.017355e+01,1.616439e+01,1.408797e+01,-4.274469e+00,-5.488777e+00,1.419192e+01,-1.293340e+01,-1.198210e+01,-2.378612e+00,1.680935e+01,-8.487999e+00,-4.409655e+00,-1.657814e+00,5.236533e-01,6.341911e-01,-8.250360e-01,-2.671545e+00,-2.582372e+00,-2.616145e+00,4.710857e-01,5.663129e-01,7.694187e-01,8.821005e-01,1.256677e+00,1.641996e+00,1.881873e+00,2.543464e+00,1.972480e+02,6.355653e-01,-1.372538e-02,-3.767580e+00,-2.547430e+00,4.706596e+00,3.982774e+00,-1.403097e+00,-1.443452e+00,6.957960e-01,2.454151e+00,1.152539e+00,1.065628e-01,1.403173e+00,-1.952194e+00,-1.173478e+00,7.974007e-01,-1.087750e+00,-5.273267e-01,-6.602108e-01,-9.363249e-01,-1.096761e+00,-9.956716e-01,-3.649454e-01,-2.580383e-01,-1.347574e-01,-2.183283e-02,-1.497758e-02,-1.394605e-02,6.827980e-03,-3.373097e-02,-4.219195e-02,-1.518655e-01,-9.289567e-02,-4.217438e-01,-2.495782e-02,0,0,0,0,-2.985717e+01,-4.450318e-03,-6.722306e-03,-1.085827e-02
1219,12.190000,4.100927e-01,-2.889520e+01,-4.278402e+00,-1.473895e+01,-3.342508e+01,-1.257125e+01,1.709879e+01,1.312433e+01,1.000599e+00,-1.511506e+00,1.505772e+01,-1.019813e+01,-1.388912e+01,-3.109087e+00,1.636260e+01,-8.989743e+00,-5.207466e+00,-2.556902e+00,-6.449420e-01,-7.808115e-01,-2.074443e+00,-3.344417e+00,-3.022080e+00,-2.694278e+00,4.480499e-01,5.458383e-01,7.575226e-01,8.905513e-01,1.212462e+00,1.610808e+00,1.716105e+00,2.399667e+00,1.972480e+02,6.241230e-01,-3.513699e-02,-3.430042e+00,-2.480797e+00,4.363329e+00,3.329300e+00,-2.060775e+00,-1.284587e+00,-8.310453e-01,2.518728e+00,1.225620e+00,-4.853275e-01,1.543393e+00,-3.572442e-01,-9.880886e-01,5.604776e-01,-1.644815e+00,-5.088881e-01,-6.313458e-01,-8.290032e-01,-1.015088e+00,-9.252987e-01,-3.770167e-01,-2.150484e-01,-5.921078e-02,-2.005758e-02,-1.309903e-02,-1.377803e-02,1.209846e-02,-3.288664e-02,-2.731306e-02,-1.141427e-01,-7.812472e-02,0,-5.860120e-03,0,0,0,0,-1.188463e+01,-4.763839e-04,-3.232663e-03,-3.751887e-03
1220,12.200000,2.542358e-01,-3.261752e+01,-7.761543e+00,-1.033023e+01,-2.900253e+01,-1.708210e+01,1.245977e+01,9.496595e+00,5.083243e+00,-1.701453e+00,1.308247e+01,-7.502819e+00,-1.162239e+01,-4.164268e+00,1.726971e+01,-1.291824e+01,-5.875626e+00,-3.315135e+00,-1.586835e+00,-2.036714e+00,-3.223182e+00,-3.618422e+00,-3.119810e+00,-2.654139e+00,4.237984e-01,5.348982e-01,7.476506e-01,9.370055e-01,1.224939e+00,1.603699e+00,1.650334e+00,2.377231e+00,1.972480e+02,6.422116e-01,-3.699194e-02,-2.159059e+00,-1.714045e+00,2.502915e+00,2.143587e+00,-1.832795e+00,-1.204824e+00,-1.281049e+00,2.279807e+00,7.384703e-01,-4.194153e-01,1.355647e+00,2.986164e-01,-4.626494e-01,1.827839e-01,-1.278899e+00,-3.600102e-01,-4.072877e-01,-5.162870e-01,-6.597712e-01,-5.945030e-01,-2.167758e-01,-1.172607e-01,-3.584862e-03,-1.188261e-02,-7.376945e-03,-5.340815e-03,1.562640e-02,-5.100000e-03,-8.370256e-03,-5.288501e-02,-3.549016e-02,0,3.138095e-03,0,0,0,0,0,0,0,0
