frameIndex,frameTime,pcm_loudness_sma,pcm_fftMag_mfcc_sma[0],pcm_fftMag_mfcc_sma[1],pcm_fftMag_mfcc_sma[2],pcm_fftMag_mfcc_sma[3],pcm_fftMag_mfcc_sma[4],pcm_fftMag_mfcc_sma[5],pcm_fftMag_mfcc_sma[6],pcm_fftMag_mfcc_sma[7],pcm_fftMag_mfcc_sma[8],pcm_fftMag_mfcc_sma[9],pcm_fftMag_mfcc_sma[10],pcm_fftMag_mfcc_sma[11],pcm_fftMag_mfcc_sma[12],pcm_fftMag_mfcc_sma[13],pcm_fftMag_mfcc_sma[14],logMelFreqBand_sma[0],logMelFreqBand_sma[1],logMelFreqBand_sma[2],logMelFreqBand_sma[3],logMelFreqBand_sma[4],logMelFreqBand_sma[5],logMelFreqBand_sma[6],logMelFreqBand_sma[7],lspFreq_sma[0],lspFreq_sma[1],lspFreq_sma[2],lspFreq_sma[3],lspFreq_sma[4],lspFreq_sma[5],lspFreq_sma[6],lspFreq_sma[7],F0finEnv_sma,voicingFinalUnclipped_sma,pcm_loudness_sma_de,pcm_fftMag_mfcc_sma_de[0],pcm_fftMag_mfcc_sma_de[1],pcm_fftMag_mfcc_sma_de[2],pcm_fftMag_mfcc_sma_de[3],pcm_fftMag_mfcc_sma_de[4],pcm_fftMag_mfcc_sma_de[5],pcm_fftMag_mfcc_sma_de[6],pcm_fftMag_mfcc_sma_de[7],pcm_fftMag_mfcc_sma_de[8],pcm_fftMag_mfcc_sma_de[9],pcm_fftMag_mfcc_sma_de[10],pcm_fftMag_mfcc_sma_de[11],pcm_fftMag_mfcc_sma_de[12],pcm_fftMag_mfcc_sma_de[13],pcm_fftMag_mfcc_sma_de[14],logMelFreqBand_sma_de[0],logMelFreqBand_sma_de[1],logMelFreqBand_sma_de[2],logMelFreqBand_sma_de[3],logMelFreqBand_sma_de[4],logMelFreqBand_sma_de[5],logMelFreqBand_sma_de[6],logMelFreqBand_sma_de[7],lspFreq_sma_de[0],lspFreq_sma_de[1],lspFreq_sma_de[2],lspFreq_sma_de[3],lspFreq_sma_de[4],lspFreq_sma_de[5],lspFreq_sma_de[6],lspFreq_sma_de[7],F0finEnv_sma_de,voicingFinalUnclipped_sma_de,F0final_sma,jitterLocal_sma,jitterDDP_sma,shimmerLocal_sma,F0final_sma_de,jitterLocal_sma_de,jitterDDP_sma_de,shimmerLocal_sma_de
0,0.000000,1.564105e-01,-4.006282e+01,-1.619723e+01,-4.386699e+00,-1.738796e+01,-1.661751e+01,-6.430762e+00,-1.193166e+01,-3.513662e+00,-6.913534e+00,3.299382e+00,1.904330e+00,8.696956e+00,-1.776735e+01,6.934317e+00,-1.373716e+01,-6.648960e+00,-4.613717e+00,-4.459803e+00,-4.378578e+00,-4.701589e+00,-4.295919e+00,-2.992015e+00,-2.775389e+00,3.719871e-01,5.529030e-01,8.011118e-01,1.087100e+00,1.355634e+00,1.547297e+00,1.663669e+00,2.096769e+00,0,2.399814e-01,-5.151732e-03,1.002655e-01,4.547181e-01,-9.310005e-01,-1.156209e+00,-6.631912e-01,-1.695384e+00,1.647820e+00,1.297873e+00,2.033269e+00,7.067669e-01,-1.311846e+00,9.033634e-01,2.711615e+00,1.527342e+00,8.857562e-01,-1.688476e-02,8.431458e-02,1.792588e-01,5.697994e-02,1.080710e-01,3.419156e-02,-1.036097e-01,-9.795578e-02,3.009969e-03,-1.152439e-02,2.217886e-02,7.774604e-03,2.829010e-02,1.646138e-02,6.491830e-02,1.392463e-01,1.220410e+01,1.167823e-01,0,0,0,0,1.220410e+01,0,0,4.265130e-02
1,0.010000,1.410199e-01,-4.064829e+01,-1.523342e+01,-4.768135e+00,-2.043221e+01,-2.113074e+01,-1.166486e+01,-9.111849e+00,-1.864944e-01,-4.796315e+00,3.480181e+00,2.573652e+00,1.315781e+01,-1.287731e+01,9.136941e+00,-1.170562e+01,-6.657172e+00,-4.335461e+00,-4.160829e+00,-4.477954e+00,-4.856761e+00,-4.373044e+00,-3.268332e+00,-3.012153e+00,3.683672e-01,5.227290e-01,8.538139e-01,1.114454e+00,1.415030e+00,1.585248e+00,1.852859e+00,2.382869e+00,0,4.616275e-01,-1.561310e-02,8.728325e-01,5.359389e-01,-2.786248e+00,-1.150081e+00,5.087599e-01,-1.397261e+00,1.869856e+00,1.020193e+00,2.750101e+00,1.781891e+00,-2.793044e+00,8.229704e-02,3.359926e+00,1.305717e+00,5.308371e-02,-1.771693e-02,1.299376e-01,3.023732e-01,3.066162e-01,4.282192e-01,2.125154e-01,-3.219008e-02,-7.202967e-02,7.651007e-03,-1.979768e-03,3.131085e-02,5.662787e-03,3.618753e-02,2.128417e-02,7.346453e-02,1.558208e-01,3.049076e+01,1.483335e-01,0,0,0,0,3.043229e+01,0,0,1.066282e-01
2,0.020000,1.383471e-01,-3.926876e+01,-1.440554e+01,-8.850984e+00,-2.164687e+01,-1.767685e+01,-1.229064e+01,-5.102469e+00,1.312117e+00,2.194202e+00,6.742817e+00,-4.989561e+00,1.098335e+01,-6.654293e+00,1.346972e+01,-1.032416e+01,-6.729278e+00,-4.331272e+00,-3.712996e+00,-4.043990e+00,-4.083647e+00,-4.086400e+00,-3.371906e+00,-3.146785e+00,3.888468e-01,5.103680e-01,8.856550e-01,1.112296e+00,1.467386e+00,1.610629e+00,1.893666e+00,2.649951e+00,6.102050e+01,7.130697e-01,-1.105356e-02,2.186795e+00,9.246678e-01,-5.029119e+00,-6.002911e-01,3.590179e+00,1.031510e+00,1.478413e+00,-3.893234e-01,2.209362e+00,2.737008e+00,-4.148347e+00,-1.457627e+00,3.378717e+00,7.200462e-01,-1.002437e+00,8.047805e-02,1.402304e-01,4.733391e-01,7.090982e-01,8.735496e-01,4.435137e-01,8.864598e-02,-5.648160e-03,2.248141e-02,1.920816e-02,2.829825e-02,-8.434569e-03,2.923748e-02,1.559060e-02,4.697806e-02,1.220982e-01,4.875710e+01,1.401716e-01,6.102050e+01,0,0,2.132565e-01,4.863769e+01,4.997497e-03,3.360001e-03,1.494593e-01
3,0.030000,8.737671e-02,-3.609569e+01,-1.441338e+01,-1.608580e+01,-2.100890e+01,-1.354404e+01,-1.048713e+01,-5.996979e+00,-8.255889e-01,2.283100e+00,1.048712e+01,-8.613945e+00,7.965246e+00,-6.524250e+00,1.019520e+01,-1.517825e+01,-6.697386e+00,-4.105251e+00,-3.321340e+00,-3.012791e+00,-2.869463e+00,-3.338102e+00,-2.963020e+00,-2.949839e+00,4.018122e-01,5.642716e-01,9.153944e-01,1.102816e+00,1.480695e+00,1.622052e+00,1.915993e+00,2.599283e+00,1.219436e+02,7.451048e-01,9.330531e-03,3.616748e+00,1.578171e+00,-6.587283e+00,1.551104e-01,5.995652e+00,3.610323e+00,2.084390e-01,-1.977262e+00,-1.064175e+00,2.559887e+00,-3.733305e+00,-2.072361e+00,2.896392e+00,-9.118964e-01,-1.369346e+00,3.378793e-01,2.179457e-01,6.640295e-01,1.092558e+00,1.192479e+00,6.678524e-01,2.522621e-01,9.965678e-02,3.059638e-02,4.351865e-02,1.806710e-02,-1.875463e-02,1.389778e-02,1.397710e-02,3.189997e-02,4.219434e-02,4.871223e+01,8.124047e-02,1.216512e+02,0,0,4.265130e-01,4.857759e+01,8.424414e-03,7.303725e-03,1.093873e-01
4,0.040000,1.279643e-01,-3.140515e+01,-1.198391e+01,-2.387346e+01,-2.010107e+01,-2.459964e+00,-1.862079e+00,-6.097036e+00,-5.140732e+00,5.935688e-01,1.348095e+01,-1.324360e+01,4.005104e+00,-4.050299e+00,1.000542e+01,-1.701303e+01,-6.226463e+00,-4.027669e+00,-2.512851e+00,-1.565669e+00,-1.327490e+00,-2.595822e+00,-2.701441e+00,-2.834787e+00,4.676716e-01,6.281725e-01,9.118128e-01,1.050746e+00,1.468989e+00,1.606848e+00,1.866992e+00,2.599054e+00,1.828137e+02,7.991006e-01,3.996761e-02,4.246949e+00,2.206213e+00,-6.452670e+00,6.394558e-02,5.464108e+00,4.516599e+00,1.605949e-01,-1.978604e+00,-4.778189e+00,8.819808e-01,-1.962331e+00,-1.054892e+00,3.218869e+00,-2.739450e+00,-7.973324e-01,5.653381e-01,3.248187e-01,8.572141e-01,1.211243e+00,1.141025e+00,7.351650e-01,3.501748e-01,1.603580e-01,3.854659e-02,4.674463e-02,9.591865e-03,-1.563202e-02,4.808366e-03,1.695218e-02,4.683200e-02,8.051920e-03,3.039277e+01,3.164589e-02,1.823628e+02,2.498749e-02,1.680000e-02,5.340398e-01,3.035284e+01,9.816666e-03,1.069931e-02,1.161918e-03
5,0.050000,1.928640e-01,-2.649636e+01,-8.553384e+00,-3.019331e+01,-2.042957e+01,1.239077e+00,1.172478e+00,-7.572371e+00,-6.846380e+00,-9.316875e+00,1.291055e+01,-1.196585e+01,6.285128e+00,3.026495e-01,6.309608e+00,-1.520791e+01,-5.219183e+00,-3.397533e+00,-1.440754e+00,-2.543243e-01,-2.724437e-01,-1.779070e+00,-2.342254e+00,-2.669868e+00,4.819367e-01,6.814200e-01,9.310705e-01,1.051456e+00,1.483718e+00,1.657024e+00,2.025695e+00,2.619289e+00,1.826645e+02,8.248144e-01,5.607655e-02,4.169792e+00,2.419318e+00,-4.731799e+00,-3.334866e-02,3.487037e+00,3.311756e+00,1.208556e+00,-3.438693e-01,-6.222487e+00,-8.663707e-01,-1.549251e+00,-5.636772e-01,4.058587e+00,-2.969874e+00,5.255782e-01,7.071465e-01,4.031669e-01,9.275578e-01,1.034145e+00,8.781649e-01,7.015507e-01,3.908415e-01,1.955438e-01,3.495353e-02,2.715331e-02,2.474689e-03,-6.507778e-03,1.527691e-03,2.086524e-02,3.200068e-02,1.918871e-02,1.214047e+01,2.170057e-02,1.822168e+02,2.962833e-02,2.811862e-02,3.865449e-01,1.230202e+01,3.159463e-03,7.127910e-03,-8.368979e-02
6,0.060000,2.854415e-01,-2.283368e+01,-6.304465e+00,-3.406058e+01,-2.161681e+01,2.252130e+00,4.462554e+00,-3.511799e+00,-5.570508e+00,-1.589676e+01,9.941008e+00,-1.312527e+01,6.548946e+00,6.026605e+00,1.715264e+00,-1.429599e+01,-4.641689e+00,-3.061037e+00,-3.672186e-01,6.329942e-01,3.229694e-01,-1.190091e+00,-1.931415e+00,-2.484980e+00,5.415176e-01,6.855170e-01,9.257762e-01,1.059816e+00,1.489917e+00,1.677904e+00,2.072975e+00,2.680207e+00,1.826239e+02,8.314444e-01,3.032049e-02,3.388993e+00,1.719909e+00,-2.286703e+00,-1.338102e-01,5.380799e-01,6.923361e-01,2.227244e+00,1.876277e+00,-5.576360e+00,-2.062198e+00,-2.000150e+00,-8.920538e-01,2.764990e+00,-3.098140e+00,2.769141e-01,6.255304e-01,4.364932e-01,7.760019e-01,6.587051e-01,5.022660e-01,5.920401e-01,4.129319e-01,2.461347e-01,2.353863e-02,1.968932e-03,-2.930772e-03,1.244497e-03,-1.755272e-02,1.097733e-02,-2.041774e-02,-4.233813e-03,5.490875e-02,9.849334e-03,1.825019e+02,3.426917e-02,3.943723e-02,2.390501e-01,4.105148e-01,-5.272158e-03,-1.128057e-03,-1.092263e-01
7,0.070000,2.890209e-01,-1.953246e+01,-5.156510e+00,-3.465123e+01,-2.041777e+01,1.535098e+00,2.909334e+00,-1.246817e+00,-2.330047e+00,-2.058418e+01,7.925240e+00,-1.641937e+01,3.874938e+00,8.730233e+00,-5.090894e-01,-1.390888e+01,-3.954041e+00,-2.572733e+00,2.436318e-01,1.058601e+00,6.961321e-01,-5.332146e-01,-1.393826e+00,-2.147023e+00,5.396569e-01,6.713659e-01,9.207861e-01,1.065742e+00,1.477870e+00,1.690850e+00,1.973005e+00,2.654649e+00,1.827408e+02,8.374358e-01,1.060290e-02,2.420291e+00,1.007602e+00,-5.879162e-01,-1.806496e-01,-7.378560e-01,-1.346515e+00,2.471035e+00,3.228349e+00,-2.838625e+00,-1.927263e+00,-3.317577e+00,-1.341867e+00,6.164981e-01,-1.416158e+00,-4.345075e-01,4.352276e-01,3.835971e-01,5.333745e-01,3.108521e-01,2.663151e-01,4.386292e-01,3.504661e-01,2.218402e-01,1.341918e-02,-1.513357e-02,-7.558793e-03,7.887721e-04,-3.612380e-02,-8.676553e-03,-7.798743e-02,-2.356272e-02,2.385727e-01,4.547834e-03,1.830918e+02,1.115647e-02,2.432094e-02,1.555589e-01,7.895630e-01,-7.652565e-03,-7.902354e-03,-8.062506e-02
8,0.080000,2.314883e-01,-1.794213e+01,-5.082804e+00,-3.307801e+01,-2.077602e+01,8.242488e-02,7.311733e-01,1.876405e+00,1.982486e+00,-2.165458e+01,5.662614e+00,-2.101759e+01,7.499294e-01,5.560860e+00,-2.075931e+00,-1.627798e+01,-3.731382e+00,-2.257604e+00,5.249652e-01,1.071394e+00,6.995525e-01,-2.585492e-01,-1.110995e+00,-1.865536e+00,5.565047e-01,6.430442e-01,9.023011e-01,1.049825e+00,1.384149e+00,1.644821e+00,1.791248e+00,2.560205e+00,1.830501e+02,8.420365e-01,2.749509e-03,1.656114e+00,7.956129e-01,-1.482239e-01,-4.342516e-01,-1.088403e+00,-3.245459e+00,9.961794e-01,3.893403e+00,7.143269e-02,-1.717686e+00,-3.693466e+00,-1.036135e+00,-1.511247e+00,1.313696e-01,-9.634857e-02,2.959953e-01,3.888737e-01,3.379305e-01,9.202530e-02,1.995497e-01,3.176544e-01,1.980136e-01,1.325611e-01,-4.411715e-03,-1.857853e-02,-4.048264e-03,1.295733e-03,-4.837074e-02,-2.126003e-02,-7.463519e-02,-3.561990e-02,4.813736e-01,1.703113e-03,1.839779e+02,7.862624e-03,1.305856e-02,1.034014e-01,1.209782e+00,-6.404812e-03,-9.173581e-03,-4.882922e-02
9,0.090000,2.728551e-01,-1.684068e+01,-4.126202e+00,-3.362417e+01,-2.175321e+01,-1.365350e+00,-3.694404e+00,2.088702e+00,5.518867e+00,-2.063109e+01,5.413428e+00,-2.460757e+01,2.475302e+00,3.618013e+00,1.124416e+00,-1.638945e+01,-3.498199e+00,-1.881265e+00,7.800274e-01,1.080736e+00,8.708403e-01,-5.169509e-02,-1.000133e+00,-1.870390e+00,5.415391e-01,6.269886e-01,9.050141e-01,1.060395e+00,1.355983e+00,1.630182e+00,1.776621e+00,2.561477e+00,1.836442e+02,8.422575e-01,2.831116e-02,1.218393e+00,8.882211e-01,-6.722797e-01,-4.154486e-01,-1.169896e+00,-4.536108e+00,-8.055104e-01,3.979586e+00,2.154761e+00,-1.953812e+00,-2.685095e+00,-1.999048e-01,-2.233898e+00,5.494528e-01,1.429689e+00,2.087106e-01,4.055183e-01,2.522254e-01,-4.394770e-03,2.465009e-01,2.806068e-01,6.171210e-02,3.509556e-02,-1.296352e-02,-1.395564e-02,1.276767e-02,1.238953e-02,-2.565949e-02,-9.433794e-03,5.409562e-03,-2.118230e-03,7.843460e-01,-1.832020e-03,1.854266e+02,4.568773e-03,1.796187e-03,5.124396e-02,1.693256e+00,-3.998033e-04,-3.545180e-03,-2.669126e-02
10,0.100000,3.072720e-01,-1.589901e+01,-2.841554e+00,-3.531523e+01,-2.312035e+01,-1.739662e+00,-8.462873e+00,-1.986612e-01,9.972047e+00,-1.551614e+01,2.608482e+00,-2.749850e+01,2.068086e+00,1.026481e+00,1.555359e+00,-1.353744e+01,-3.389633e+00,-1.462402e+00,1.054236e+00,1.082053e+00,1.233364e+00,1.574216e-01,-1.138193e+00,-1.960492e+00,5.185179e-01,6.148130e-01,9.134209e-01,1.068968e+00,1.309007e+00,1.601938e+00,1.797991e+00,2.548694e+00,1.845790e+02,8.375491e-01,4.265967e-02,1.123685e+00,9.649744e-01,-8.897171e-01,9.977320e-01,-1.159593e+00,-5.444438e+00,-2.042242e+00,4.008439e+00,3.242221e+00,-2.009326e+00,-9.417288e-01,-2.340177e-01,-2.083055e+00,-3.945174e-01,4.378718e+00,2.350327e-01,4.429545e-01,1.845274e-01,-7.879492e-02,3.111978e-01,3.509714e-01,4.511335e-02,3.691840e-03,-2.281920e-02,-1.165216e-02,2.346063e-02,2.675999e-02,-4.145765e-03,1.316178e-03,4.400356e-02,4.981422e-03,1.119556e+00,-7.030946e-03,1.873834e+02,5.538954e-03,4.831704e-03,4.706144e-02,2.125192e+00,2.022454e-03,1.596560e-03,-1.008068e-02
11,0.110000,3.926848e-01,-1.446206e+01,-1.836029e+00,-3.689402e+01,-2.132285e+01,-3.403341e+00,-1.517418e+01,-4.236835e+00,1.357310e+01,-1.287959e+01,-3.167535e-01,-2.660439e+01,2.216336e+00,-1.720662e-01,4.225294e-01,-8.130706e+00,-3.081362e+00,-9.427419e-01,1.240123e+00,1.031298e+00,1.661731e+00,6.618340e-01,-1.071666e+00,-1.924067e+00,4.938327e-01,6.157033e-01,9.790645e-01,1.118118e+00,1.387144e+00,1.665123e+00,1.996682e+00,2.649813e+00,1.858981e+02,8.305194e-01,6.637905e-02,8.883983e-01,5.279468e-01,9.975777e-02,3.425823e+00,-1.966474e+00,-6.029650e+00,-2.642428e+00,3.371577e+00,3.306893e+00,-1.097677e+00,1.052948e+00,-9.993302e-01,-2.394006e+00,-2.369624e+00,6.858233e+00,2.560225e-01,4.195842e-01,4.012165e-02,-2.446729e-01,2.360425e-01,3.966300e-01,1.443794e-01,6.925993e-02,-2.610979e-02,-1.709450e-02,2.630927e-02,3.667855e-02,2.262127e-03,-5.393982e-04,2.709827e-02,-1.463351e-02,1.305020e+00,-1.721766e-02,1.898553e+02,1.031929e-02,1.070846e-02,5.027258e-02,-1.075847e+01,2.493244e-03,3.189313e-03,-2.880450e-03
12,0.120000,3.848718e-01,-1.351301e+01,-1.403018e+00,-3.589167e+01,-1.600254e+01,-4.696545e+00,-2.075113e+01,-5.172037e+00,1.799756e+01,-9.319222e+00,-1.518922e+00,-2.472783e+01,-2.906760e-01,-2.959375e+00,-3.697575e+00,1.486243e+00,-2.764637e+00,-5.120928e-01,1.217554e+00,7.021387e-01,1.860096e+00,1.139543e+00,-8.496619e-01,-1.820238e+00,4.662618e-01,5.904260e-01,9.825791e-01,1.154764e+00,1.347840e+00,1.633932e+00,1.901236e+00,2.540943e+00,1.875210e+02,8.127509e-01,5.525811e-02,6.382694e-02,-8.998728e-02,2.199296e+00,5.847039e+00,-2.951876e+00,-6.174427e+00,-2.599562e+00,1.681330e+00,2.725744e+00,3.855850e-01,2.663697e+00,-4.744023e-01,-2.358836e+00,-2.571920e+00,6.939648e+00,2.322356e-01,2.780314e-01,-2.294321e-01,-5.288623e-01,-6.781304e-03,2.774242e-01,2.153544e-01,7.374907e-02,-3.092005e-02,-2.825752e-02,2.135389e-02,3.801185e-02,-4.170156e-03,-2.363979e-02,-3.176156e-02,-3.297717e-02,1.223850e+00,-7.493670e-02,1.923895e+02,1.509963e-02,1.658522e-02,5.348374e-02,-3.056936e+01,3.112110e-04,3.360122e-04,-7.713433e-03
13,0.130000,5.659504e-01,-1.359169e+01,-2.205736e+00,-3.283716e+01,-8.183002e+00,-9.719279e+00,-2.769853e+01,-8.636752e+00,1.836400e+01,-7.195082e+00,1.988744e+00,-2.072817e+01,-1.341967e+00,-6.359091e+00,-8.097236e+00,1.038987e+01,-2.530584e+00,-2.584983e-01,8.989766e-01,4.732903e-02,1.737687e+00,1.440394e+00,-4.225018e-01,-1.594217e+00,4.371182e-01,5.537096e-01,1.001981e+00,1.200890e+00,1.347877e+00,1.611488e+00,1.860490e+00,2.492185e+00,1.886984e+02,7.685683e-01,5.171162e-02,-1.632883e+00,-7.605844e-01,5.322608e+00,6.496315e+00,-2.436240e+00,-4.613456e+00,-2.267023e+00,-5.344406e-01,2.394367e+00,9.265879e-01,3.446861e+00,1.012846e+00,-2.420773e+00,-1.006185e+00,4.078375e+00,7.585342e-02,-6.623758e-02,-6.385758e-01,-8.846619e-01,-4.254836e-01,-1.325249e-01,2.483692e-02,-1.438820e-02,-4.245193e-02,-3.566930e-02,1.004323e-02,2.864842e-02,-1.849732e-02,-4.098096e-02,-7.312858e-02,-3.319421e-02,8.577240e-01,-1.514464e-01,1.291312e+02,1.225466e-02,1.186600e-02,3.363056e-02,-5.072015e+01,-2.961089e-03,-3.206915e-03,-1.372136e-02
14,0.140000,4.969298e-01,-1.601506e+01,-3.106637e+00,-2.634718e+01,-4.550805e-01,-1.334107e+01,-3.307283e+01,-1.099651e+01,1.598325e+01,-4.729671e+00,3.383658e+00,-1.711812e+01,1.475226e+00,-7.674189e+00,-7.044356e+00,1.190051e+01,-2.503844e+00,-4.143671e-01,7.764880e-02,-1.070274e+00,1.161480e+00,1.155262e+00,-3.860036e-01,-1.756672e+00,3.922749e-01,5.045223e-01,1.008732e+00,1.217642e+00,1.307789e+00,1.510556e+00,1.707279e+00,2.462622e+00,1.892981e+02,4.938412e-01,2.571112e-03,-3.627542e+00,-1.276781e+00,7.905276e+00,4.595189e+00,-1.088826e+00,-7.905607e-01,-4.455004e-01,-2.224497e+00,1.563327e+00,-3.993016e-01,2.949091e+00,2.279961e+00,-2.449444e+00,1.553065e+00,-1.468171e+00,-1.658360e-01,-5.295610e-01,-9.863650e-01,-1.112892e+00,-9.431587e-01,-6.989712e-01,-3.238989e-01,-1.747753e-01,-5.068058e-02,-2.839196e-02,-8.011902e-03,1.659250e-02,-3.807211e-03,-2.580751e-02,-4.077631e-02,8.839297e-03,8.943939e-01,-1.680584e-01,6.489867e+01,6.127328e-03,5.932998e-03,1.681528e-02,-3.685525e+01,-4.245392e-03,-4.503644e-03,-1.328460e-02
15,0.150000,5.952139e-01,-2.137545e+01,-4.787141e+00,-1.505323e+01,3.385000e+00,-1.126228e+01,-3.208061e+01,-1.265971e+01,1.190805e+01,-3.202535e+00,1.864897e+00,-1.317494e+01,6.397615e+00,-9.918522e+00,-2.935005e+00,7.054040e+00,-2.832491e+00,-1.322793e+00,-1.382803e+00,-2.505806e+00,-1.163789e-01,-8.650064e-03,-1.179311e+00,-2.027791e+00,3.185665e-01,4.803087e-01,1.016204e+00,1.229921e+00,1.314682e+00,1.521906e+00,1.728017e+00,2.523003e+00,1.892981e+02,2.327422e-01,-5.458858e-02,-4.682134e+00,-1.497366e+00,8.584486e+00,2.073698e+00,4.920503e-01,3.444740e+00,2.479693e+00,-2.373161e+00,-5.723906e-01,-1.388236e+00,2.412815e+00,1.455656e+00,-2.223503e+00,3.413485e+00,-4.932634e+00,-3.605657e-01,-8.557366e-01,-1.100627e+00,-1.076936e+00,-1.249740e+00,-1.000911e+00,-5.986568e-01,-2.641611e-01,-4.327654e-02,-7.155472e-03,-2.534707e-02,1.105852e-02,9.987700e-03,-9.061098e-04,7.943785e-03,3.051107e-02,1.729864e+00,-8.154505e-02,0,0,0,0,4.236288e+00,8.343413e-04,-2.966499e-03,6.123163e-03
16,0.160000,3.830956e-01,-2.775884e+01,-6.496221e+00,-5.257259e+00,1.189406e+00,-9.369178e+00,-2.251289e+01,-5.388059e+00,1.010305e+01,-3.498862e+00,-3.453506e+00,-1.375898e+01,7.239336e+00,-1.342688e+01,1.486635e+00,-4.186697e+00,-3.442863e+00,-2.627751e+00,-2.573381e+00,-3.585755e+00,-1.928665e+00,-1.630790e+00,-2.090752e+00,-2.477327e+00,2.721348e-01,4.851667e-01,9.354081e-01,1.223211e+00,1.345401e+00,1.549685e+00,1.763591e+00,2.569731e+00,1.916930e+02,2.403722e-01,-9.719998e-02,-3.618795e+00,-1.463593e+00,6.903464e+00,1.452853e+00,-3.886153e-01,5.053237e+00,3.846179e+00,-2.326945e+00,-4.286733e+00,-7.217668e-01,2.456816e+00,-9.412991e-01,-8.941759e-01,3.759373e+00,-4.756801e+00,-2.646681e-01,-6.932801e-01,-8.683048e-01,-7.524738e-01,-1.127903e+00,-7.355273e-01,-4.298191e-01,-1.027463e-01,-2.542191e-02,1.914182e-03,-4.670622e-02,1.581700e-02,2.991018e-02,2.096411e-02,4.056349e-02,-9.492254e-03,3.424716e+00,7.625471e-02,7.267891e+01,0,0,3.876008e-03,4.636891e+01,1.101112e-02,9.313741e-04,5.948450e-02
17,0.170000,3.499246e-01,-3.113046e+01,-7.997772e+00,-4.596944e-01,1.363246e+00,-9.244975e+00,-1.575480e+01,9.574871e-01,9.438294e+00,-1.067244e+01,-1.533855e+00,-1.034366e+01,3.054259e+00,-1.460026e+01,4.704695e+00,-6.229698e+00,-3.863903e+00,-3.430490e+00,-3.278645e+00,-4.079611e+00,-2.965942e+00,-2.171132e+00,-2.563412e+00,-2.554694e+00,2.808056e-01,5.276100e-01,9.119080e-01,1.253398e+00,1.379009e+00,1.587393e+00,1.872053e+00,2.591186e+00,1.961503e+02,4.875776e-01,-1.120196e-01,-8.724136e-01,-1.208104e+00,3.909951e+00,3.643182e+00,-3.021139e+00,2.495791e+00,2.499869e+00,-3.321973e+00,-7.533034e+00,1.163279e+00,3.831040e+00,-2.127413e+00,2.076702e+00,2.838381e+00,-2.237297e+00,9.365396e-02,-7.440846e-02,-4.932753e-01,-3.437592e-01,-5.875766e-01,9.711599e-03,1.131408e-01,2.095755e-01,-7.847404e-03,-6.782097e-03,-2.040630e-02,3.424051e-02,4.173517e-02,2.184116e-02,5.764071e-02,-3.986526e-02,5.222697e+00,1.582576e-01,1.464225e+02,1.949003e-02,0,7.071602e-02,6.109615e+01,1.790683e-02,7.328340e-03,8.383028e-02
18,0.180000,1.335745e-01,-2.923153e+01,-8.819287e+00,8.733693e-01,7.820065e+00,-1.629280e+01,-1.596955e+01,1.425781e+00,5.583408e+00,-2.242838e+01,1.474199e+00,-6.249683e+00,-1.559591e+00,-9.804200e+00,7.932663e+00,-5.241630e+00,-3.311479e+00,-2.826919e+00,-3.315954e+00,-4.045740e+00,-3.053256e+00,-1.441133e+00,-1.843049e+00,-2.006952e+00,2.840459e-01,4.904425e-01,8.273490e-01,1.284988e+00,1.425177e+00,1.582633e+00,1.838078e+00,2.381070e+00,2.029957e+02,7.476971e-01,-5.167453e-02,1.675027e+00,-1.093226e+00,1.918996e+00,6.434686e+00,-5.663613e+00,-1.118633e+00,-7.945470e-01,-5.473451e+00,-7.103381e+00,2.487360e+00,5.355640e+00,-1.554736e+00,4.499919e+00,9.388007e-01,-4.891647e-01,4.612751e-01,5.666170e-01,-2.252016e-01,-9.237311e-02,-7.216394e-02,6.542627e-01,6.664216e-01,5.269516e-01,-7.323271e-03,-3.226839e-02,1.803725e-02,4.801267e-02,4.660930e-02,1.572633e-02,4.486700e-02,-5.257363e-02,6.356420e+00,1.367002e-01,2.235319e+02,5.143791e-02,1.058987e-02,2.788798e-01,4.130727e+01,1.494606e-02,1.029218e-02,6.965269e-02
19,0.190000,1.598764e-01,-2.500117e+01,-9.666130e+00,1.431214e+00,1.828558e+01,-2.290616e+01,-2.287332e+01,-3.567285e+00,-2.441990e+00,-3.140295e+01,5.217440e+00,2.225609e+00,1.600130e-01,-1.346351e+00,8.033884e+00,-3.604979e+00,-2.429914e+00,-1.595251e+00,-3.477893e+00,-3.994609e+00,-2.491966e+00,-5.492067e-02,-7.374584e-01,-1.215101e+00,2.733739e-01,4.437603e-01,9.682023e-01,1.370235e+00,1.483470e+00,1.614638e+00,1.978977e+00,2.418007e+00,2.097603e+02,7.703676e-01,1.310838e-02,2.526490e+00,-1.316251e+00,1.021072e+00,6.674900e+00,-6.578275e+00,-2.161700e+00,-2.004243e+00,-6.266709e+00,-2.966544e+00,1.126710e+00,4.532855e+00,-7.064857e-02,4.873929e+00,-1.328175e+00,-2.167485e+00,5.215913e-01,7.452216e-01,-8.787837e-02,-1.832519e-02,9.416781e-02,7.880584e-01,8.983820e-01,6.283823e-01,-1.095403e-02,-4.219829e-02,5.971072e-02,5.040312e-02,5.122148e-02,1.580595e-02,4.545133e-02,1.153195e-02,6.821546e+00,6.172018e-02,2.300543e+02,6.381520e-02,3.134676e-02,2.816495e-01,2.083679e+01,8.893795e-04,8.072697e-03,1.343502e-03
20,0.200000,2.197470e-01,-2.244835e+01,-1.112817e+01,3.392268e+00,2.490167e+01,-3.085665e+01,-2.454679e+01,-7.098408e+00,-1.132406e+01,-2.865051e+01,5.607647e+00,6.734581e+00,9.127790e-01,2.445762e+00,4.516044e+00,-7.944880e+00,-1.853483e+00,-7.122852e-01,-3.599766e+00,-4.090122e+00,-2.526472e+00,5.824172e-01,3.283800e-01,-5.123657e-01,2.392342e-01,3.657496e-01,9.974472e-01,1.404856e+00,1.526217e+00,1.614694e+00,1.934464e+00,2.393452e+00,2.166701e+02,7.824783e-01,7.422493e-02,1.640517e+00,-1.619031e+00,5.722285e-01,4.826658e+00,-5.632792e+00,-9.521860e-01,-1.114072e+00,-4.939925e+00,1.453695e+00,-1.388843e-01,2.167128e+00,-2.992210e-01,2.395082e+00,-2.877420e+00,-4.129050e+00,2.607203e-01,4.168557e-01,-7.242046e-02,-8.147033e-02,-1.273756e-02,5.447996e-01,7.386513e-01,4.952338e-01,-7.354884e-03,-2.392582e-02,7.685310e-02,3.803908e-02,4.551059e-02,1.626732e-02,3.337300e-02,6.944239e-02,6.814363e+00,6.684589e-03,2.373994e+02,5.256774e-02,3.578753e-02,2.466727e-01,6.792822e+00,-1.129600e-02,-7.495199e-04,-4.661734e-02
21,0.210000,3.723802e-01,-2.188960e+01,-1.342458e+01,3.386216e+00,2.619694e+01,-3.485442e+01,-2.227468e+01,-4.801636e+00,-1.344152e+01,-2.239409e+01,2.032971e+00,5.828480e+00,1.464831e+00,3.644405e+00,-2.278707e-01,-1.571550e+01,-1.984945e+00,-7.616985e-01,-3.576131e+00,-4.149046e+00,-2.758495e+00,7.573848e-01,8.427836e-01,-1.600761e-01,2.484413e-01,3.789650e-01,1.125412e+00,1.445480e+00,1.584597e+00,1.650392e+00,2.051117e+00,2.642654e+00,2.234208e+02,7.787879e-01,5.479208e-02,3.255798e-01,-1.644437e+00,8.736260e-02,2.171856e+00,-4.069421e+00,5.748571e-01,3.683676e-01,-2.797537e+00,3.394569e+00,-1.888083e+00,-1.573795e+00,-2.429978e+00,-4.742255e-01,-2.375026e+00,-4.818947e+00,-1.421828e-02,-3.308336e-02,-1.466575e-02,-1.294499e-01,-1.553834e-01,2.050722e-01,4.321426e-01,2.650544e-01,-2.365380e-04,-1.011851e-03,4.284574e-02,1.421762e-02,2.955245e-02,6.898248e-03,-2.965832e-03,5.988712e-02,6.864198e+00,1.788491e-03,2.436727e+02,2.337201e-02,2.776465e-02,9.353705e-02,7.013705e+00,-1.405343e-02,-7.411498e-03,-3.933983e-02
22,0.220000,3.984473e-01,-2.258473e+01,-1.503521e+01,2.757010e+00,2.799767e+01,-3.848263e+01,-2.102980e+01,-3.527403e+00,-1.361645e+01,-1.966433e+01,2.372013e+00,2.784523e+00,-3.708105e+00,-3.241668e-01,-2.323560e+00,-1.983162e+01,-2.230362e+00,-1.159417e+00,-3.628937e+00,-4.375873e+00,-2.983680e+00,8.767119e-01,1.060087e+00,-5.829515e-02,2.597378e-01,4.032110e-01,1.133009e+00,1.437561e+00,1.602167e+00,1.646092e+00,1.968873e+00,2.615958e+00,2.302373e+02,7.769098e-01,-8.953005e-04,-4.133381e-01,-1.253555e+00,-5.504104e-01,5.500675e-01,-2.319976e+00,5.951689e-01,6.750613e-01,-2.140331e+00,1.335468e+00,-2.222981e+00,-3.316833e+00,-4.505023e+00,-2.761798e+00,-1.159621e+00,-3.164221e+00,-1.123123e-01,-2.900345e-01,8.268905e-03,-1.024597e-01,-1.380603e-01,6.210021e-02,1.619116e-01,6.275167e-02,4.909710e-03,1.633976e-02,2.681479e-02,3.216767e-03,1.425616e-02,2.417386e-03,-1.273673e-02,3.227978e-02,6.922707e+00,4.756629e-04,2.506868e+02,1.517951e-02,8.633327e-03,1.398493e-01,7.098242e+00,-9.073686e-03,-7.602489e-03,-2.550543e-02
23,0.230000,3.444867e-01,-2.330509e+01,-1.593479e+01,2.185656e+00,2.759686e+01,-3.944028e+01,-2.175753e+01,-3.510950e+00,-1.528348e+01,-1.892319e+01,-2.605160e+00,-3.668337e+00,-9.679434e+00,-2.332515e+00,-4.214436e-01,-2.175634e+01,-2.312566e+00,-1.537102e+00,-3.536635e+00,-4.498983e+00,-3.040280e+00,8.232929e-01,1.057401e+00,-1.168648e-01,2.619394e-01,4.199703e-01,1.114650e+00,1.424970e+00,1.593258e+00,1.633430e+00,1.946943e+00,2.606190e+00,2.372977e+02,7.820942e-01,-5.918515e-02,-5.118687e-01,-6.931888e-01,-6.330665e-01,-5.510071e-01,-1.037289e+00,-1.479288e-01,4.474847e-02,-3.194909e+00,-1.547664e+00,-1.465030e+00,-3.896922e+00,-5.221130e+00,-3.219426e+00,-6.802562e-01,-1.498485e+00,-3.300967e-02,-2.770011e-01,3.356741e-02,-2.244840e-02,-9.699132e-02,3.207778e-02,3.343884e-02,-5.683197e-02,2.360314e-04,1.296701e-02,-9.792340e-03,-7.834947e-03,3.312564e-03,-3.719282e-03,-3.350730e-02,-2.003775e-02,7.041948e+00,1.671821e-03,2.584791e+02,1.224217e-02,7.866378e-03,1.383621e-01,7.399669e+00,-2.190243e-03,-3.089719e-03,-9.532546e-03
24,0.240000,2.292173e-01,-2.380730e+01,-1.614084e+01,1.240496e+00,2.695205e+01,-4.016360e+01,-2.182952e+01,-4.368444e+00,-2.110474e+01,-2.370862e+01,-3.188195e+00,-5.101178e+00,-1.604021e+01,-8.374767e+00,-1.185273e+00,-2.074557e+01,-2.251234e+00,-1.774756e+00,-3.578169e+00,-4.427452e+00,-3.075881e+00,8.599642e-01,1.030630e+00,-2.202130e-01,2.570337e-01,4.269458e-01,1.136902e+00,1.431194e+00,1.593167e+00,1.635262e+00,1.922867e+00,2.573083e+00,2.443452e+02,7.832034e-01,-5.813322e-02,-4.210617e-01,-3.771571e-01,-5.573394e-01,-1.473091e+00,6.057976e-01,-5.212860e-02,1.237318e-01,-3.719880e+00,-3.700059e+00,7.365980e-01,-3.443986e+00,-4.485145e+00,-2.216287e+00,-1.962883e+00,-1.387932e-01,2.791147e-02,-2.320518e-01,9.271073e-03,9.477873e-02,-8.907330e-02,4.150152e-02,-1.790487e-02,-1.099656e-01,-4.792675e-03,1.235703e-02,-1.917975e-02,-9.180439e-03,2.625942e-03,1.303780e-03,-1.678920e-02,-1.851737e-02,7.102983e+00,3.181398e-04,2.654875e+02,1.276423e-02,7.724228e-03,9.673306e-02,7.286072e+00,-5.451550e-04,1.180876e-03,-2.258906e-02
25,0.250000,1.610695e-01,-2.383766e+01,-1.633772e+01,9.791411e-01,2.396472e+01,-3.920038e+01,-2.261447e+01,-4.157373e+00,-2.567192e+01,-2.811027e+01,-2.512077e+00,-9.713281e+00,-1.847477e+01,-8.427425e+00,-4.198296e+00,-2.275095e+01,-2.139557e+00,-1.839034e+00,-3.433678e+00,-4.235499e+00,-3.197351e+00,9.261475e-01,1.024706e+00,-3.632770e-01,2.509735e-01,4.319327e-01,1.074504e+00,1.409489e+00,1.605659e+00,1.637211e+00,1.906584e+00,2.563903e+00,2.515766e+02,7.840002e-01,-2.278874e-02,-5.616285e-01,-2.100910e-01,-5.233200e-01,-1.619224e+00,1.878175e+00,-4.827166e-01,3.703733e-01,-1.950836e+00,-4.323215e+00,4.039968e+00,-3.180894e+00,-3.327184e+00,-2.296619e-01,-3.809839e+00,9.327284e-01,3.699446e-03,-2.194443e-01,-5.253766e-02,8.732619e-02,-1.071418e-01,6.806700e-02,-4.434593e-02,-1.546519e-01,-5.954580e-03,1.431114e-02,-2.179412e-02,-4.378557e-03,4.113257e-03,4.168069e-03,7.439136e-04,-9.133053e-03,7.007730e+00,-3.721166e-03,2.732708e+02,1.362844e-02,1.277060e-02,6.743247e-02,6.721972e+00,1.503756e-04,2.103476e-03,-1.520922e-02
26,0.260000,1.994898e-01,-2.442375e+01,-1.671954e+01,5.735707e-01,2.244829e+01,-3.557359e+01,-2.086198e+01,-2.585532e+00,-2.702163e+01,-3.357109e+01,6.008461e+00,-1.141294e+01,-2.173616e+01,-8.358148e+00,-1.024955e+01,-2.002828e+01,-2.177309e+00,-2.168710e+00,-3.634061e+00,-4.033721e+00,-3.350511e+00,1.032792e+00,9.869097e-01,-4.849170e-01,2.412574e-01,4.590150e-01,1.057184e+00,1.399400e+00,1.609096e+00,1.650721e+00,1.905107e+00,2.544514e+00,2.586128e+02,7.775475e-01,1.017383e-02,-9.391140e-01,3.731632e-02,-6.966753e-01,-1.617349e+00,3.322958e+00,-6.364533e-01,8.198241e-01,1.603511e+00,-3.531763e+00,4.878657e+00,-3.768677e+00,-2.218949e+00,1.961363e+00,-3.180283e+00,3.167641e+00,-7.843626e-02,-2.888975e-01,-9.590182e-02,1.803746e-02,-7.994778e-02,-2.159921e-02,-1.468720e-01,-2.187235e-01,-5.072749e-03,1.782810e-02,-1.782947e-02,-1.747882e-03,-2.323437e-03,2.964377e-04,1.734436e-03,2.989244e-03,6.611333e+00,-1.045666e-02,2.797213e+02,1.176060e-02,1.208559e-02,6.236882e-02,5.422141e+00,-8.706981e-04,1.565443e-03,6.400271e-03
27,0.270000,2.454067e-01,-2.580500e+01,-1.669590e+01,-9.748165e-02,2.175262e+01,-3.234441e+01,-2.465489e+01,-2.550540e+00,-2.207922e+01,-3.560803e+01,1.299635e+01,-1.641693e+01,-2.346738e+01,-3.489134e+00,-1.493850e+01,-1.745134e+01,-2.331031e+00,-2.437347e+00,-3.771378e+00,-4.259217e+00,-3.438674e+00,1.077214e+00,8.575311e-01,-7.577721e-01,2.400547e-01,4.754914e-01,1.045539e+00,1.418975e+00,1.605860e+00,1.646541e+00,1.959543e+00,2.574809e+00,2.652026e+02,7.663164e-01,2.498421e-02,-1.573652e+00,5.719353e-01,-6.397936e-01,-1.906909e+00,4.294940e+00,-6.302061e-01,9.969724e-01,5.240588e+00,-1.971814e+00,2.314977e+00,-3.277038e+00,3.257128e-01,1.643820e+00,-2.306589e-01,4.719342e+00,-1.813576e-01,-3.732452e-01,-1.311463e-01,-1.171002e-01,-5.056574e-02,-2.797515e-01,-4.064044e-01,-3.386079e-01,-4.617506e-03,1.607076e-02,-2.942193e-03,2.951038e-03,-1.282080e-02,-5.320740e-03,5.836976e-03,1.623955e-02,5.930469e+00,-1.518884e-02,2.849720e+02,1.349586e-02,1.620308e-02,7.949807e-02,3.887909e+00,-1.281254e-03,5.490254e-04,1.699162e-02
28,0.280000,2.379178e-01,-2.751920e+01,-1.577517e+01,-1.704569e+00,1.997135e+01,-2.697680e+01,-2.399158e+01,-1.072740e+00,-1.488353e+01,-3.761856e+01,1.345087e+01,-2.059274e+01,-2.463865e+01,-1.037097e+00,-1.171659e+01,-7.557167e+00,-2.547678e+00,-2.920087e+00,-3.888828e+00,-4.325406e+00,-3.354958e+00,6.764349e-01,3.798574e-01,-1.116583e+00,2.371293e-01,4.943069e-01,1.062238e+00,1.417712e+00,1.581450e+00,1.632079e+00,1.905060e+00,2.582577e+00,2.705888e+02,7.397621e-01,2.137569e-02,-2.136158e+00,1.135965e+00,-2.051807e-01,-3.833082e+00,4.838680e+00,8.265384e-01,5.709791e-01,6.513777e+00,6.746063e-01,-2.180794e+00,-1.807371e+00,3.531677e+00,-8.191048e-01,3.799728e+00,4.232102e+00,-2.894675e-01,-4.156710e-01,-1.093050e-01,-1.486750e-01,-9.535661e-02,-6.939374e-01,-7.311565e-01,-4.518015e-01,-1.642440e-03,1.254420e-02,-1.904110e-02,-1.718869e-02,-2.402592e-02,-1.158065e-02,-1.370018e-02,1.752696e-02,4.905942e+00,-1.748471e-02,2.867475e+02,8.477026e-03,1.383521e-02,1.227016e-01,-1.681065e+01,-2.044416e-03,-9.536131e-04,1.013801e-02
29,0.290000,2.667765e-01,-3.015820e+01,-1.395022e+01,-1.080757e+00,1.566864e+01,-2.202408e+01,-2.420070e+01,7.109372e-02,-5.538029e+00,-3.594560e+01,5.341602e+00,-2.150857e+01,-1.539496e+01,-3.868853e+00,-4.618071e+00,-5.389800e+00,-2.861160e+00,-3.329571e+00,-3.962026e+00,-4.675158e+00,-3.447955e+00,-2.944313e-01,-7.037892e-01,-1.740484e+00,2.299500e-01,4.946405e-01,1.057266e+00,1.415088e+00,1.555378e+00,1.619928e+00,1.935792e+00,2.626070e+00,2.752409e+02,7.269487e-01,1.332793e-02,-2.499110e+00,1.210937e+00,5.000539e-01,-6.389906e+00,3.887545e+00,2.590514e+00,-4.365781e-01,4.860817e+00,3.139389e+00,-5.420028e+00,9.614712e-01,6.288495e+00,-4.172781e+00,6.175241e+00,2.317660e+00,-4.081936e-01,-4.064511e-01,-9.041347e-02,-1.059874e-01,-2.341121e-01,-1.051420e+00,-9.344923e-01,-4.776823e-01,3.593366e-03,7.564598e-03,-4.897920e-02,-4.523802e-02,-3.786350e-02,-1.405019e-02,-3.449257e-02,-6.076789e-03,3.642020e+00,-1.494094e-02,2.891972e+02,8.863952e-03,1.464092e-02,1.222242e-01,-4.675732e+01,-2.396563e-03,-3.055370e-03,-1.403322e-02
30,0.300000,2.956834e-01,-3.292794e+01,-1.241255e+01,3.930481e-02,6.324867e+00,-1.654036e+01,-1.695638e+01,-1.041454e+00,-2.723335e+00,-3.002927e+01,-1.068132e+00,-1.790397e+01,-8.113987e+00,-1.226381e+01,3.588878e+00,-4.898541e+00,-3.359582e+00,-3.800952e+00,-4.085262e+00,-4.569126e+00,-3.822653e+00,-1.751072e+00,-1.888213e+00,-2.252569e+00,2.380975e-01,5.121614e-01,9.561144e-01,1.315400e+00,1.514207e+00,1.606124e+00,1.848482e+00,2.606519e+00,2.781233e+02,7.098078e-01,-1.094228e-03,-2.386220e+00,8.105413e-01,7.935714e-01,-7.904099e+00,2.329489e+00,3.665816e+00,-2.079331e+00,2.351489e+00,5.432179e+00,-4.510172e+00,3.137328e+00,7.061595e+00,-5.406429e+00,5.273049e+00,-1.049794e-01,-5.148779e-01,-2.924337e-01,-6.416190e-02,-2.586880e-02,-3.422191e-01,-1.142894e+00,-8.632425e-01,-3.766064e-01,1.151936e-02,2.870947e-04,-7.460172e-02,-7.352388e-02,-4.302008e-02,-1.591533e-02,-5.106884e-02,-4.751477e-02,2.907135e+00,-4.380351e-03,1.935555e+02,3.854471e-03,8.098603e-03,9.169584e-02,-5.522662e+01,-2.199368e-03,-3.851681e-03,-3.427926e-02
31,0.310000,2.831636e-01,-3.559618e+01,-1.232252e+01,1.530851e+00,-3.373670e+00,-1.812490e+01,-1.521991e+01,-4.749074e+00,-3.855230e+00,-2.370572e+01,-6.844285e+00,-1.295396e+01,-2.872330e-01,-1.873968e+01,8.284974e+00,-7.192354e+00,-3.966047e+00,-4.029170e+00,-4.125228e+00,-4.667294e+00,-4.375387e+00,-2.966134e+00,-2.680896e+00,-2.578191e+00,2.575374e-01,5.043871e-01,8.537045e-01,1.243941e+00,1.450164e+00,1.589268e+00,1.815369e+00,2.532454e+00,2.796454e+02,7.065888e-01,-3.698325e-02,-1.595473e+00,1.085246e-01,4.388279e-02,-6.756638e+00,1.432984e+00,4.120808e+00,-3.618432e+00,-5.613847e-01,5.870103e+00,-1.651723e+00,2.214427e+00,5.446704e+00,-3.513950e+00,2.950627e+00,-1.326995e-01,-4.973198e-01,-1.894094e-01,-5.977001e-02,1.061634e-01,-2.108097e-01,-8.951082e-01,-5.218364e-01,-1.723602e-01,1.521771e-02,3.322938e-03,-6.572811e-02,-7.931364e-02,-4.215239e-02,-1.444000e-02,-5.606358e-02,-6.810100e-02,3.172766e+00,1.309333e-02,9.778139e+01,3.824326e-03,3.794526e-03,2.483485e-02,-2.399490e+01,3.161651e-03,-3.738045e-03,-2.860234e-02
32,0.320000,2.242531e-01,-3.673130e+01,-1.253631e+01,9.574837e-01,-1.002798e+01,-1.727894e+01,-1.015289e+01,-9.059310e+00,-3.967489e+00,-1.657760e+01,-3.007043e+00,-9.183410e+00,3.115463e+00,-2.063383e+01,8.197135e+00,-7.180786e+00,-4.569624e+00,-4.032456e+00,-4.128036e+00,-4.458682e+00,-4.602338e+00,-3.702183e+00,-2.947802e+00,-2.580761e+00,2.809324e-01,4.908691e-01,7.910101e-01,1.135666e+00,1.418956e+00,1.567833e+00,1.709927e+00,2.391811e+00,2.829222e+02,7.280403e-01,-5.111684e-02,2.823334e-02,2.313004e-02,-1.689457e+00,-3.955736e+00,2.267049e+00,3.393718e+00,-4.155679e+00,-1.300748e+00,5.996268e+00,1.415183e+00,-1.015926e+00,3.524604e+00,-1.186066e-02,-1.757947e-01,2.942475e-01,-2.945947e-01,2.051282e-02,8.800630e-02,3.166164e-01,2.600167e-01,-3.956654e-01,-1.383128e-01,1.162755e-02,1.752887e-02,1.469209e-02,-1.705486e-02,-5.676621e-02,-3.167565e-02,3.883266e-03,6.577933e-03,-3.419695e-02,4.569321e+00,3.445121e-02,1.063223e+02,0,0,0,3.672355e+01,8.771444e-03,-2.075610e-04,1.811011e-02
33,0.330000,1.175754e-01,-3.623388e+01,-1.334572e+01,-1.320432e+00,-9.938118e+00,-1.448987e+01,-6.998402e+00,-1.401214e+01,-7.722875e+00,-1.332092e+01,-1.947559e+00,-1.479672e+01,6.223835e+00,-1.725360e+01,7.830934e+00,-4.912175e+00,-4.742738e+00,-4.160866e+00,-4.239489e+00,-4.199564e+00,-4.112161e+00,-3.794417e+00,-2.783177e+00,-2.438189e+00,2.846211e-01,5.219014e-01,8.111777e-01,1.108387e+00,1.392241e+00,1.566874e+00,1.724752e+00,2.392919e+00,2.887053e+02,7.832991e-01,-4.151879e-02,2.222417e+00,5.502704e-01,-4.303879e+00,-1.904894e+00,3.428248e+00,2.315455e+00,-4.231422e+00,-1.400986e+00,5.127194e+00,3.105477e+00,-5.101016e+00,8.932647e-01,3.047217e+00,-2.494896e+00,9.645629e-01,8.190827e-02,3.311541e-01,4.244537e-01,6.912121e-01,9.012915e-01,1.728491e-01,1.930594e-01,1.617880e-01,2.029280e-02,2.803002e-02,2.332010e-02,-3.182912e-02,-3.366051e-02,1.596557e-02,3.796196e-02,4.984451e-03,5.922739e+00,4.497849e-02,2.128393e+02,2.659944e-02,0,2.506039e-02,6.591209e+01,1.025843e-02,2.650487e-03,6.066764e-02
34,0.340000,1.228933e-01,-3.246793e+01,-1.178530e+01,-6.982340e+00,-1.017159e+01,-7.022629e+00,-4.098547e+00,-1.718832e+01,-7.293255e+00,-5.240333e+00,3.559422e+00,-2.206222e+01,6.253502e+00,-1.306616e+01,2.936924e+00,-4.567393e+00,-4.444210e+00,-3.632540e+00,-3.588100e+00,-3.219909e+00,-2.654182e+00,-3.315258e+00,-2.528636e+00,-2.264432e+00,3.122000e-01,5.768648e-01,8.921034e-01,1.099346e+00,1.384790e+00,1.636738e+00,1.926680e+00,2.505301e+00,2.964400e+02,8.437087e-01,-8.390753e-03,4.162557e+00,1.298914e+00,-6.330396e+00,-1.920226e+00,2.920966e+00,2.232161e-01,-3.254357e+00,-2.566205e-01,4.609828e+00,2.938104e+00,-6.633012e+00,-1.023635e+00,4.226254e+00,-4.128237e+00,6.086592e-01,4.245628e-01,7.271711e-01,8.989950e-01,1.025398e+00,1.378143e+00,6.245502e-01,3.808253e-01,2.481484e-01,2.626209e-02,2.436466e-02,3.479540e-02,-1.264271e-02,-5.115932e-02,1.346919e-02,4.329400e-02,3.896236e-03,6.275961e+00,4.107060e-02,3.196443e+02,3.632413e-02,8.958061e-03,1.821336e-01,5.394320e+01,3.307007e-03,3.936511e-03,6.861676e-02
35,0.350000,1.262496e-01,-2.661578e+01,-9.946674e+00,-1.601863e+01,-1.282633e+01,-6.111818e+00,-6.669807e+00,-2.184168e+01,-9.197278e+00,-3.738388e+00,5.399867e+00,-3.201963e+01,2.610071e+00,-7.287429e+00,-1.559400e+00,-3.676236e+00,-3.619213e+00,-2.573357e+00,-2.272928e+00,-1.830620e+00,-8.430076e-01,-2.295352e+00,-1.925182e+00,-1.927415e+00,3.433676e-01,6.015394e-01,9.197583e-01,1.102955e+00,1.298944e+00,1.634643e+00,1.896803e+00,2.500631e+00,3.025002e+02,8.736470e-01,6.144463e-02,4.995637e+00,1.441361e+00,-7.060407e+00,-3.008186e+00,1.210422e+00,-1.195913e+00,-1.869634e+00,1.284255e+00,3.500309e+00,1.838619e+00,-4.689679e+00,-1.977599e+00,3.912488e+00,-4.811795e+00,-2.954091e-01,5.437032e-01,9.677273e-01,1.200272e+00,1.158920e+00,1.447175e+00,8.402736e-01,4.612220e-01,3.115018e-01,3.152577e-02,4.084236e-03,2.303223e-02,-1.135114e-02,-5.828543e-02,-8.298730e-03,-8.046699e-03,-2.665489e-02,5.634870e+00,2.644077e-02,3.206809e+02,3.695444e-02,1.256793e-02,2.371062e-01,2.235459e+01,-7.350248e-03,1.458057e-03,2.015331e-02
36,0.360000,1.779622e-01,-2.072757e+01,-7.741266e+00,-2.334540e+01,-1.818500e+01,-6.863141e+00,-9.201108e+00,-2.141632e+01,-4.513390e+00,1.680271e+00,8.009766e+00,-3.373702e+01,-1.958312e-01,-4.485639e+00,-7.748882e+00,-4.755459e+00,-3.008573e+00,-1.190356e+00,-6.163418e-01,-5.161644e-01,6.537985e-01,-1.328965e+00,-1.472673e+00,-1.595406e+00,3.828696e-01,5.728734e-01,9.106968e-01,1.075168e+00,1.209808e+00,1.601294e+00,1.840372e+00,2.357436e+00,3.074045e+02,8.882194e-01,8.673473e-02,4.289483e+00,5.721506e-01,-6.170755e+00,-3.337823e+00,-3.547636e-01,-1.501402e+00,-3.755306e-01,1.541776e+00,1.484144e+00,-1.075909e+00,-1.749507e+00,-1.151590e+00,2.921940e+00,-4.198155e+00,-1.038070e+00,4.063686e-01,8.157398e-01,1.107620e+00,9.764924e-01,1.130375e+00,7.970045e-01,4.463699e-01,3.167554e-01,3.396682e-02,-5.492300e-03,1.657657e-02,-5.766249e-03,-2.832292e-02,-1.268704e-02,-1.371660e-02,-1.847532e-02,4.507797e+00,1.180665e-02,3.221175e+02,1.135754e-02,1.339859e-02,2.370609e-01,1.126559e+00,-1.009781e-02,-2.186152e-03,-4.104304e-02
37,0.370000,3.972641e-01,-1.712588e+01,-8.160934e+00,-2.844093e+01,-2.097234e+01,-8.517499e+00,-1.042669e+01,-2.124631e+01,-2.691531e+00,7.203181e-01,5.020361e+00,-3.240771e+01,-4.394912e-01,-1.981413e+00,-1.088514e+01,-6.295187e+00,-2.742041e+00,-5.433216e-01,2.759939e-01,2.431616e-01,1.469722e+00,-5.861955e-01,-1.005048e+00,-1.215192e+00,4.069152e-01,5.443183e-01,9.170422e-01,1.063720e+00,1.188305e+00,1.543102e+00,1.727672e+00,2.333577e+00,3.113973e+02,8.932477e-01,9.382975e-02,2.818495e+00,-3.219078e-01,-4.263238e+00,-2.737213e+00,-9.774971e-02,-6.130978e-01,7.597551e-01,1.323713e+00,8.397132e-02,-3.475287e+00,7.941278e-01,5.658166e-01,1.923501e+00,-2.926829e+00,-1.416090e+00,1.687905e-01,4.276086e-01,7.631280e-01,6.524999e-01,6.949807e-01,5.845000e-01,3.191975e-01,2.491272e-01,3.528123e-02,1.884860e-03,2.437701e-02,1.821268e-03,1.619816e-02,7.662094e-03,5.115356e-02,4.836426e-02,3.574661e+00,3.560275e-03,3.233756e+02,2.331497e-03,5.070023e-03,9.836328e-02,7.752380e-01,-7.758299e-03,-3.316997e-03,-5.994695e-02
38,0.380000,4.210597e-01,-1.576546e+01,-9.817418e+00,-3.162496e+01,-2.278770e+01,-7.593606e+00,-9.727120e+00,-1.936366e+01,-2.837247e+00,-4.896720e-02,-1.630371e+00,-3.061571e+01,2.020331e+00,-1.109466e+00,-1.339098e+01,-8.448269e+00,-2.850953e+00,-5.688592e-01,6.755363e-01,6.256618e-01,1.841326e+00,-1.848140e-01,-7.568534e-01,-1.036767e+00,4.502603e-01,5.780138e-01,9.763443e-01,1.090132e+00,1.298495e+00,1.619073e+00,1.942662e+00,2.496452e+00,3.145304e+02,8.929417e-01,1.979730e-02,1.404316e+00,-5.839837e-01,-2.342191e+00,-1.626311e+00,1.122872e+00,4.390597e-01,8.559881e-01,5.775003e-01,-1.283638e+00,-4.195373e+00,1.640955e+00,1.316291e+00,1.556388e+00,-1.307839e+00,-1.260915e+00,1.991465e-02,5.263566e-02,3.781229e-01,3.663882e-01,3.448752e-01,3.456464e-01,1.432860e-01,1.466866e-01,2.911522e-02,1.465014e-02,1.854209e-02,9.107029e-03,2.858987e-02,1.703584e-02,7.117792e-02,4.522729e-02,2.725131e+00,-7.857204e-04,3.239297e+02,3.146531e-03,1.776256e-03,4.628986e-02,1.765686e-01,-1.565057e-03,-2.413676e-03,-4.519352e-02
39,0.390000,4.738497e-01,-1.500436e+01,-1.051814e+01,-3.319504e+01,-2.421105e+01,-6.235334e+00,-9.472290e+00,-1.906924e+01,-3.416786e+00,-2.453912e+00,-7.156499e+00,-2.960964e+01,4.331073e+00,6.419893e-01,-1.337250e+01,-8.910283e+00,-2.854070e+00,-7.460625e-01,8.967733e-01,8.609669e-01,2.038132e+00,5.507272e-02,-6.871038e-01,-9.610990e-01,4.860784e-01,6.083934e-01,1.008820e+00,1.104579e+00,1.335592e+00,1.664064e+00,2.101425e+00,2.672944e+00,3.168106e+02,8.890873e-01,-2.763546e-02,6.027649e-01,1.898800e-01,-3.366072e-01,-1.080733e+00,2.063633e+00,1.249951e+00,5.790014e-01,1.287305e+00,-8.949445e-01,-2.585152e+00,1.622315e+00,1.132018e+00,1.025843e+00,-1.117753e-01,-5.324219e-01,1.049988e-02,-6.115947e-02,1.741444e-01,1.867153e-01,1.262780e-01,1.194673e-01,-6.254019e-02,5.920041e-02,1.713128e-02,1.306037e-02,-5.982888e-03,4.421413e-03,-5.513072e-03,-1.375675e-05,2.633652e-02,-4.015136e-03,1.940698e+00,-2.504003e-03,3.236510e+02,2.268446e-03,1.794115e-03,3.275699e-02,-4.125794e-01,3.979093e-04,-3.694172e-06,-5.809537e-03
40,0.400000,2.386560e-01,-1.476675e+01,-9.482583e+00,-3.267930e+01,-2.469720e+01,-2.389865e+00,-7.483007e+00,-1.822491e+01,-1.263261e+00,-3.150806e+00,-6.878666e+00,-2.693128e+01,4.000340e+00,1.984601e+00,-1.304440e+01,-9.752487e+00,-2.852985e+00,-8.258072e-01,9.638829e-01,1.006874e+00,2.093969e+00,7.863332e-02,-9.152152e-01,-9.890199e-01,4.888642e-01,6.140864e-01,9.575186e-01,1.100273e+00,1.279114e+00,1.625992e+00,2.009385e+00,2.413889e+00,3.183236e+02,8.863710e-01,-2.802454e-02,1.678819e-01,1.094180e+00,1.203261e+00,-6.077658e-01,1.420733e+00,1.446833e+00,1.780453e-01,2.186925e+00,-6.928184e-01,-3.712977e-01,6.511959e-01,6.747862e-01,4.949026e-01,7.511830e-01,6.210620e-01,8.017354e-02,-2.507844e-02,7.826672e-02,5.457472e-02,-3.357276e-02,-5.915018e-02,-1.624326e-01,1.742969e-02,-3.492534e-05,-1.013452e-03,-2.695152e-02,-3.049374e-03,-3.487132e-02,-1.791977e-02,-4.500419e-02,-5.790188e-02,1.241528e+00,-3.404045e-03,3.228626e+02,3.563777e-03,2.968161e-03,4.389646e-02,-8.559875e-01,1.119605e-03,1.148388e-03,9.014482e-03
41,0.410000,3.502887e-01,-1.461141e+01,-7.378952e+00,-2.959680e+01,-2.542126e+01,-8.012045e-01,-5.298987e+00,-1.892067e+01,2.958002e+00,-2.203485e+00,-5.281254e+00,-2.613836e+01,4.230594e+00,1.600767e+00,-1.161731e+01,-8.305188e+00,-2.688525e+00,-7.206450e-01,1.002543e+00,9.861319e-01,1.974790e+00,-1.205825e-01,-1.238568e+00,-9.430638e-01,4.732697e-01,5.915838e-01,8.965406e-01,1.080756e+00,1.170430e+00,1.539574e+00,1.825993e+00,2.354783e+00,3.192043e+02,8.840130e-01,-1.866018e-02,-3.204192e-01,1.374553e+00,1.963205e+00,-3.527943e-01,-5.292729e-01,1.295379e+00,1.015507e-01,1.940005e+00,-3.124664e-01,4.744538e-01,-1.059456e+00,7.766742e-01,-5.560649e-01,1.044806e+00,1.785343e+00,1.188131e-01,1.205788e-02,1.572586e-02,-7.592011e-02,-1.829057e-01,-2.195355e-01,-1.384790e-01,-2.033423e-02,-1.245331e-02,-1.091534e-02,-3.646639e-02,-5.536473e-03,-3.345194e-02,-1.743780e-02,-6.634587e-02,-5.512159e-02,6.480957e-01,-7.596672e-03,3.218463e+02,4.112421e-03,4.455600e-03,7.051229e-02,-1.132187e+00,1.552910e-03,1.439842e-03,1.108065e-02
42,0.420000,3.427175e-01,-1.512253e+01,-5.916111e+00,-2.740778e+01,-2.522143e+01,-3.207004e+00,-4.579606e+00,-1.854771e+01,4.909985e+00,-3.638273e+00,-4.424482e+00,-2.909538e+01,5.444502e+00,8.856580e-01,-1.051266e+01,-5.645506e+00,-2.532858e+00,-7.069601e-01,1.013985e+00,8.359529e-01,1.705133e+00,-3.927373e-01,-1.293284e+00,-9.586360e-01,4.564900e-01,5.813514e-01,8.977262e-01,1.086797e+00,1.206719e+00,1.591720e+00,1.855357e+00,2.366023e+00,3.195412e+02,8.784586e-01,-9.936998e-03,-8.765234e-01,1.115886e+00,1.972960e+00,1.331265e-01,-2.667167e+00,6.250551e-01,-9.199142e-04,1.767693e-02,4.618832e-01,5.192970e-01,-2.576271e+00,4.787541e-01,-9.687586e-01,7.542446e-01,2.270692e+00,9.461322e-02,3.644806e-03,-7.711987e-02,-2.108696e-01,-2.867209e-01,-3.340063e-01,-2.679169e-02,-9.061013e-02,-1.631075e-02,-1.388149e-02,-2.485164e-02,-4.647124e-03,-1.207891e-02,1.236653e-03,-3.249561e-02,6.089830e-03,2.056885e-01,-2.441426e-02,3.205521e+02,7.822569e-03,6.187453e-03,7.248461e-02,-2.239290e+01,8.482866e-04,8.152032e-04,4.263200e-04
43,0.430000,3.285180e-01,-1.642857e+01,-5.428608e+00,-2.601478e+01,-2.571291e+01,-8.473129e+00,-4.447094e+00,-1.840008e+01,3.196617e+00,-3.772511e+00,-6.011322e+00,-3.382487e+01,7.492363e+00,-1.588864e+00,-9.414338e+00,-2.037057e+00,-2.420069e+00,-7.451966e-01,9.503515e-01,5.668268e-01,1.318022e+00,-8.069196e-01,-1.190464e+00,-1.077962e+00,4.399989e-01,5.701842e-01,8.563838e-01,1.083635e+00,1.204530e+00,1.594011e+00,1.846710e+00,2.421269e+00,3.194422e+02,8.550601e-01,-1.233133e-02,-1.727684e+00,5.685066e-01,2.245761e+00,5.780705e-01,-2.775116e+00,-1.690266e-01,-2.164150e-01,-2.367293e+00,1.926758e+00,1.377309e+00,-2.627825e+00,-3.379785e-01,-1.112728e+00,1.112661e-01,1.118778e+00,-5.025842e-02,-8.157762e-02,-2.958967e-01,-3.919318e-01,-3.887677e-01,-4.739803e-01,-3.613658e-02,-2.058254e-01,-1.889425e-02,-1.627598e-02,-1.785237e-02,-6.804168e-03,-8.318638e-03,-5.467510e-03,-3.095727e-02,8.202600e-03,-5.764465e-02,-8.893336e-02,3.191453e+02,7.903601e-03,7.383680e-03,7.386618e-02,-5.402601e+01,-5.987766e-04,-3.518978e-04,-1.073648e-02
44,0.440000,1.998563e-01,-1.824079e+01,-4.878325e+00,-2.460551e+01,-2.388574e+01,-1.188974e+01,-4.783678e+00,-1.848981e+01,-1.294184e+00,-5.687714e-02,-3.917147e+00,-3.596938e+01,4.763227e+00,-1.264377e+00,-1.037466e+01,-1.533094e+00,-2.514147e+00,-7.953073e-01,6.043792e-01,1.621784e-01,9.887487e-01,-1.248230e+00,-1.073226e+00,-1.374621e+00,4.239458e-01,5.553788e-01,8.533388e-01,1.075598e+00,1.201670e+00,1.604957e+00,1.836549e+00,2.411095e+00,3.192330e+02,7.787761e-01,1.279458e-02,-3.033910e+00,2.069473e-02,4.048045e+00,1.193688e+00,-1.547563e+00,-8.997170e-01,-1.997715e-01,-3.038774e+00,3.282204e+00,2.268208e+00,-6.157104e-01,-1.705497e+00,-1.410045e+00,8.221629e-01,-8.502660e-01,-2.708810e-01,-2.870467e-01,-6.518275e-01,-7.312772e-01,-6.686199e-01,-6.738670e-01,-2.464730e-01,-3.307638e-01,-2.324803e-02,-2.379559e-02,-1.092925e-02,-1.054846e-02,-1.415670e-02,-2.276771e-02,-5.230063e-02,3.044887e-02,-1.314301e-01,-1.264214e-01,2.122486e+02,5.909620e-03,5.580137e-03,4.435112e-02,-8.543816e+01,-2.147373e-03,-1.675882e-03,-1.879388e-02
45,0.450000,3.600626e-01,-2.169070e+01,-5.055312e+00,-1.976912e+01,-2.319875e+01,-1.033542e+01,-6.042084e+00,-2.003170e+01,-5.776381e+00,5.639609e+00,1.351622e+00,-3.584048e+01,2.881339e+00,-2.887855e+00,-1.112998e+01,-4.767503e+00,-2.949173e+00,-1.084360e+00,-2.721378e-01,-6.366398e-01,3.891440e-01,-2.062738e+00,-1.529281e+00,-1.764198e+00,3.950705e-01,5.231902e-01,8.294725e-01,1.052335e+00,1.131362e+00,1.505617e+00,1.680611e+00,2.373260e+00,3.190701e+02,4.891874e-01,3.971059e-02,-4.440586e+00,-5.894040e-01,5.930964e+00,1.512299e+00,-1.722658e-01,-1.629669e+00,7.771953e-01,-1.552941e+00,2.373623e+00,2.542217e+00,2.256146e+00,-8.939907e-01,-1.071797e+00,3.395468e+00,-1.919171e+00,-5.438656e-01,-5.995837e-01,-9.787229e-01,-1.065274e+00,-1.054464e+00,-8.467167e-01,-5.450943e-01,-4.228639e-01,-2.528169e-02,-2.439861e-02,-4.084253e-03,-6.473732e-03,2.611065e-03,-1.996795e-02,-5.004337e-02,3.921356e-02,-9.071045e-02,-1.240278e-01,1.058680e+02,2.075013e-03,2.999769e-03,3.089662e-02,-8.505392e+01,-2.171682e-03,-2.034750e-03,-1.920835e-02
46,0.460000,3.909181e-01,-2.766101e+01,-5.999285e+00,-1.029038e+01,-2.051007e+01,-1.001367e+01,-8.280696e+00,-1.873076e+01,-5.797388e+00,8.066689e+00,3.235084e+00,-3.116612e+01,-7.774710e-01,-5.515072e+00,-5.544027e+00,-8.531613e+00,-3.622710e+00,-1.972612e+00,-1.633908e+00,-2.218699e+00,-1.173527e+00,-3.134164e+00,-2.356241e+00,-2.269337e+00,3.627141e-01,4.858705e-01,8.565356e-01,1.049705e+00,1.172520e+00,1.522078e+00,1.676903e+00,2.542272e+00,3.190701e+02,4.292879e-01,1.046610e-03,-5.186630e+00,-1.315773e+00,6.427297e+00,1.094940e+00,-3.658614e-01,-1.523595e+00,2.856211e+00,1.780618e+00,-4.494938e-01,1.332879e+00,5.401920e+00,1.666500e+00,-4.585571e-01,5.976024e+00,-1.463692e+00,-7.807063e-01,-8.559474e-01,-1.061293e+00,-1.185241e+00,-1.364353e+00,-8.602079e-01,-7.123683e-01,-4.068313e-01,-2.332415e-02,-1.382741e-02,-1.259540e-02,6.291545e-03,3.485000e-02,1.063824e-04,-9.979057e-03,5.307093e-02,-3.258057e-02,-4.183304e-02,0,0,0,0,-5.303652e+01,-1.389425e-03,-1.416004e-03,-1.195989e-02
47,0.470000,4.315400e-01,-3.392139e+01,-7.815148e+00,-3.517523e+00,-1.983925e+01,-1.027249e+01,-1.084693e+01,-1.439363e+01,-2.316484e+00,4.033822e+00,3.123647e+00,-2.494577e+01,5.792759e+00,-4.822502e+00,5.147686e+00,-8.133650e+00,-4.585114e+00,-3.154463e+00,-2.824120e+00,-3.569106e+00,-2.873160e+00,-4.097536e+00,-3.274428e+00,-2.744924e+00,3.442063e-01,4.829454e-01,8.343641e-01,1.064213e+00,1.232160e+00,1.535611e+00,1.676316e+00,2.551749e+00,3.190701e+02,4.096650e-01,-6.343208e-02,-4.388464e+00,-1.556082e+00,4.683085e+00,4.427195e-01,-1.448408e+00,-3.372711e-01,4.941957e+00,4.840000e+00,-2.783754e+00,2.167858e-02,7.230847e+00,4.682026e+00,6.744655e-01,6.401251e+00,-1.751313e-02,-8.319217e-01,-8.372706e-01,-7.864939e-01,-9.042061e-01,-1.278174e+00,-6.316744e-01,-5.826610e-01,-2.806072e-01,-1.925381e-02,4.001170e-03,-2.096672e-02,2.082800e-02,6.673918e-02,2.901180e-02,6.069537e-02,5.589075e-02,0,4.147269e-02,0,0,0,0,-2.117360e+01,-4.150025e-04,-5.999539e-04,-6.179325e-03
48,0.480000,1.693507e-01,-3.805860e+01,-1.007727e+01,-5.948271e-01,-2.009079e+01,-1.375051e+01,-9.999229e+00,-7.027784e+00,5.878959e+00,-1.501453e+00,1.861234e+00,-1.440714e+01,1.164002e+01,-2.589839e+00,1.136663e+01,-7.168478e+00,-5.599708e+00,-4.039993e+00,-3.426097e+00,-4.297796e+00,-4.201866e+00,-4.531870e+00,-3.762493e+00,-2.918415e+00,3.327572e-01,5.063642e-01,7.879160e-01,1.101117e+00,1.325521e+00,1.590492e+00,1.788801e+00,2.587205e+00,3.190701e+02,6.093721e-01,-8.558567e-02,-2.506930e+00,-1.281255e+00,2.038293e+00,-2.546150e-01,-1.879507e+00,1.391942e+00,5.552030e+00,6.237427e+00,-3.186673e+00,1.525647e-01,7.358700e+00,5.895452e+00,1.027847e+00,4.386307e+00,1.095387e+00,-6.816518e-01,-5.646167e-01,-3.407408e-01,-4.047833e-01,-8.430179e-01,-2.910754e-01,-2.998990e-01,-9.449868e-02,-1.876249e-02,1.472790e-02,-3.734861e-02,1.995246e-02,6.230404e-02,2.107704e-02,7.790866e-02,3.189416e-02,0,1.551784e-02,0,0,0,0,0,0,0,0
49,0.490000,1.536859e-01,-3.843423e+01,-1.079673e+01,-1.201478e+00,-2.119479e+01,-1.570904e+01,-6.869173e+00,-1.173406e+00,1.258545e+01,-3.495092e+00,2.146940e+00,-8.065740e+00,2.008273e+01,-9.781439e-01,1.242095e+01,-5.536636e+00,-6.120283e+00,-4.237022e+00,-3.308513e+00,-4.118122e+00,-4.487556e+00,-4.522256e+00,-3.739459e+00,-2.842695e+00,3.137799e-01,5.329492e-01,7.589487e-01,1.130769e+00,1.388557e+00,1.616470e+00,1.928139e+00,2.630247e+00,3.190701e+02,6.065087e-01,-5.541568e-02,-7.513103e-01,-5.810936e-01,6.801424e-01,6.121670e-01,-1.438142e+00,1.990058e+00,4.241561e+00,5.124905e+00,-1.320130e+00,7.140783e-01,5.482151e+00,3.339810e+00,-2.944021e-01,1.859572e+00,8.958658e-01,-3.516847e-01,-2.353347e-01,-6.112564e-02,-1.121169e-01,-3.870999e-01,-5.445385e-03,-8.336043e-03,2.345588e-02,-2.253209e-02,8.464175e-03,-3.249620e-02,1.061064e-02,4.085169e-02,7.251918e-03,4.226724e-02,-4.047441e-03,0,-1.952204e-02,0,0,0,0,0,0,0,0
50,0.500000,1.019168e-01,-3.793924e+01,-1.091477e+01,-1.256936e+00,-2.110538e+01,-1.669293e+01,-3.309865e+00,2.419271e+00,1.793878e+01,-4.102220e+00,4.486261e+00,-2.812638e+00,2.155480e+01,-2.298016e+00,1.275088e+01,-4.353187e+00,-6.263385e+00,-4.254416e+00,-3.095415e+00,-3.968108e+00,-4.581419e+00,-4.377181e+00,-3.623220e+00,-2.692945e+00,2.841148e-01,5.345080e-01,7.075003e-01,1.116189e+00,1.405841e+00,1.587034e+00,1.940535e+00,2.662493e+00,3.190701e+02,4.084552e-01,1.355755e-02,-2.398338e-02,-7.686710e-03,4.203901e-01,1.746924e+00,-3.267841e-02,1.557799e+00,1.729567e+00,2.119103e+00,8.494832e-01,2.084997e+00,3.307220e+00,2.062456e-01,-2.146564e+00,-2.523955e-01,-2.832205e-01,-7.677479e-02,-1.738644e-02,-4.543765e-02,-6.184177e-02,-1.187491e-01,8.018865e-02,1.055091e-01,2.028885e-02,-2.387948e-02,-6.072384e-03,-1.709573e-02,-4.120624e-03,6.088018e-03,-1.034410e-02,-3.281641e-02,-3.988443e-02,0,-5.885844e-02,0,0,0,0,0,0,0,0
51,0.510000,1.881786e-01,-3.773762e+01,-1.030187e+01,2.142434e-01,-1.627112e+01,-1.599199e+01,-4.241322e+00,2.090647e+00,1.727813e+01,-1.266446e+00,5.381526e+00,-3.332263e+00,1.753441e+01,-6.440424e+00,1.375342e+01,-5.061966e+00,-6.011699e+00,-4.223925e+00,-3.295089e+00,-4.294534e+00,-4.618883e+00,-4.202108e+00,-3.385745e+00,-2.740380e+00,2.558670e-01,5.111943e-01,7.120910e-01,1.109730e+00,1.396258e+00,1.573599e+00,1.811785e+00,2.493867e+00,3.190701e+02,4.125132e-01,2.598768e-02,-2.978123e-01,2.028894e-02,7.393230e-01,1.814708e+00,3.161622e-01,4.918766e-02,4.258609e-02,-1.028934e+00,1.863191e+00,2.112927e+00,2.567490e+00,-2.734325e+00,-4.214517e+00,-1.862920e+00,-1.454414e+00,-1.443710e-02,6.395797e-02,-1.697234e-01,-1.631503e-01,-1.117763e-01,2.564483e-02,5.808978e-02,-7.239518e-02,-1.251484e-02,-1.683435e-02,7.022262e-04,-7.189977e-03,-1.090531e-02,-1.415403e-02,-4.862458e-02,-5.334659e-02,0,2.895084e-03,0,0,0,0,0,0,0,0
52,0.520000,2.198921e-01,-3.852682e+01,-1.036314e+01,7.992628e-01,-1.381801e+01,-1.377243e+01,-3.524158e+00,-1.197439e-02,1.412814e+01,1.631640e+00,1.066893e+01,-2.377755e-01,1.394540e+01,-1.059152e+01,9.438416e+00,-8.821916e+00,-6.037874e+00,-4.133474e+00,-3.659997e+00,-4.518799e+00,-4.729949e+00,-4.291001e+00,-3.411805e+00,-2.868129e+00,2.423162e-01,4.868797e-01,7.258663e-01,1.091033e+00,1.352110e+00,1.560206e+00,1.682896e+00,2.455973e+00,3.190701e+02,4.120777e-01,1.579593e-02,-3.993630e-01,-3.414833e-01,2.692638e-01,4.939994e-01,-1.117338e-01,-7.060168e-01,-6.450670e-01,-2.939139e+00,9.583373e-01,8.929432e-01,1.906316e+00,-2.832287e+00,-4.591436e+00,-2.500608e+00,-8.833193e-01,-5.670004e-02,6.463249e-02,-1.728336e-01,-1.071298e-01,-9.549852e-02,-2.218380e-02,1.102002e-02,-9.245386e-02,6.077498e-03,-1.239877e-02,9.294790e-03,-2.202868e-04,-1.064764e-02,-1.341535e-02,-7.701135e-03,-1.058531e-02,-4.673218e-01,7.288983e-02,0,0,0,0,1.940206e+01,0,0,0
53,0.530000,2.246367e-01,-3.962950e+01,-1.097110e+01,1.467038e+00,-1.576494e+01,-1.558848e+01,-6.516088e+00,2.551471e-01,9.346099e+00,2.953932e+00,9.620243e+00,3.484277e+00,1.021580e+01,-1.790397e+01,4.762578e+00,-1.057434e+01,-6.305224e+00,-3.977703e+00,-3.874839e+00,-4.658528e+00,-4.972173e+00,-4.437122e+00,-3.554718e+00,-3.117079e+00,2.721050e-01,4.725916e-01,7.532769e-01,1.107397e+00,1.360896e+00,1.559113e+00,1.813836e+00,2.466774e+00,3.190701e+02,6.191729e-01,-9.602984e-03,4.375263e-01,-4.920259e-01,-5.837216e-01,-1.025204e+00,-1.051416e+00,-1.300661e+00,-1.763668e+00,-4.141787e+00,-1.327588e+00,-7.342938e-01,2.898712e-01,-1.877654e+00,-2.643635e+00,-1.736305e+00,1.602196e+00,5.814257e-02,1.391544e-01,5.699873e-03,1.228787e-01,6.910171e-02,6.423416e-02,5.960371e-02,3.179746e-02,2.768166e-02,5.971536e-03,1.551992e-02,9.878183e-03,2.815175e-03,-1.277323e-02,5.733623e-02,4.941154e-02,-1.597827e+00,9.171662e-02,0,0,0,0,4.818903e+01,7.759922e-05,0,3.249402e-02
54,0.540000,1.626674e-01,-3.899011e+01,-1.228757e+01,-5.370145e-01,-1.888847e+01,-1.745335e+01,-5.702566e+00,1.116859e-01,7.209099e+00,-1.420722e+00,6.831618e+00,3.310673e+00,1.105268e+01,-1.952342e+01,4.743258e+00,-6.013594e+00,-6.400123e+00,-4.054364e+00,-3.669708e+00,-4.321761e+00,-4.882267e+00,-4.370593e+00,-3.483634e+00,-2.966864e+00,3.063833e-01,4.918155e-01,7.333813e-01,1.116254e+00,1.370284e+00,1.527200e+00,1.901004e+00,2.623113e+00,3.167335e+02,6.695745e-01,-1.549758e-02,2.183862e+00,1.063480e-02,-1.442668e+00,-6.886888e-01,-1.689447e+00,-7.569399e-01,-4.313023e+00,-6.166527e+00,-1.952779e+00,-7.056619e-01,-2.820843e+00,-1.695187e+00,1.925845e-01,-1.243000e+00,3.063095e+00,4.389805e-01,3.795314e-01,2.878670e-01,4.453565e-01,4.406079e-01,2.775527e-01,3.306307e-01,2.615936e-01,2.941610e-02,1.334893e-02,2.404311e-02,3.983068e-03,1.056272e-02,-1.620042e-03,5.379818e-02,5.429215e-02,-3.326621e+00,9.479973e-02,9.701028e+01,0,0,0,7.657235e+01,1.483614e-03,2.639334e-03,6.579901e-02
55,0.550000,1.687760e-01,-3.531834e+01,-1.179978e+01,-2.036226e+00,-1.886191e+01,-1.940861e+01,-9.655425e+00,-6.789524e+00,2.871037e-02,-6.378204e+00,3.628711e+00,-3.657131e+00,9.592505e+00,-1.519265e+01,7.419479e+00,1.544854e+00,-5.539862e+00,-3.567708e+00,-3.261734e+00,-3.778660e+00,-4.197216e+00,-3.841141e+00,-3.051812e+00,-2.532024e+00,3.622418e-01,5.385841e-01,7.859331e-01,1.146510e+00,1.401247e+00,1.526236e+00,1.989412e+00,2.657355e+00,3.122493e+02,7.423479e-01,2.869672e-03,3.883276e+00,1.266338e+00,-2.236035e+00,-1.685972e-02,-1.790088e+00,7.972544e-01,-7.192990e+00,-8.413120e+00,-1.424187e-01,1.734993e+00,-4.215818e+00,-2.690246e+00,2.800470e+00,-2.529716e+00,1.833188e+00,8.487955e-01,7.907037e-01,5.785465e-01,7.846808e-01,8.412503e-01,4.395520e-01,5.766525e-01,4.407880e-01,1.792971e-02,5.684641e-03,2.847608e-02,-2.177114e-02,-1.433510e-02,9.344804e-03,-1.260900e-02,1.893470e-02,-4.866366e+00,6.343381e-02,1.924400e+02,3.879961e-04,0,1.624701e-01,7.559978e+01,4.095939e-03,5.850275e-03,8.074305e-02
56,0.560000,1.703346e-01,-2.976309e+01,-9.895625e+00,-4.662446e+00,-1.571296e+01,-2.030960e+01,-5.739189e+00,-1.805475e+01,-1.204580e+01,-3.466188e+00,1.013638e+01,-1.077129e+01,5.781116e+00,-1.098426e+01,1.894964e+00,4.339598e-01,-4.225652e+00,-2.440815e+00,-2.527215e+00,-2.731951e+00,-2.914388e+00,-3.201228e+00,-2.010104e+00,-1.852688e+00,3.443284e-01,5.206282e-01,8.297537e-01,1.091392e+00,1.384748e+00,1.568545e+00,1.864099e+00,2.632143e+00,3.058474e+02,8.244888e-01,4.614639e-02,4.395223e+00,2.501221e+00,-2.984715e+00,-4.757437e-01,-2.181041e+00,2.004546e+00,-7.260198e+00,-9.767752e+00,2.435019e+00,4.314544e+00,-2.448825e+00,-4.123658e+00,2.390504e+00,-5.007904e+00,-1.298375e+00,9.365584e-01,1.123986e+00,7.782911e-01,1.003565e+00,1.013958e+00,4.593545e-01,6.328756e-01,3.899422e-01,1.118228e-03,-1.385448e-02,2.229444e-02,-4.892039e-02,-2.974558e-02,2.155087e-02,-2.476809e-02,-2.035904e-02,-5.499716e+00,5.183147e-02,2.866418e+02,7.224073e-03,1.319667e-02,2.477600e-01,4.577859e+01,5.120738e-03,8.542674e-03,3.666139e-02
57,0.570000,2.351515e-01,-2.482663e+01,-5.835388e+00,-7.650421e+00,-1.743699e+01,-2.311080e+01,-2.511505e+00,-2.662658e+01,-2.309205e+01,3.264571e+00,1.664282e+01,-1.055383e+01,-5.996478e-01,-8.171203e+00,-6.461853e+00,-4.632182e+00,-3.148482e+00,-8.309593e-01,-1.553353e+00,-1.530029e+00,-1.749861e+00,-2.824044e+00,-1.408220e+00,-1.470227e+00,3.427811e-01,4.866085e-01,8.474711e-01,1.010973e+00,1.281989e+00,1.585165e+00,1.769243e+00,2.556933e+00,3.001813e+02,8.588848e-01,7.781075e-02,3.726013e+00,2.989961e+00,-3.337791e+00,-2.327956e+00,-2.117609e+00,2.946298e+00,-3.713457e+00,-8.406700e+00,2.492473e+00,4.649095e+00,9.191086e-01,-4.592738e+00,1.504889e-01,-5.516646e+00,-3.352411e+00,6.950082e-01,1.095174e+00,8.133690e-01,1.063839e+00,9.037794e-01,3.323576e-01,4.341292e-01,2.014620e-01,-7.789570e-03,-2.567941e-02,-8.850098e-05,-6.423073e-02,-4.100057e-02,1.302667e-02,-1.665824e-02,-1.943004e-02,-5.295401e+00,3.098125e-02,2.831831e+02,1.686766e-02,2.265304e-02,2.798353e-01,1.658888e+01,3.955003e-03,6.195704e-03,-3.196120e-02
58,0.580000,3.602116e-01,-2.225985e+01,-2.763662e+00,-1.265349e+01,-2.197965e+01,-2.650746e+01,7.482026e-01,-2.627078e+01,-3.006928e+01,5.932987e+00,2.189728e+01,-5.485100e+00,-4.469536e+00,-1.108162e+01,-1.335559e+01,-9.416954e+00,-2.913021e+00,1.971900e-01,-6.324430e-01,-4.282511e-01,-1.036156e+00,-2.582369e+00,-1.141052e+00,-1.548052e+00,3.217048e-01,4.485309e-01,8.140845e-01,9.394212e-01,1.281186e+00,1.605490e+00,1.887248e+00,2.571529e+00,2.952689e+02,8.704634e-01,7.389750e-02,2.527965e+00,2.664915e+00,-2.840045e+00,-4.252328e+00,-1.562457e+00,2.422678e+00,1.022766e+00,-6.105663e+00,-2.267450e-01,2.675829e+00,2.895327e+00,-3.643836e+00,-1.916345e+00,-2.901965e+00,-2.132539e+00,3.720349e-01,7.568793e-01,6.776856e-01,9.621574e-01,6.381512e-01,1.883635e-01,1.412372e-01,-1.748025e-02,-1.866382e-03,-1.607308e-02,-1.230534e-02,-5.614028e-02,-2.140469e-02,-1.430750e-03,4.320341e-02,9.950876e-03,-4.594003e+00,1.203188e-02,2.805317e+02,1.736386e-02,3.138685e-02,1.246244e-01,-2.489801e+00,-2.797127e-04,1.436051e-04,-6.202151e-02
59,0.590000,4.628913e-01,-2.043990e+01,-4.159579e-01,-1.472966e+01,-2.736835e+01,-2.689772e+01,1.832369e+00,-2.124879e+01,-3.299305e+01,1.384574e+00,2.099374e+01,-1.704683e+00,-8.245857e+00,-1.439152e+01,-1.253847e+01,-1.029174e+01,-2.721136e+00,5.891622e-01,-1.422746e-01,3.886869e-01,-6.174342e-01,-2.488783e+00,-1.315692e+00,-1.677032e+00,3.346057e-01,4.462356e-01,7.933252e-01,9.013419e-01,1.248026e+00,1.572897e+00,1.894547e+00,2.590512e+00,2.910616e+02,8.742669e-01,5.199748e-02,1.548330e+00,1.897493e+00,-1.690233e+00,-4.593942e+00,-5.689352e-01,2.788462e+00,3.887025e+00,-3.389396e+00,-3.322546e+00,2.420656e-01,2.896803e+00,-2.361748e+00,-2.754979e+00,7.315296e-01,1.662641e-02,1.786273e-01,3.183897e-01,4.799994e-01,7.890477e-01,4.155708e-01,6.099272e-02,-3.002552e-02,-7.112847e-02,4.223177e-03,1.863956e-04,-1.525847e-02,-4.585437e-02,-2.396393e-03,-2.695417e-03,6.111622e-02,3.113580e-02,-3.946765e+00,4.280317e-03,2.784394e+02,1.509312e-02,2.188343e-02,6.423194e-02,-2.005084e+00,-3.097068e-03,-5.051700e-03,-5.262705e-02
60,0.600000,4.259522e-01,-1.931663e+01,7.192328e-01,-1.532305e+01,-3.200893e+01,-2.622843e+01,4.202266e+00,-1.562981e+01,-3.762362e+01,-3.659915e+00,2.134007e+01,-7.192309e-01,-8.614957e+00,-1.745583e+01,-9.576552e+00,-7.398955e+00,-2.579150e+00,6.335210e-01,1.556738e-01,1.119478e+00,-2.898454e-01,-2.427041e+00,-1.350182e+00,-1.836687e+00,3.390841e-01,4.604492e-01,7.952999e-01,8.655059e-01,1.294706e+00,1.567525e+00,2.017464e+00,2.665108e+00,2.874373e+02,8.769572e-01,3.843937e-02,8.957836e-01,1.491513e+00,-4.404570e-01,-3.770050e+00,-1.106096e-01,2.649373e+00,4.700893e+00,-9.988499e-01,-4.469496e+00,-1.538968e+00,2.162957e+00,-1.033053e+00,-1.570332e+00,3.113216e+00,1.406597e+00,1.218212e-01,6.549601e-02,3.379139e-01,5.552716e-01,2.261143e-01,-2.360799e-02,-1.159696e-01,-6.541705e-02,1.122145e-02,2.038785e-02,-8.673191e-03,-2.586647e-02,1.498150e-02,2.011467e-02,7.340219e-02,3.157856e-02,-3.373047e+00,1.418155e-03,2.765646e+02,6.712782e-03,1.429950e-02,4.545413e-02,-1.651910e+00,-3.861054e-03,-7.400803e-03,-1.650818e-02
61,0.610000,4.622686e-01,-1.855659e+01,1.910629e+00,-1.476681e+01,-3.539206e+01,-2.609499e+01,9.703772e+00,-1.251194e+01,-3.626186e+01,-8.551705e+00,1.813175e+01,1.547247e+00,-1.033568e+01,-1.875900e+01,-4.693726e+00,-5.558050e+00,-2.422280e+00,5.428239e-01,4.525848e-01,1.641345e+00,-4.516204e-02,-2.596745e+00,-1.453782e+00,-1.681552e+00,3.552073e-01,4.815814e-01,7.805710e-01,8.186585e-01,1.263246e+00,1.590671e+00,2.009716e+00,2.665822e+00,2.843633e+02,8.770395e-01,4.842285e-02,2.990114e-01,1.270004e+00,4.496835e-01,-2.395532e+00,-8.072246e-01,2.026663e+00,4.328126e+00,1.693759e+00,-3.979269e+00,-2.026949e+00,1.939846e+00,6.007252e-01,7.658768e-02,3.404368e+00,1.232816e+00,5.973046e-02,-4.421449e-03,2.818026e-01,2.641434e-01,-2.039922e-02,-8.605094e-02,-1.470960e-01,-4.925853e-02,9.866548e-03,2.349406e-02,-9.600592e-03,-1.373202e-02,3.056519e-02,4.254823e-02,8.159313e-02,2.350199e-02,-2.915405e+00,-5.002618e-05,2.751413e+02,6.707863e-03,5.938216e-03,5.628516e-02,-1.542487e+00,-3.013873e-03,-5.169359e-03,-2.578133e-03
62,0.620000,5.527198e-01,-1.872259e+01,3.530609e+00,-1.483720e+01,-3.681804e+01,-2.746187e+01,1.005936e+01,-7.134738e+00,-3.342913e+01,-1.144635e+01,1.563343e+01,3.703722e+00,-8.589890e+00,-1.674954e+01,-1.711887e+00,-4.750815e+00,-2.453343e+00,5.478392e-01,7.596968e-01,1.721778e+00,-1.917207e-01,-2.646428e+00,-1.651854e+00,-1.872877e+00,3.675113e-01,5.327973e-01,7.770956e-01,8.514306e-01,1.348483e+00,1.697177e+00,2.196674e+00,2.691767e+00,2.817528e+02,8.761678e-01,2.899075e-02,-1.883768e-01,1.018029e+00,1.075501e+00,-1.207544e+00,-2.168279e+00,4.499064e-02,3.884074e+00,3.823832e+00,-3.084484e+00,-2.658916e+00,8.396899e-01,1.932195e+00,1.684998e+00,2.506555e+00,5.906463e-02,5.248809e-03,1.199363e-02,2.507559e-01,-5.349058e-02,-3.151398e-01,-9.842489e-02,-1.684701e-01,-6.366609e-02,7.777974e-03,1.398387e-02,-1.713886e-02,-4.448664e-03,3.497631e-02,3.698925e-02,5.415230e-02,8.199096e-03,-2.614450e+00,-8.964419e-04,2.739212e+02,2.251220e-03,2.355441e-03,4.605683e-02,-1.711572e+00,-1.428018e-03,-2.853175e-03,3.995523e-04
63,0.630000,6.416217e-01,-1.924186e+01,4.528372e+00,-1.272417e+01,-3.694145e+01,-3.031712e+01,9.037133e+00,-3.855699e+00,-2.662151e+01,-1.461855e+01,1.371231e+01,5.783072e+00,-5.254765e+00,-1.436173e+01,5.510361e-01,-5.451733e+00,-2.485388e+00,6.098958e-01,9.647269e-01,1.408254e+00,-7.684927e-01,-2.809344e+00,-1.900337e+00,-1.905230e+00,3.697249e-01,5.275319e-01,7.544244e-01,8.397195e-01,1.373963e+00,1.720812e+00,2.212907e+00,2.694692e+00,2.793268e+02,8.744114e-01,-1.803739e-02,-4.171499e-01,4.592324e-01,1.661467e+00,-3.861381e-01,-2.759011e+00,-1.750304e+00,2.592798e+00,4.801165e+00,-2.054554e+00,-2.970070e+00,-1.079100e+00,2.959462e+00,2.373747e+00,1.114828e+00,-1.069597e+00,-1.353464e-02,2.091079e-02,1.826182e-01,-2.854001e-01,-5.365437e-01,-8.588185e-02,-1.287918e-01,-3.457282e-02,3.004751e-03,-3.588802e-03,-2.473653e-02,-5.693960e-03,2.473661e-02,4.049289e-03,2.386970e-02,2.735305e-03,-2.484543e+00,-1.231587e-03,2.720487e+02,2.254537e-03,2.008666e-03,5.103992e-02,-2.094815e+00,-3.697512e-04,-4.250568e-04,-1.081769e-03
64,0.640000,4.812294e-01,-1.991588e+01,4.500506e+00,-1.096687e+01,-3.727195e+01,-3.495876e+01,4.760539e+00,-5.375619e-01,-2.332464e+01,-1.604891e+01,1.025522e+01,1.361306e+00,-1.494440e+00,-1.122947e+01,3.338411e-01,-7.156790e+00,-2.521353e+00,6.599532e-01,1.153382e+00,9.685707e-01,-1.503879e+00,-2.812865e+00,-1.969256e+00,-2.043179e+00,3.707152e-01,5.073933e-01,7.226790e-01,8.327321e-01,1.414229e+00,1.687400e+00,2.186630e+00,2.691669e+00,2.768833e+02,8.737890e-01,-3.867843e-02,-3.503281e-01,-3.063386e-02,1.854693e+00,-2.880020e-02,-2.509055e+00,-2.070002e+00,8.005195e-01,4.221237e+00,-9.103169e-01,-3.632603e+00,-2.564046e+00,2.234187e+00,1.751127e+00,3.131243e-02,-1.988780e+00,2.510238e-02,2.049506e-04,1.050502e-01,-3.355952e-01,-5.630985e-01,-8.421765e-02,-5.234887e-02,4.260895e-02,8.501798e-04,-1.414821e-02,-2.797046e-02,-1.047056e-02,1.116265e-02,-1.821082e-02,-7.176256e-03,-1.214314e-03,-2.463388e+00,-1.074910e-03,2.695530e+02,1.799354e-03,1.998397e-03,5.007451e-02,-2.399939e+00,9.306497e-04,7.862955e-04,-1.263648e-03
65,0.650000,4.078268e-01,-2.004569e+01,3.721843e+00,-8.394641e+00,-3.709580e+01,-3.614161e+01,3.601664e+00,-2.846535e+00,-1.730828e+01,-1.652320e+01,5.970512e+00,-2.677047e+00,9.139049e-01,-9.650300e+00,-1.424488e-01,-9.703046e+00,-2.455949e+00,5.913208e-01,1.168833e+00,5.909480e-01,-2.071802e+00,-2.942935e+00,-1.939041e+00,-1.769266e+00,3.686291e-01,4.763393e-01,6.840966e-01,7.995380e-01,1.354056e+00,1.615805e+00,2.134087e+00,2.679548e+00,2.743753e+02,8.720710e-01,-3.161032e-02,-1.257492e-01,-1.855979e-01,1.507665e+00,3.152451e-01,-1.642615e+00,-1.606475e+00,-5.004579e-01,2.277883e+00,3.174695e-01,-3.510384e+00,-2.875631e+00,7.759986e-01,6.404975e-01,-9.631330e-01,-2.394481e+00,7.926881e-02,-1.169674e-02,2.175788e-02,-2.587502e-01,-4.314924e-01,-4.763811e-02,2.989113e-02,8.263876e-02,-8.346736e-04,-1.133013e-02,-2.118802e-02,-4.997748e-03,6.286776e-03,-1.515212e-02,1.634145e-03,2.889156e-04,-2.459882e+00,-7.689655e-04,2.668513e+02,5.085040e-03,3.991453e-03,4.886748e-02,-2.449362e+00,1.407995e-03,1.322334e-03,-4.389991e-03
66,0.660000,4.762250e-01,-2.007231e+01,3.780704e+00,-7.728504e+00,-3.688487e+01,-3.709491e+01,2.427091e+00,-3.636723e+00,-1.697956e+01,-1.504562e+01,1.341318e+00,-4.886450e+00,-5.032885e-01,-1.034962e+01,-1.208583e+00,-1.256906e+01,-2.342551e+00,5.581515e-01,1.182895e+00,4.524552e-01,-2.355559e+00,-3.000721e+00,-1.894247e+00,-1.727814e+00,3.723101e-01,4.876525e-01,6.724072e-01,8.191686e-01,1.414250e+00,1.658626e+00,2.200203e+00,2.693268e+00,2.719116e+02,8.719635e-01,9.948554e-03,5.597610e-02,-4.251087e-02,1.037270e+00,6.555389e-01,-1.206220e+00,-4.080253e-01,-1.114473e+00,3.191343e-01,1.351286e+00,-2.550970e+00,-1.467541e+00,-6.012303e-01,-6.524721e-01,-1.307828e+00,-1.925015e+00,1.082060e-01,-2.391934e-04,-3.692167e-02,-1.413115e-01,-2.624102e-01,-2.529087e-02,8.272753e-02,9.930161e-02,-3.606269e-03,-7.436541e-03,-1.139869e-02,-3.085875e-03,-7.119989e-03,-5.820847e-03,-1.279292e-02,-1.389680e-02,-2.434848e+00,-5.596280e-04,2.645202e+02,5.489217e-03,5.295525e-03,4.082482e-02,-2.359729e+00,8.189818e-04,1.531546e-03,-5.374218e-03
67,0.670000,4.860723e-01,-1.979239e+01,3.960283e+00,-6.805027e+00,-3.555877e+01,-3.746212e+01,2.171483e+00,-4.808408e+00,-1.840463e+01,-1.353285e+01,6.173452e-01,-5.471205e+00,-1.870348e+00,-1.159916e+01,-3.493417e+00,-1.471801e+01,-2.178445e+00,6.023130e-01,1.058760e+00,3.725608e-01,-2.500115e+00,-2.953607e+00,-1.788386e+00,-1.649718e+00,3.647541e-01,4.807517e-01,6.736202e-01,8.215125e-01,1.405387e+00,1.659438e+00,2.214291e+00,2.695338e+00,2.695132e+02,8.714793e-01,2.045354e-03,-2.685680e-02,1.070776e-01,4.276342e-01,8.378464e-01,-1.536922e+00,-4.343594e-01,-1.084672e+00,-1.429877e+00,1.154080e+00,-1.377028e+00,-9.838297e-01,-1.612292e+00,-2.032766e+00,-1.904621e+00,-1.260129e+00,1.075714e-01,1.684808e-02,-6.713282e-02,-7.731976e-02,-1.694990e-01,1.534612e-02,8.263230e-02,3.068956e-02,-5.717957e-03,-6.919655e-03,-2.782166e-03,-2.842301e-03,-1.725998e-02,-9.534204e-03,-3.461993e-02,-2.450669e-02,-2.400742e+00,-5.653560e-04,2.623183e+02,7.449580e-03,6.971773e-03,3.371481e-02,-2.298395e+00,-2.341704e-04,6.946911e-04,-3.592158e-03
68,0.680000,4.918494e-01,-1.976265e+01,4.168732e+00,-6.575325e+00,-3.476278e+01,-4.032960e+01,3.435503e+00,-5.128991e+00,-2.118079e+01,-1.078765e+01,1.769491e-01,-4.579320e+00,-3.108465e+00,-1.351740e+01,-4.529814e+00,-1.427438e+01,-2.119075e+00,6.532611e-01,1.023811e+00,3.712068e-01,-2.601773e+00,-2.933984e+00,-1.630946e+00,-1.606444e+00,3.546214e-01,4.680044e-01,6.709238e-01,8.063155e-01,1.352964e+00,1.636479e+00,2.082563e+00,2.614290e+00,2.671401e+02,8.712867e-01,-1.374944e-02,-2.170815e-01,1.440384e-01,4.093981e-01,7.145641e-01,-1.372912e+00,-6.282225e-01,-8.215555e-01,-1.273537e+00,4.834618e-01,1.419995e-01,-6.359624e-01,-1.739582e+00,-2.229820e+00,-2.054084e+00,-3.080451e-01,7.672961e-02,8.916020e-03,-8.640978e-02,-6.844236e-02,-1.558075e-01,1.441789e-02,4.277175e-02,-7.222938e-03,-7.341957e-03,-1.252249e-02,-3.471905e-03,-1.206372e-02,-5.726459e-02,-2.925458e-02,-9.407485e-02,-3.812809e-02,-2.403470e+00,-2.113473e-03,2.600209e+02,4.711994e-03,8.165966e-03,3.077975e-02,-2.411633e+00,-6.022950e-04,-1.889099e-04,3.042877e-03
69,0.690000,4.102414e-01,-2.033481e+01,4.063217e+00,-6.833059e+00,-3.396761e+01,-4.220887e+01,9.256613e-01,-7.523760e+00,-2.235705e+01,-1.288178e+01,-3.324421e-01,-7.749761e+00,-5.844965e+00,-1.823024e+01,-8.004941e+00,-1.515103e+01,-2.029830e+00,6.280064e-01,9.127112e-01,2.449734e-01,-2.796190e+00,-2.899573e+00,-1.657530e+00,-1.676503e+00,3.488836e-01,4.515651e-01,6.709275e-01,7.917530e-01,1.298399e+00,1.579208e+00,2.019807e+00,2.596503e+00,2.647574e+02,8.695826e-01,-2.426550e-02,-3.755562e-01,1.667947e-01,4.008160e-01,5.976944e-01,-1.029639e+00,-1.288587e+00,2.096823e-01,-6.778965e-01,-3.240598e-01,8.772303e-01,-2.674106e-01,-1.521529e+00,-1.683011e+00,-1.898396e+00,2.986838e-01,4.511239e-02,-7.078022e-03,-8.417259e-02,-6.678905e-02,-1.720013e-01,2.290132e-02,-6.900883e-03,-6.164480e-02,-4.722625e-03,-1.071832e-02,-3.328043e-03,-1.307379e-02,-4.171460e-02,-2.554734e-02,-8.140119e-02,-1.859541e-02,-2.474942e+00,-4.774398e-03,2.576090e+02,4.302800e-03,6.029688e-03,3.592922e-02,-2.689368e+00,-4.415873e-04,-1.211855e-03,5.326247e-03
70,0.700000,4.453933e-01,-2.088651e+01,4.449430e+00,-5.667497e+00,-3.410762e+01,-4.158609e+01,-9.111110e-02,-6.386825e+00,-2.137103e+01,-1.295384e+01,2.526209e+00,-6.926984e+00,-7.213891e+00,-1.818318e+01,-9.223240e+00,-1.389277e+01,-2.033210e+00,5.898849e-01,8.238704e-01,1.740371e-01,-2.986559e+00,-2.955648e+00,-1.745816e+00,-1.750537e+00,3.435355e-01,4.396333e-01,6.563940e-01,7.737297e-01,1.181421e+00,1.552469e+00,1.827071e+00,2.552044e+00,2.622722e+02,8.623445e-01,-3.228958e-02,-2.865631e-01,1.159635e-01,7.643698e-01,1.072118e+00,-3.456692e-01,-1.118363e+00,1.768410e+00,1.925644e-01,-4.109591e-01,1.760255e+00,8.364555e-01,-1.639701e-01,1.298328e-01,-1.352010e+00,3.355730e-01,3.112518e-02,-1.411516e-02,-1.095943e-01,-6.727061e-02,-1.778514e-01,7.590134e-02,5.520773e-03,-5.617461e-02,-3.117689e-03,-5.456251e-03,-1.528484e-03,-6.512463e-03,-8.655977e-03,-5.230689e-03,-2.655724e-02,1.060672e-02,-2.609872e+00,-1.043107e-02,2.548167e+02,4.051132e-03,4.822018e-03,5.493200e-02,-3.014683e+00,7.419567e-04,-1.430238e-03,5.672542e-03
71,0.710000,3.879728e-01,-2.110824e+01,4.653908e+00,-5.254860e+00,-3.289787e+01,-4.198207e+01,-2.508145e+00,-3.131079e+00,-2.169900e+01,-1.407006e+01,3.828866e+00,-5.634426e+00,-7.425282e+00,-1.768133e+01,-1.063868e+01,-1.341539e+01,-1.995815e+00,5.986110e-01,7.378672e-01,1.372004e-01,-3.167728e+00,-2.828268e+00,-1.765455e+00,-1.885896e+00,3.466839e-01,4.413456e-01,6.642448e-01,7.724364e-01,1.282586e+00,1.573707e+00,1.935032e+00,2.633483e+00,2.595725e+02,8.520784e-01,-4.306286e-02,-1.921946e-01,-5.983810e-02,1.178920e+00,1.886840e+00,2.820221e-01,-3.066794e-01,2.285375e+00,9.723789e-01,-2.258004e-01,1.501962e+00,2.522667e+00,2.145302e+00,1.712155e+00,-7.532119e-01,2.640977e-01,3.360566e-02,-1.842270e-02,-1.844938e-01,-8.960632e-02,-1.646151e-01,9.225722e-02,1.812595e-02,-1.674684e-02,-4.512161e-03,5.730391e-04,3.301829e-03,3.800929e-03,4.137132e-02,1.341318e-02,4.923911e-02,2.882109e-02,-2.816757e+00,-2.122230e-02,2.514735e+02,5.572075e-03,2.584474e-03,4.826992e-02,-3.437443e+00,1.469500e-03,-8.329779e-04,4.647519e-03
72,0.720000,3.415358e-01,-2.080875e+01,4.453204e+00,-3.542576e+00,-2.993706e+01,-4.217134e+01,-4.394101e-01,1.516719e+00,-2.054700e+01,-1.224831e+01,6.897572e+00,-1.454710e+00,-3.138157e+00,-1.314269e+01,-9.972995e+00,-1.346434e+01,-1.980456e+00,5.973830e-01,5.632609e-01,8.874021e-02,-3.305261e+00,-2.590130e+00,-1.549379e+00,-1.782621e+00,3.401328e-01,4.458329e-01,6.666227e-01,7.834114e-01,1.317591e+00,1.613076e+00,1.992165e+00,2.648833e+00,2.566832e+02,8.278834e-01,-6.806587e-02,-5.727093e-01,-3.730550e-01,1.786817e+00,2.598637e+00,1.642756e+00,-1.857025e-01,1.174420e+00,1.981348e+00,-1.472237e+00,6.291491e-01,2.377429e+00,4.002692e+00,2.468701e+00,-3.671219e-01,-4.739256e-02,2.931104e-02,-1.090979e-01,-3.496283e-01,-2.271738e-01,-1.976447e-01,1.853316e-02,-9.227882e-02,-1.574433e-02,-9.141171e-03,2.707189e-03,6.521082e-03,1.947602e-02,6.230183e-02,1.672560e-02,1.064093e-01,3.440325e-02,-5.091295e+00,-3.273206e-02,2.480152e+02,7.787140e-03,2.737381e-03,5.297211e-02,-1.191493e+01,3.541974e-02,3.332430e-02,4.599876e-02
73,0.730000,2.468559e-01,-2.133466e+01,3.762139e+00,-2.000922e+00,-2.661870e+01,-4.050613e+01,-4.335864e-01,-4.865726e-02,-1.790717e+01,-1.436355e+01,4.991686e+00,2.127438e+00,2.843677e+00,-1.218971e+01,-1.139612e+01,-1.404476e+01,-1.888178e+00,5.321438e-01,1.205472e-01,-1.604097e-01,-3.459914e+00,-2.621046e+00,-1.665118e+00,-1.744195e+00,3.280242e-01,4.513305e-01,6.823223e-01,8.059168e-01,1.437171e+00,1.615970e+00,2.183456e+00,2.692214e+00,2.534681e+02,7.807016e-01,-5.289587e-02,-1.577701e+00,-9.540094e-01,2.623065e+00,2.712834e+00,4.054627e+00,-4.015589e-01,-7.017624e-01,3.415884e+00,-2.067259e+00,-4.917949e-01,1.438756e+00,3.486631e+00,1.840755e+00,6.693377e-01,-1.121044e-01,-8.975007e-02,-3.692345e-01,-5.861802e-01,-5.018090e-01,-2.752445e-01,-2.005751e-01,-3.041608e-01,-7.110878e-02,-1.431183e-02,1.033854e-03,5.107355e-03,3.142747e-02,2.923790e-02,-7.344723e-04,4.647561e-02,-9.966135e-04,-8.144808e+00,-4.036489e-02,2.438225e+02,9.782297e-03,2.907117e-03,6.014676e-02,-3.169655e+01,5.112496e-02,5.042476e-02,6.472711e-02
74,0.740000,1.756225e-01,-2.363685e+01,3.030039e+00,1.639621e+00,-2.425402e+01,-3.411028e+01,-2.056903e+00,-2.055938e+00,-1.336021e+01,-2.016828e+01,5.090545e+00,1.079230e+00,7.665089e+00,-8.585485e+00,-1.068013e+01,-1.381505e+01,-1.940473e+00,7.762899e-02,-6.156108e-01,-8.130269e-01,-3.828690e+00,-2.966594e+00,-2.257378e+00,-1.900109e+00,3.071595e-01,4.481768e-01,6.799607e-01,8.543696e-01,1.415637e+00,1.614965e+00,2.234905e+00,2.694695e+00,2.398679e+02,7.343726e-01,-1.471678e-02,-2.727040e+00,-1.739492e+00,2.831949e+00,2.465266e+00,5.938249e+00,-1.386398e+00,-1.225682e+00,4.411811e+00,-1.332109e+00,-1.555549e+00,-1.015071e+00,7.058256e-01,3.818531e-02,1.784293e+00,-5.948432e-01,-2.962400e-01,-7.047985e-01,-7.507908e-01,-8.004762e-01,-3.492559e-01,-3.846746e-01,-4.751788e-01,-1.847675e-01,-1.212495e-02,2.202809e-04,3.008026e-03,4.413541e-02,3.213239e-03,-1.154002e-02,-3.863905e-02,-3.190949e-02,-1.078420e+01,-3.564611e-02,1.990676e+02,1.790447e-01,1.712822e-01,2.789874e-01,-5.468040e+01,4.930918e-02,5.009245e-02,5.382180e-02
75,0.750000,2.064502e-01,-2.758270e+01,5.954431e-01,5.269370e+00,-2.217521e+01,-2.573947e+01,-3.707193e+00,-4.853563e+00,-8.212968e+00,-2.044637e+01,2.273405e+00,2.923854e-01,4.606249e+00,-1.075615e+01,-6.938426e+00,-1.380056e+01,-2.464557e+00,-9.876847e-01,-1.603598e+00,-1.920961e+00,-4.282237e+00,-3.642912e+00,-2.932259e+00,-2.182696e+00,2.916114e-01,4.453429e-01,6.831126e-01,8.940947e-01,1.379752e+00,1.569090e+00,2.046039e+00,2.605569e+00,2.272561e+02,6.970094e-01,1.697305e-02,-3.357360e+00,-2.481093e+00,2.213772e+00,2.321757e+00,6.415142e+00,-1.710694e+00,-8.213124e-02,4.999343e+00,1.068351e+00,-1.617986e+00,-2.885566e+00,-2.213488e+00,-1.969115e+00,2.733300e+00,-7.834293e-01,-5.325636e-01,-9.764115e-01,-7.813869e-01,-9.668596e-01,-3.413413e-01,-4.079776e-01,-4.706174e-01,-2.484035e-01,-5.344713e-03,4.974747e-03,5.106402e-03,6.252976e-02,-1.686434e-02,-1.092459e-02,-1.174404e-01,-5.100832e-02,-9.736143e+00,-1.904247e-02,1.174646e+02,1.755681e-01,1.704359e-01,2.588979e-01,-4.976558e+01,-2.716916e-03,-7.661173e-04,-1.765754e-02
76,0.760000,2.881548e-01,-3.131993e+01,-2.660908e+00,6.982025e+00,-1.983247e+01,-1.986343e+01,-5.734595e+00,-2.209240e+00,-3.335043e+00,-1.586745e+01,4.789691e-01,-5.612539e+00,-4.903153e-01,-1.366854e+01,-3.280379e+00,-1.656065e+01,-3.173467e+00,-2.166695e+00,-2.328621e+00,-3.033365e+00,-4.640379e+00,-4.002570e+00,-3.291703e+00,-2.487208e+00,2.977144e-01,4.499281e-01,6.812677e-01,9.599996e-01,1.362366e+00,1.578816e+00,1.867678e+00,2.532608e+00,2.158682e+02,6.914990e-01,1.866804e-02,-2.936870e+00,-2.513887e+00,1.026175e+00,2.041137e+00,4.798316e+00,-1.728070e+00,1.245124e+00,5.082027e+00,2.760855e+00,-1.016978e+00,-3.681541e+00,-2.569614e+00,-3.254174e+00,2.217588e+00,-1.063636e+00,-5.765953e-01,-9.128700e-01,-5.997607e-01,-8.617947e-01,-2.492355e-01,-2.750511e-01,-3.289653e-01,-2.137507e-01,9.783208e-05,1.043628e-02,1.122759e-02,7.365179e-02,3.158879e-03,-6.168008e-04,-8.739801e-02,-2.560272e-02,-5.332251e+00,4.528147e-03,3.779220e+01,1.714401e-01,1.694353e-01,2.227056e-01,-1.370740e+01,-5.336575e-02,-5.130003e-02,-5.744483e-02
77,0.770000,2.754550e-01,-3.427992e+01,-5.797852e+00,6.396734e+00,-1.722069e+01,-1.555384e+01,-7.148212e+00,-3.826621e-01,2.076963e+00,-1.117221e+01,-7.924549e-01,-8.954505e+00,-4.146060e+00,-1.949376e+01,-1.429500e+00,-1.658910e+01,-3.934500e+00,-3.227751e+00,-2.929882e+00,-3.884539e+00,-4.760776e+00,-4.142946e+00,-3.501043e+00,-2.692663e+00,3.060232e-01,4.753286e-01,7.072008e-01,1.065751e+00,1.379485e+00,1.579422e+00,1.779868e+00,2.518216e+00,2.167872e+02,7.069261e-01,-1.325971e-03,-1.718691e+00,-1.324825e+00,2.952163e-01,1.664236e+00,2.302821e+00,-1.301063e+00,1.517644e+00,3.518788e+00,1.303508e+00,1.165899e-01,-1.937783e+00,-6.076239e-02,-2.727403e+00,1.617202e+00,-4.081276e-01,-3.538607e-01,-5.073274e-01,-3.295384e-01,-4.973347e-01,-1.363767e-01,-9.341345e-02,-1.711098e-01,-1.365697e-01,-4.935420e-03,9.399337e-03,8.855688e-03,7.066943e-02,1.766641e-02,8.674026e-03,-1.837109e-02,6.314993e-04,-1.111537e+00,2.522511e-02,7.563231e+01,0,0,0,3.313742e+01,-4.495467e-02,-4.556692e-02,-1.680659e-02
78,0.780000,2.344602e-01,-3.497258e+01,-6.342747e+00,6.206811e+00,-1.652560e+01,-1.521151e+01,-8.976741e+00,1.934232e+00,6.904962e+00,-1.100108e+01,1.538586e+00,-1.270503e+01,-8.068244e-01,-2.048755e+01,-2.346651e+00,-1.773896e+01,-4.088478e+00,-3.366688e+00,-2.951272e+00,-4.140211e+00,-4.835598e+00,-4.091832e+00,-3.617813e+00,-2.713879e+00,3.004428e-01,4.853654e-01,7.240545e-01,1.136801e+00,1.431565e+00,1.606716e+00,1.931001e+00,2.610358e+00,2.184411e+02,7.520550e-01,-1.932786e-02,-9.506988e-03,5.966973e-01,1.007767e-02,4.113149e-01,-1.737410e-01,1.567996e-01,5.596283e-01,2.075923e-01,-1.470166e+00,5.515301e-01,1.187175e+00,2.871710e+00,-7.757944e-01,6.863411e-01,-1.300416e-01,5.096791e-02,8.475852e-02,2.605941e-02,6.306005e-02,-1.398687e-02,9.499979e-03,-2.830639e-02,-3.752472e-02,-1.446568e-02,1.043320e-03,-1.392376e-03,2.104074e-02,9.619201e-03,2.268755e-03,5.993271e-03,-1.797667e-02,1.460509e+00,3.456370e-02,1.514467e+02,0,0,1.212121e-01,5.235030e+01,-2.134404e-02,-2.390103e-02,3.979058e-02
79,0.790000,2.266676e-01,-3.434982e+01,-4.187764e+00,7.133058e+00,-1.550747e+01,-1.655132e+01,-8.591437e+00,6.629195e-01,4.260969e+00,-1.636201e+01,2.326546e+00,-5.850283e+00,4.460692e+00,-2.098366e+01,6.807201e-01,-1.525204e+01,-3.776355e+00,-2.924326e+00,-2.939964e+00,-3.854211e+00,-4.866511e+00,-4.065348e+00,-3.624753e+00,-2.752209e+00,2.655701e-01,4.746210e-01,7.059976e-01,1.159041e+00,1.433484e+00,1.598510e+00,1.922522e+00,2.569852e+00,2.204119e+02,7.928569e-01,-1.363078e-02,1.638041e+00,2.464013e+00,-5.284345e-01,-7.597548e-01,-2.284082e+00,2.094640e+00,9.636142e-02,-4.281155e+00,-3.855292e+00,-1.772127e-01,3.330338e+00,4.424865e+00,2.175517e+00,-1.299192e-01,3.210848e-01,4.526700e-01,5.894620e-01,3.994265e-01,6.465975e-01,1.236340e-01,1.122467e-01,1.443019e-01,1.252201e-02,-1.708593e-02,-4.610998e-03,-1.758457e-02,-4.353360e-02,-1.197991e-02,-2.817988e-03,3.806829e-04,-4.231298e-02,1.184506e+00,3.158122e-02,2.263244e+02,3.651481e-02,2.731892e-02,2.256116e-01,3.633451e+01,1.500417e-02,1.096540e-02,5.724616e-02
80,0.800000,2.159091e-01,-3.133251e+01,-4.824645e-01,6.664251e+00,-1.863251e+01,-2.023340e+01,-4.228984e+00,6.611047e-02,-3.389084e+00,-2.062338e+01,1.677119e+00,-1.228776e+00,9.564857e+00,-1.680256e+01,-9.037836e-01,-1.787939e+01,-2.997700e+00,-1.894616e+00,-2.193283e+00,-2.733229e+00,-4.657446e+00,-3.993869e+00,-3.371380e+00,-2.645058e+00,2.456126e-01,4.554985e-01,6.749074e-01,1.018558e+00,1.383463e+00,1.580615e+00,1.826317e+00,2.416907e+00,2.213584e+02,8.213521e-01,8.931821e-03,2.698594e+00,3.036804e+00,-1.721486e+00,-1.860124e+00,-3.047188e+00,4.382587e+00,-3.316535e-01,-7.705302e+00,-4.092494e+00,-5.748364e-01,2.643393e+00,3.421288e+00,4.080175e+00,-1.242287e+00,7.523164e-01,6.106919e-01,7.426645e-01,6.611397e-01,1.034566e+00,3.236183e-01,2.079738e-01,3.091801e-01,7.483578e-02,-6.214092e-03,4.278910e-03,-1.848130e-02,-8.768810e-02,-2.197365e-02,2.065015e-03,1.267244e-02,-3.475745e-02,4.764984e-01,2.166564e-02,2.241977e+02,4.646255e-02,3.627066e-02,3.088526e-01,1.274369e+01,5.194181e-03,3.181487e-03,-5.368466e-03
81,0.810000,2.165766e-01,-2.790975e+01,3.592073e+00,3.525841e+00,-1.996601e+01,-2.446331e+01,9.511110e-01,1.033206e+00,-1.418179e+01,-2.563752e+01,-1.747785e+00,1.959054e+00,1.279242e+01,-1.045867e+01,-2.800529e+00,-1.491346e+01,-2.216539e+00,-1.016477e+00,-1.311744e+00,-1.355042e+00,-4.231682e+00,-3.630693e+00,-2.902750e+00,-2.664463e+00,2.480086e-01,4.672070e-01,6.438515e-01,9.072040e-01,1.343636e+00,1.578382e+00,1.834113e+00,2.403377e+00,2.212511e+02,8.301837e-01,4.355834e-02,2.844594e+00,2.265418e+00,-3.192682e+00,-2.207567e+00,-2.786579e+00,5.124728e+00,-5.266342e-01,-9.082458e+00,-2.971062e+00,7.106060e-01,-1.642827e-01,2.540126e-01,3.602647e+00,-2.510376e+00,1.504529e+00,5.068867e-01,5.772408e-01,6.857451e-01,1.105526e+00,5.231956e-01,3.141643e-01,4.116474e-01,1.119332e-01,1.078640e-02,1.831846e-02,-4.166794e-03,-8.776116e-02,-1.200691e-02,1.352556e-02,6.024834e-02,3.103528e-02,-3.445953e-01,1.173286e-02,2.209294e+02,5.178960e-02,3.669166e-02,1.924106e-01,-2.807890e+00,-7.897737e-03,-7.216401e-03,-5.481515e-02
82,0.820000,2.841648e-01,-2.469965e+01,4.951355e+00,-5.970095e-01,-2.359695e+01,-2.649146e+01,8.164920e+00,9.082111e-02,-2.240017e+01,-2.682580e+01,7.015694e-01,-3.392738e+00,1.213375e+01,-5.349176e+00,-6.817463e+00,-1.414667e+01,-1.814927e+00,-6.072896e-01,-4.596834e-01,-2.169643e-01,-3.534920e+00,-3.269290e+00,-2.432914e+00,-2.383573e+00,2.781531e-01,5.104669e-01,6.627211e-01,8.242788e-01,1.366621e+00,1.627105e+00,2.038568e+00,2.519809e+00,2.204040e+02,8.417198e-01,6.183009e-02,2.067547e+00,6.738135e-01,-3.649422e+00,-1.984835e+00,-8.677656e-01,4.547742e+00,-1.929242e+00,-7.879006e+00,-1.889272e+00,3.172256e+00,-1.173109e+00,-3.356441e+00,1.161163e-01,-2.057578e+00,2.753080e+00,2.112742e-01,2.117218e-01,3.918243e-01,8.858294e-01,6.379166e-01,2.868907e-01,3.339381e-01,1.527812e-01,2.113608e-02,3.068808e-02,1.461011e-02,-5.076621e-02,3.434432e-03,1.628835e-02,7.755184e-02,7.698794e-02,-9.360306e-01,4.299998e-03,2.178627e+02,1.833351e-02,1.122106e-02,1.109703e-01,-2.710361e+00,-1.203542e-02,-9.712420e-03,-6.412181e-02
83,0.830000,4.103314e-01,-2.344328e+01,4.422417e+00,-5.199718e+00,-2.406309e+01,-2.735518e+01,1.083525e+01,-1.982607e+00,-3.164578e+01,-2.811611e+01,6.367351e+00,-5.589715e+00,4.446310e+00,-8.697124e+00,-8.914322e+00,-9.595757e+00,-1.833308e+00,-6.817846e-01,-3.780380e-01,4.152865e-01,-2.811795e+00,-2.856816e+00,-2.035749e+00,-2.323286e+00,3.032318e-01,5.387291e-01,6.912568e-01,8.173750e-01,1.381870e+00,1.642893e+00,2.117638e+00,2.673577e+00,2.191661e+02,8.413374e-01,3.924250e-02,1.055984e+00,-6.395301e-01,-2.940611e+00,-1.728357e+00,1.599810e+00,2.359477e+00,-3.108550e+00,-4.914720e+00,-5.949543e-01,5.014483e+00,-5.385832e-01,-5.565341e+00,-3.760663e+00,-9.779660e-01,3.356784e+00,-5.343816e-02,-7.365573e-02,3.352067e-02,5.376815e-01,6.113842e-01,1.523817e-01,1.291080e-01,1.546405e-01,1.955029e-02,2.448413e-02,2.709368e-02,-2.373648e-02,1.362979e-03,-2.279055e-03,1.799240e-02,5.841189e-02,-1.286845e+00,-1.588380e-03,2.154525e+02,1.109064e-02,3.761706e-03,5.047703e-02,-2.339276e+00,-1.026663e-02,-7.363064e-03,-3.342626e-02
84,0.840000,4.281822e-01,-2.322801e+01,2.471431e+00,-7.220082e+00,-2.650814e+01,-2.312629e+01,1.356766e+01,-8.072196e+00,-3.405212e+01,-2.883045e+01,1.348083e+01,-3.319937e+00,-3.044293e+00,-1.710275e+01,-8.134778e+00,-6.772845e+00,-2.132944e+00,-1.003353e+00,-7.010140e-01,8.107541e-01,-2.177807e+00,-2.946354e+00,-2.135190e+00,-2.051741e+00,3.236814e-01,5.731779e-01,7.242553e-01,8.096414e-01,1.381518e+00,1.629801e+00,2.072313e+00,2.666746e+00,2.177207e+02,8.372752e-01,-1.473285e-02,1.709909e-01,-1.001632e+00,-1.024865e+00,-1.110444e+00,3.680222e+00,2.927858e-01,-3.953331e+00,-1.324059e+00,1.030101e+00,4.981912e+00,1.143804e+00,-5.528232e+00,-4.383723e+00,7.525667e-01,3.252045e+00,-1.668250e-01,-1.847425e-01,-2.325571e-01,1.607428e-01,4.662165e-01,-5.693595e-02,-1.132122e-01,1.255977e-01,8.926270e-03,7.972735e-03,2.560863e-02,-4.455292e-03,-2.225963e-02,-2.066258e-02,-6.298510e-02,-1.031995e-03,-1.461823e+00,-8.412236e-03,2.133843e+02,6.634948e-03,4.173536e-03,5.921036e-02,-1.986765e+00,-2.987970e-03,-1.669601e-03,-1.589921e-02
85,0.850000,3.407804e-01,-2.336565e+01,1.634385e+00,-7.865678e+00,-2.715220e+01,-1.814685e+01,1.004713e+01,-1.042803e+01,-3.292941e+01,-2.760996e+01,1.693500e+01,-7.702627e-01,-7.445265e+00,-2.338519e+01,-7.031702e+00,-1.816455e+00,-2.324721e+00,-1.186724e+00,-1.023476e+00,8.195055e-01,-1.853318e+00,-3.030253e+00,-2.406072e+00,-2.057176e+00,3.229959e-01,5.582722e-01,7.485529e-01,7.958403e-01,1.343003e+00,1.565639e+00,1.907202e+00,2.621967e+00,2.161586e+02,8.244641e-01,-3.485711e-02,-2.822515e-01,-9.024240e-01,1.099356e+00,1.222750e-01,4.724629e+00,-1.012228e+00,-5.168941e+00,1.502728e+00,3.446358e+00,3.589162e+00,3.655339e-01,-3.652354e+00,-1.316695e+00,2.089428e+00,1.527863e+00,-1.191445e-01,-1.527970e-01,-3.543511e-01,-2.037609e-01,3.042748e-01,-2.109071e-01,-2.216344e-01,1.272271e-01,-5.052623e-03,-1.410827e-02,2.418152e-02,6.600767e-03,-4.626947e-02,-2.502352e-02,-1.076422e-01,-5.828676e-02,-1.500334e+00,-1.674768e-02,2.114722e+02,6.305708e-03,3.400103e-03,5.115926e-02,-1.615862e+00,-8.830014e-04,-1.908722e-04,-8.832837e-03
86,0.860000,2.452761e-01,-2.388351e+01,1.337210e+00,-4.388357e+00,-2.760461e+01,-1.269452e+01,1.002291e+01,-1.545312e+01,-2.837865e+01,-2.192836e+01,2.032730e+01,-8.344571e-02,-9.561623e+00,-1.992376e+01,-3.995939e+00,-1.776096e+00,-2.403345e+00,-1.278533e+00,-1.299750e+00,3.846402e-01,-1.683077e+00,-3.467252e+00,-2.813813e+00,-1.888639e+00,3.129024e-01,5.405591e-01,7.621163e-01,8.127697e-01,1.274757e+00,1.562420e+00,1.828860e+00,2.540454e+00,2.145987e+02,8.080953e-01,-2.378789e-02,-7.292141e-01,-9.247241e-01,2.510293e+00,1.861864e+00,4.102342e+00,-1.633521e+00,-5.395486e+00,2.512604e+00,5.193633e+00,1.186332e+00,-2.380460e+00,-2.387378e+00,2.757303e+00,3.247790e+00,-4.708012e-01,-6.397815e-02,-1.596696e-01,-4.229489e-01,-5.382849e-01,1.331306e-01,-2.538067e-01,-1.774151e-01,9.532861e-02,-1.516176e-02,-2.863984e-02,2.527476e-02,2.319267e-02,-5.569501e-02,-1.470418e-02,-9.802108e-02,-6.453643e-02,-1.359071e+00,-2.744231e-02,2.099190e+02,5.786122e-03,3.053859e-03,3.113320e-02,-1.507209e+01,-3.734402e-04,-3.795391e-04,-1.383420e-02
87,0.870000,3.274989e-01,-2.452679e+01,4.774073e-01,-1.118802e+00,-2.290347e+01,-8.947923e+00,7.546480e+00,-2.413685e+01,-2.696887e+01,-1.433536e+01,2.088993e+01,-5.380291e+00,-1.055680e+01,-1.387010e+01,-5.366014e-01,-4.454818e+00,-2.293830e+00,-1.308180e+00,-1.850426e+00,-3.904609e-01,-1.537786e+00,-3.650903e+00,-2.804609e+00,-1.768701e+00,2.833582e-01,4.844972e-01,7.932339e-01,8.488147e-01,1.203904e+00,1.551466e+00,1.701154e+00,2.445290e+00,2.132255e+02,7.721890e-01,2.516129e-02,-1.242026e+00,-1.696318e+00,3.093809e+00,2.967349e+00,3.051477e+00,-1.483685e+00,-3.518994e+00,3.750856e+00,5.379900e+00,-1.793030e+00,-4.317765e+00,-1.360499e+00,3.985543e+00,3.673041e+00,-2.596336e+00,-1.376564e-01,-3.267327e-01,-4.828264e-01,-7.760707e-01,-1.081545e-01,-2.185172e-01,-6.765918e-02,8.358900e-02,-1.733660e-02,-2.205030e-02,2.276732e-02,3.808925e-02,-3.695406e-02,-3.863895e-03,-6.389727e-02,-5.029917e-02,-1.041959e+00,-3.749648e-02,2.091058e+02,7.100050e-03,3.367184e-03,2.035142e-02,-3.543265e+01,-9.656384e-04,-5.269464e-04,-1.225652e-02
88,0.880000,3.158835e-01,-2.629351e+01,-1.573701e+00,1.957945e+00,-1.932318e+01,-7.214042e+00,6.650377e+00,-2.819522e+01,-2.446937e+01,-9.499584e+00,1.743503e+01,-1.291722e+01,-1.342542e+01,-8.073787e+00,4.856622e+00,-7.807669e+00,-2.468281e+00,-1.740973e+00,-2.402284e+00,-1.275687e+00,-1.669919e+00,-3.905062e+00,-2.822997e+00,-1.719336e+00,2.676914e-01,4.668663e-01,8.282886e-01,8.991175e-01,1.172592e+00,1.563366e+00,1.685232e+00,2.432403e+00,2.123919e+02,7.262012e-01,1.978886e-02,-1.842481e+00,-2.580181e+00,2.889592e+00,2.907901e+00,1.341337e+00,-2.543676e+00,1.846136e+00,5.370284e+00,4.325538e+00,-2.791544e+00,-3.483757e+00,-4.551756e-01,1.984747e+00,2.294811e+00,-3.308825e+00,-3.583182e-01,-4.842430e-01,-4.516115e-01,-9.218943e-01,-4.585713e-01,-9.722920e-02,-1.561160e-02,-2.288508e-03,-7.432923e-03,-1.051011e-02,1.608646e-02,4.742425e-02,1.412330e-02,1.781333e-03,-9.276819e-03,-5.354810e-03,-6.266327e-01,-4.120890e-02,1.392070e+02,4.370577e-03,2.292300e-03,5.443258e-03,-5.592789e+01,-1.648701e-03,-8.328751e-04,-7.989618e-03
89,0.890000,4.312831e-01,-2.837078e+01,-5.391752e+00,4.430214e+00,-1.645617e+01,-5.629702e+00,4.314970e+00,-2.165195e+01,-1.612977e+01,-6.924850e+00,9.415987e+00,-1.594220e+01,-1.231587e+01,-9.382461e+00,6.907221e+00,-1.178235e+01,-2.980535e+00,-2.589168e+00,-2.886341e+00,-2.230685e+00,-2.400669e+00,-3.903934e+00,-2.739777e+00,-1.723883e+00,2.589184e-01,4.848671e-01,8.293033e-01,9.431127e-01,1.209315e+00,1.545846e+00,1.659530e+00,2.424497e+00,2.120522e+02,6.779287e-01,-5.765605e-03,-2.295291e+00,-3.287208e+00,2.482660e+00,1.851205e+00,-1.098683e-01,-3.375698e+00,7.170473e+00,7.051512e+00,2.916514e+00,-2.024233e+00,-4.064817e-02,1.093809e+00,-1.124981e+00,-1.852989e-04,-3.372438e+00,-6.248911e-01,-5.870525e-01,-3.888261e-01,-9.467680e-01,-7.673914e-01,-9.713149e-03,-4.715230e-02,-7.028425e-02,8.886999e-03,6.978425e-03,8.126562e-03,6.045675e-02,6.938867e-02,1.582538e-02,6.468347e-02,3.586550e-02,-2.686340e-01,-3.490710e-02,6.966490e+01,2.185288e-03,1.146150e-03,2.721629e-03,-5.574187e+01,-1.857068e-03,-9.026668e-04,-4.614609e-03
90,0.900000,2.923283e-01,-3.117392e+01,-8.629113e+00,7.285097e+00,-1.628876e+01,-7.646943e+00,-1.079714e+00,-7.464888e+00,-6.946778e+00,-4.005929e+00,1.210655e+01,-1.222128e+01,-1.095797e+01,-1.224384e+01,3.756206e+00,-1.465645e+01,-3.851583e+00,-3.059253e+00,-3.039850e+00,-3.304719e+00,-3.544492e+00,-3.826882e+00,-2.924288e+00,-1.922491e+00,2.879576e-01,4.878235e-01,8.245139e-01,1.002742e+00,1.342667e+00,1.574137e+00,1.803288e+00,2.524076e+00,2.120522e+02,6.491809e-01,-3.532415e-02,-2.376575e+00,-3.381039e+00,1.184080e+00,5.442837e-01,-1.899341e+00,-4.476594e+00,8.413391e+00,6.836804e+00,2.266021e+00,-2.883048e-01,3.099290e+00,3.044830e+00,-3.291843e+00,-1.586644e+00,-2.041774e+00,-8.110129e-01,-4.640320e-01,-2.952949e-01,-8.239625e-01,-8.257273e-01,4.781287e-02,-6.543700e-02,-1.292127e-01,2.309821e-02,9.971058e-03,3.940880e-03,6.719453e-02,9.508494e-02,1.812906e-02,1.095365e-01,6.293921e-02,-6.794433e-02,-2.411044e-02,0,0,0,0,-3.480790e+01,-1.092644e-03,-5.730751e-04,-1.360815e-03
91,0.910000,3.104485e-01,-3.356304e+01,-1.243092e+01,8.630923e+00,-1.516466e+01,-9.280814e+00,-5.466964e+00,1.350350e+00,-4.726113e-01,-2.499620e+00,1.343300e+01,-5.931504e+00,-6.321478e+00,-1.740998e+01,1.268009e-02,-1.789262e+01,-4.726634e+00,-3.584303e+00,-3.475773e+00,-4.109785e+00,-4.437458e+00,-3.738559e+00,-2.989725e+00,-2.018545e+00,3.176601e-01,5.089107e-01,8.357541e-01,1.099286e+00,1.465809e+00,1.625208e+00,1.965543e+00,2.578781e+00,2.120522e+02,6.361637e-01,-5.903858e-02,-2.126517e+00,-2.728617e+00,-3.450607e-01,-1.208017e+00,-2.914684e+00,-4.121992e+00,5.959363e+00,5.101779e+00,1.158105e+00,-6.674201e-01,3.149984e+00,4.486542e+00,-3.118700e+00,-1.870941e+00,-3.844727e-01,-8.167195e-01,-3.048528e-01,-1.930858e-01,-5.406334e-01,-6.164601e-01,-2.938373e-02,-1.107038e-01,-1.463551e-01,2.899467e-02,7.958630e-03,-2.560228e-03,5.590355e-02,6.854241e-02,1.386168e-02,8.767748e-02,4.964991e-02,0,-5.481854e-02,0,0,0,0,-1.393298e+01,-4.370577e-04,-2.292300e-04,-5.443258e-04
92,0.920000,1.996800e-01,-3.558026e+01,-1.495931e+01,5.777989e+00,-1.724752e+01,-1.488519e+01,-1.084163e+01,2.370586e+00,1.886070e+00,-3.820955e-01,1.398500e+01,-2.426120e+00,-1.198458e+00,-2.051924e+01,3.706733e-01,-1.496141e+01,-5.650296e+00,-3.563565e+00,-3.584043e+00,-4.455949e+00,-4.780161e+00,-3.748686e+00,-3.025208e+00,-2.218068e+00,3.538116e-01,5.046998e-01,8.447676e-01,1.157003e+00,1.519770e+00,1.614330e+00,2.079908e+00,2.669957e+00,2.120522e+02,6.265315e-01,-4.097852e-02,-1.492921e+00,-1.898672e+00,-1.454191e+00,-2.215710e+00,-2.300007e+00,-2.238994e+00,2.486467e+00,3.622034e+00,-1.181087e-01,-3.049846e+00,1.156237e+00,4.852773e+00,-1.522102e+00,-1.165030e+00,1.484121e+00,-6.411346e-01,-2.483336e-01,-1.016651e-01,-2.140566e-01,-2.871020e-01,-1.138657e-01,-1.042192e-01,-8.718510e-02,2.536481e-02,8.576864e-03,-4.243636e-03,3.407191e-02,1.862718e-02,2.313018e-03,2.854004e-02,1.711736e-02,2.330689e-01,-6.033542e-02,0,0,0,0,1.506909e+01,0,0,1.215836e-02
93,0.930000,1.824144e-01,-3.680020e+01,-1.586974e+01,3.458464e+00,-2.201687e+01,-1.658400e+01,-1.141403e+01,3.227121e+00,4.962702e+00,-2.946244e+00,5.139661e+00,-5.089859e+00,5.237090e+00,-2.083826e+01,-7.547164e-01,-1.355224e+01,-6.164776e+00,-3.861275e+00,-3.579674e+00,-4.358236e+00,-4.865135e+00,-4.089951e+00,-3.242836e+00,-2.307870e+00,3.709648e-01,5.162221e-01,8.063753e-01,1.145500e+00,1.463476e+00,1.595057e+00,1.959607e+00,2.599806e+00,2.120522e+02,4.151607e-01,-4.822226e-02,-6.028298e-01,-8.292525e-01,-1.133714e+00,-1.732121e+00,1.783286e-01,1.565516e-01,1.314937e-02,1.841687e+00,-1.480919e+00,-3.712947e+00,-1.432827e+00,3.822950e+00,5.424007e-01,-4.681575e-01,1.765002e+00,-2.791667e-01,-2.340851e-01,-5.742438e-02,2.635117e-02,-3.795385e-03,-1.402851e-01,-7.826938e-02,1.423757e-02,1.744586e-02,1.122085e-02,-4.176569e-03,9.273922e-03,-1.086096e-02,5.517006e-05,-2.630156e-02,-3.966189e-03,7.488739e-01,-3.833631e-02,0,0,0,0,3.763832e+01,4.300651e-03,0,2.471388e-02
94,0.940000,1.514527e-01,-3.701995e+01,-1.640307e+01,2.600370e+00,-2.394120e+01,-1.549539e+01,-9.301148e+00,4.029059e+00,8.445733e+00,-4.373161e+00,1.003987e+00,-6.860914e+00,7.526615e+00,-1.814021e+01,-1.685247e+00,-9.406037e+00,-6.338185e+00,-4.162435e+00,-3.496225e+00,-4.250777e+00,-4.766163e+00,-4.220515e+00,-3.318829e+00,-2.213754e+00,3.881294e-01,5.270521e-01,8.179851e-01,1.149995e+00,1.436970e+00,1.600777e+00,1.948956e+00,2.599150e+00,2.132175e+02,4.580053e-01,-2.697918e-02,7.868893e-01,5.005830e-01,-8.753003e-01,-5.891056e-02,3.362539e+00,1.843897e+00,-3.648201e+00,-1.035598e+00,-9.407643e-01,-2.145651e+00,-3.246323e+00,1.155442e+00,2.281544e+00,-2.965093e-01,1.655312e-01,2.307611e-01,-8.985116e-02,-1.529095e-02,2.840815e-01,4.133166e-01,-4.442191e-02,8.375359e-03,1.043209e-01,2.472860e-03,1.510750e-02,1.371030e-02,-3.025246e-03,-2.120702e-02,1.039555e-02,-1.765509e-02,-2.648616e-03,1.456325e+00,4.830424e-02,7.534544e+01,0,0,6.079181e-02,6.012593e+01,1.487441e-02,3.579393e-03,7.589513e-02
95,0.950000,9.345087e-02,-3.585735e+01,-1.585531e+01,4.551160e+00,-2.047842e+01,-8.084074e+00,-5.454444e+00,5.868610e-01,5.455994e+00,-7.908684e+00,1.358771e+00,-1.087824e+01,8.430736e+00,-1.588749e+01,-1.300148e+00,-1.184529e+01,-5.778522e+00,-4.455293e+00,-3.806803e+00,-4.080616e+00,-4.463434e+00,-4.204070e+00,-3.234262e+00,-1.949515e+00,3.877305e-01,5.538387e-01,8.282625e-01,1.149160e+00,1.452904e+00,1.632261e+00,1.899511e+00,2.594353e+00,2.152139e+02,5.287452e-01,-1.949423e-02,2.522495e+00,2.315162e+00,-2.270550e+00,1.087246e+00,4.905945e+00,1.831000e+00,-8.082358e+00,-4.203586e+00,1.391215e+00,9.764519e-01,-4.196635e+00,-2.133292e+00,3.811594e+00,-8.097459e-01,-1.112317e+00,7.094625e-01,3.535295e-01,2.072954e-01,6.488985e-01,9.568540e-01,1.841142e-01,1.226075e-01,1.312418e-01,-1.002750e-02,1.081934e-02,2.906238e-02,-1.762388e-02,-3.358749e-02,9.178400e-04,8.080018e-03,1.532059e-02,1.947610e+00,1.210935e-01,1.505189e+02,2.150325e-02,0,9.317347e-02,5.996871e+01,1.935214e-02,1.349291e-02,9.829685e-02
96,0.960000,1.092659e-01,-3.211724e+01,-1.246361e+01,8.551393e-01,-1.831130e+01,-2.322460e+00,-4.601935e+00,-1.455029e+01,-3.538564e+00,-2.604697e+00,5.147189e+00,-1.576354e+01,2.981931e+00,-1.158691e+01,-8.391576e-01,-1.498722e+01,-4.689617e+00,-3.715812e+00,-3.546932e+00,-3.174352e+00,-2.914429e+00,-3.913736e+00,-2.987618e+00,-1.875641e+00,3.577931e-01,5.614290e-01,9.023755e-01,1.140047e+00,1.419020e+00,1.647706e+00,2.021681e+00,2.659440e+00,2.177529e+02,8.112605e-01,-2.384953e-04,4.110533e+00,3.994883e+00,-4.908591e+00,2.614569e-01,4.367385e+00,7.086238e-01,-1.027629e+01,-4.723946e+00,3.452873e+00,1.767898e+00,-4.633184e+00,-4.315864e+00,4.934138e+00,-1.972699e+00,-1.402482e+00,9.816657e-01,8.359746e-01,6.199721e-01,1.048208e+00,1.430364e+00,4.333067e-01,1.732575e-01,1.086695e-01,-1.447903e-02,1.664567e-03,3.135189e-02,-3.413635e-02,-6.274619e-02,-1.470671e-02,2.369440e-03,6.820965e-03,1.959294e+00,1.114009e-01,2.253702e+02,6.362044e-02,1.789697e-02,3.328889e-01,3.733636e+01,1.319769e-02,1.766586e-02,8.113711e-02
97,0.970000,1.060366e-01,-2.663908e+01,-6.263655e+00,-7.021670e+00,-1.939560e+01,1.359263e+00,-4.608644e+00,-2.789500e+01,-1.006308e+01,3.125599e+00,7.950320e+00,-2.162172e+01,-3.157026e+00,-5.056940e+00,-5.226490e+00,-1.632323e+01,-3.441748e+00,-2.316939e+00,-2.517843e+00,-1.651956e+00,-1.006731e+00,-3.322769e+00,-2.795404e+00,-1.820717e+00,3.359954e-01,5.531304e-01,9.094920e-01,1.062354e+00,1.304513e+00,1.576182e+00,1.963645e+00,2.646264e+00,2.195225e+02,8.440005e-01,2.737430e-02,4.727447e+00,4.213800e+00,-6.840079e+00,-1.619673e+00,2.180987e+00,1.602734e-01,-7.667640e+00,-1.285191e+00,3.351934e+00,-1.015013e+00,-3.983441e+00,-4.760188e+00,4.770543e+00,-2.738497e+00,8.584719e-01,8.959215e-01,9.754742e-01,1.029805e+00,1.193113e+00,1.473095e+00,6.773971e-01,1.902183e-01,1.323655e-01,1.101345e-04,-2.529299e-03,2.350096e-02,-3.452690e-02,-7.712642e-02,-1.630130e-02,7.761657e-03,1.178432e-03,1.679913e+00,7.169749e-02,2.248312e+02,6.495048e-02,5.851606e-02,3.554357e-01,1.497859e+01,-5.634342e-03,1.242965e-02,8.977741e-03
98,0.980000,1.439674e-01,-2.107642e+01,-1.224480e+00,-1.615617e+01,-2.317533e+01,1.619873e+00,-6.180930e+00,-3.311147e+01,-7.414458e+00,7.374065e+00,6.547703e+00,-2.465510e+01,-8.258822e+00,1.115203e+00,-9.585568e+00,-1.417948e+01,-2.598244e+00,-1.051739e+00,-1.040845e+00,-2.240667e-01,6.573071e-01,-2.494632e+00,-2.671970e+00,-1.734805e+00,3.416017e-01,5.357291e-01,9.341298e-01,1.022716e+00,1.197435e+00,1.555283e+00,1.928737e+00,2.607300e+00,2.208597e+02,8.573822e-01,8.316971e-02,4.103398e+00,2.819528e+00,-6.266477e+00,-2.623991e+00,4.081743e-01,4.655817e-01,-1.888088e+00,3.208333e+00,7.280896e-01,-4.918090e+00,-2.784274e+00,-2.927750e+00,2.647460e+00,-2.285517e+00,2.762500e+00,5.828117e-01,6.766058e-01,1.115522e+00,9.683968e-01,1.031115e+00,7.872448e-01,1.967018e-01,1.947511e-01,2.171083e-02,3.198963e-03,2.161491e-03,-1.921969e-02,-5.681169e-02,-8.817852e-03,5.170929e-03,-7.991314e-03,1.339374e+00,1.285468e-02,2.248711e+02,4.426484e-02,5.907126e-02,3.353462e-01,3.177399e-01,-1.835049e-02,-4.965710e-03,-7.370213e-02
99,0.990000,2.129716e-01,-1.774052e+01,-4.058712e-01,-2.114358e+01,-2.614477e+01,8.496943e-01,-3.863580e+00,-2.847075e+01,9.679872e-01,3.861604e+00,-4.416548e+00,-2.634967e+01,-9.749829e+00,1.614172e+00,-1.061943e+01,-7.956804e+00,-2.344602e+00,-9.099584e-01,8.917872e-02,4.098050e-01,1.116173e+00,-1.526636e+00,-2.440994e+00,-1.358105e+00,3.963768e-01,5.540422e-01,9.298902e-01,1.035191e+00,1.178065e+00,1.596966e+00,1.984792e+00,2.626315e+00,2.220601e+02,8.641718e-01,1.276382e-01,2.765752e+00,9.750122e-01,-4.379506e+00,-2.150924e+00,-6.117410e-01,1.017063e+00,2.257342e+00,5.355528e+00,-1.052031e+00,-7.279811e+00,-1.501969e+00,-7.812111e-01,-7.450891e-02,-1.089858e+00,3.509688e+00,2.559140e-01,2.444516e-01,8.934565e-01,5.717767e-01,5.048670e-01,7.364858e-01,2.146415e-01,2.011276e-01,3.436103e-02,9.763348e-03,-6.065535e-03,4.377007e-03,-1.658478e-02,-3.798294e-03,3.662177e-02,2.950001e-03,1.151759e+00,5.365449e-03,2.256614e+02,3.009343e-03,4.156111e-02,1.368335e-01,5.889099e-01,-1.631503e-02,-1.683669e-02,-8.238621e-02
100,1.000000,4.716469e-01,-1.604952e+01,-1.294861e+00,-2.341629e+01,-2.805666e+01,-2.680375e-02,-2.646558e+00,-2.370285e+01,6.987568e+00,6.677482e-01,-1.325983e+01,-2.732094e+01,-8.360420e+00,-1.685165e+00,-9.570273e+00,-5.357934e+00,-2.324132e+00,-1.036274e+00,7.271671e-01,6.367516e-01,1.179693e+00,-8.755780e-01,-2.181314e+00,-1.133192e+00,4.361565e-01,5.769679e-01,9.029838e-01,1.057530e+00,1.198186e+00,1.593225e+00,2.036962e+00,2.629458e+00,2.231810e+02,8.654482e-01,1.262651e-01,1.517827e+00,-1.129583e-01,-2.559322e+00,-5.810623e-01,-4.928738e-01,9.278961e-01,3.566236e+00,4.488724e+00,-1.180815e+00,-6.597463e+00,-8.860073e-02,1.096674e+00,-1.539000e+00,2.211273e-01,2.462039e+00,5.978363e-02,-2.013658e-02,5.227950e-01,2.451480e-01,1.764610e-01,5.930715e-01,2.222904e-01,1.240433e-01,2.991770e-02,1.064458e-02,-1.885206e-02,1.214890e-02,4.128361e-03,-3.833481e-02,-1.669276e-03,-4.453385e-02,1.000934e+00,1.996696e-03,2.265438e+02,2.838543e-03,1.545894e-03,7.367937e-02,5.484543e-01,-7.724359e-03,-1.493743e-02,-6.250636e-02
101,1.010000,5.803880e-01,-1.532376e+01,-1.353403e+00,-2.528914e+01,-2.770955e+01,-8.761039e-01,-1.290514e+00,-2.131260e+01,9.513551e+00,1.218604e+00,-1.854497e+01,-2.779865e+01,-7.012283e+00,-4.029301e+00,-1.068343e+01,-3.185563e+00,-2.299233e+00,-1.102414e+00,1.065433e+00,7.765185e-01,1.256410e+00,-4.498662e-01,-1.967524e+00,-1.115886e+00,4.605232e-01,5.813277e-01,8.947373e-01,1.066832e+00,1.221214e+00,1.538219e+00,2.092641e+00,2.649935e+00,2.241206e+02,8.667948e-01,2.782692e-02,6.830309e-01,-1.822946e-01,-1.671162e+00,9.343395e-01,-2.874005e-02,-3.541440e-01,2.598027e+00,2.863536e+00,-2.685533e-02,-4.061097e+00,1.294911e+00,1.929183e+00,-1.400124e+00,1.022900e+00,7.093748e-01,-1.325653e-02,-4.372185e-02,2.114770e-01,6.338886e-02,1.179956e-01,4.252320e-01,1.612878e-01,-1.782368e-02,1.172014e-02,3.950953e-03,-1.421980e-02,1.217084e-02,5.810940e-03,-5.194042e-02,-4.404800e-02,-7.853699e-02,8.220962e-01,-6.964028e-04,2.269394e+02,4.088473e-03,3.095288e-03,7.433811e-02,2.855682e-01,6.748006e-04,-7.342970e-03,-1.882630e-02
102,1.020000,5.915847e-01,-1.469566e+01,-1.315505e+00,-2.688000e+01,-2.529825e+01,1.840232e-02,-2.827982e+00,-1.885937e+01,1.075638e+01,2.791491e+00,-1.937540e+01,-2.437361e+01,-4.144226e+00,-3.758062e+00,-8.447932e+00,-4.254906e+00,-2.322010e+00,-1.056194e+00,1.085003e+00,8.183165e-01,1.469493e+00,-6.765926e-02,-1.797253e+00,-1.235698e+00,4.591170e-01,5.753092e-01,8.574459e-01,1.067640e+00,1.196502e+00,1.392982e+00,1.866466e+00,2.372821e+00,2.248341e+02,8.660542e-01,-6.304659e-02,2.113135e-01,-2.214478e-01,-8.769867e-01,2.102921e+00,1.182192e-01,-1.427261e+00,1.824858e+00,2.080158e+00,3.145729e-01,-2.216699e+00,2.049244e+00,1.918104e+00,-8.091810e-01,1.558365e+00,-1.372425e-01,-3.692696e-02,-4.029708e-02,7.874054e-03,-7.379945e-02,8.322634e-02,3.019291e-01,1.143302e-01,-6.801319e-02,-1.931649e-03,-2.071643e-03,-1.040273e-02,1.300938e-02,-6.155729e-04,-4.025711e-02,-8.386948e-02,-1.009808e-01,6.215729e-01,-2.789760e-03,2.269744e+02,5.103485e-03,3.617009e-03,5.406209e-02,2.002716e-02,5.139178e-04,1.901313e-04,-2.834886e-03
103,1.030000,2.921374e-01,-1.500230e+01,-1.307022e+00,-2.776753e+01,-2.285228e+01,6.833910e-01,-5.543588e+00,-1.790236e+01,1.340126e+01,2.665456e+00,-2.166425e+01,-2.134878e+01,-2.212009e+00,-4.349999e+00,-6.066103e+00,-4.961444e+00,-2.411946e+00,-1.118607e+00,9.676457e-01,6.359668e-01,1.561251e+00,1.955648e-01,-1.826585e+00,-1.395970e+00,4.434973e-01,5.746263e-01,8.815601e-01,1.090990e+00,1.207961e+00,1.437385e+00,1.849800e+00,2.361949e+00,2.253440e+02,8.603868e-01,-1.054266e-01,-1.378655e-01,-3.602478e-01,4.440327e-02,2.707746e+00,-4.451417e-01,-2.455020e+00,1.440638e+00,2.145437e+00,-6.668326e-01,-1.135697e+00,2.055253e+00,8.860432e-01,-1.112863e+00,2.026108e+00,-3.013610e-01,-3.665779e-02,-4.257410e-02,-1.039362e-01,-2.046163e-01,-2.860906e-02,1.925803e-01,7.176720e-02,-5.878247e-02,-1.010732e-02,-5.014205e-03,-8.837735e-03,1.572013e-02,1.467538e-03,-1.106443e-02,-8.877518e-02,-8.795688e-02,4.250046e-01,-4.707187e-03,2.268739e+02,5.250875e-03,3.810706e-03,5.251065e-02,-1.647156e-01,-9.422959e-05,-3.828612e-04,1.450544e-02
104,1.040000,3.005393e-01,-1.515369e+01,-2.425291e+00,-2.656203e+01,-1.997069e+01,-2.154552e-01,-7.656328e+00,-1.628368e+01,1.544450e+01,1.517187e+00,-2.278368e+01,-2.029965e+01,-1.170037e+00,-5.570721e+00,-4.087110e+00,-5.156206e+00,-2.452411e+00,-1.229663e+00,8.154311e-01,3.380302e-01,1.443405e+00,3.113520e-01,-1.680132e+00,-1.333215e+00,4.350112e-01,5.699604e-01,8.575588e-01,1.110498e+00,1.201734e+00,1.442357e+00,1.739035e+00,2.268547e+00,2.256772e+02,8.547034e-01,-6.740586e-02,-3.997571e-01,-5.132219e-01,1.008593e+00,2.938535e+00,-1.792498e+00,-2.884222e+00,1.588593e+00,1.949541e+00,-2.002318e+00,-1.769028e-02,1.939324e+00,-1.148856e+00,-2.630085e+00,1.827814e+00,-1.308840e-01,-1.029415e-02,-2.813968e-02,-1.559158e-01,-2.987200e-01,-2.025598e-01,9.857638e-02,6.073754e-02,-2.475179e-02,-8.591744e-03,-8.936459e-03,-7.081711e-03,1.770340e-02,1.325241e-02,1.832390e-03,-5.536593e-02,-3.234880e-02,2.410065e-01,-5.589795e-03,2.266767e+02,4.826931e-03,2.138841e-03,7.041866e-02,-3.110077e-01,-5.727796e-04,-5.981896e-04,2.799355e-02
105,1.050000,1.987777e-01,-1.578408e+01,-2.599750e+00,-2.522611e+01,-1.683460e+01,-2.984884e+00,-1.115144e+01,-1.539725e+01,1.789667e+01,-1.478406e+00,-2.251932e+01,-1.955937e+01,-4.069162e+00,-8.687286e+00,-2.733300e+00,-4.241718e+00,-2.417322e+00,-1.228550e+00,6.805380e-01,-6.419867e-03,1.126409e+00,3.235298e-01,-1.667249e+00,-1.361040e+00,4.220395e-01,5.589311e-01,8.504922e-01,1.124004e+00,1.225935e+00,1.458210e+00,1.712480e+00,2.262287e+00,2.258241e+02,8.489342e-01,-1.720531e-02,-5.908315e-01,-5.466690e-01,2.039819e+00,2.900032e+00,-3.070784e+00,-3.143030e+00,1.619819e+00,1.059364e+00,-3.439573e+00,1.148512e+00,3.045816e+00,-3.226077e+00,-4.241032e+00,1.799643e+00,-5.324087e-01,3.907013e-02,2.807677e-02,-2.191840e-01,-3.611013e-01,-3.657279e-01,3.724462e-02,4.459823e-02,8.807600e-03,-7.930594e-03,-9.854531e-03,-7.141936e-03,1.662507e-02,2.625148e-02,-9.024715e-03,-2.997328e-02,-1.029460e-02,6.216736e-02,-5.463743e-03,2.262647e+02,3.755602e-03,1.920066e-03,1.386870e-01,-4.743439e-01,-8.499098e-04,-5.344297e-04,2.803569e-02
106,1.060000,3.012352e-01,-1.630356e+01,-3.235251e+00,-2.310775e+01,-1.361442e+01,-7.109950e+00,-1.444516e+01,-1.216895e+01,1.825638e+01,-5.148167e+00,-1.903632e+01,-1.557170e+01,-8.959931e+00,-1.473984e+01,-9.752609e-01,-5.269189e+00,-2.370792e+00,-1.141921e+00,4.489782e-01,-3.540901e-01,6.741154e-01,3.612401e-01,-1.573233e+00,-1.376923e+00,4.268872e-01,5.384745e-01,8.375713e-01,1.139650e+00,1.253777e+00,1.391732e+00,1.658296e+00,2.260908e+00,2.257991e+02,8.438315e-01,-9.117866e-03,-8.477222e-01,-6.026149e-01,2.900108e+00,3.072672e+00,-3.809901e+00,-3.144136e+00,1.254604e+00,-4.040135e-01,-4.868680e+00,2.604169e+00,5.140925e+00,-4.696324e+00,-5.070127e+00,1.406045e+00,-1.487412e+00,6.672893e-02,6.552719e-02,-3.356220e-01,-4.263706e-01,-4.613954e-01,3.395133e-02,2.508764e-02,3.848839e-02,-1.317305e-02,-1.027124e-02,5.060697e-03,2.100319e-02,4.369045e-02,-2.956200e-03,2.190108e-02,5.529986e-02,-1.315872e-01,-6.077838e-03,2.257240e+02,2.987224e-03,1.571381e-03,1.509417e-01,-7.128479e-01,-7.627965e-04,-3.027318e-04,4.072502e-04
107,1.070000,2.057629e-01,-1.738152e+01,-3.635386e+00,-1.929558e+01,-1.153026e+01,-1.122328e+01,-1.786432e+01,-1.186063e+01,1.729214e+01,-1.119973e+01,-1.779537e+01,-8.483672e+00,-1.444745e+01,-2.097060e+01,1.376186e+00,-7.566996e+00,-2.257404e+00,-1.022094e+00,5.495197e-02,-8.234794e-01,1.172556e-01,3.568438e-01,-1.657043e+00,-1.330079e+00,4.079063e-01,5.410966e-01,8.558442e-01,1.159540e+00,1.313197e+00,1.417574e+00,1.740303e+00,2.314296e+00,2.255939e+02,8.385040e-01,-2.820700e-04,-1.134980e+00,-9.895185e-01,3.931205e+00,3.428649e+00,-4.205220e+00,-2.562291e+00,1.085587e+00,-2.650118e+00,-5.812164e+00,3.294229e+00,5.820230e+00,-4.286586e+00,-4.198186e+00,7.449683e-01,-2.902316e+00,7.045610e-02,1.659834e-02,-4.807793e-01,-5.085071e-01,-5.379352e-01,1.320574e-03,6.335483e-02,8.164032e-02,-2.234297e-02,-1.154152e-02,3.400159e-03,2.852311e-02,4.927628e-02,1.046917e-02,2.283157e-02,4.852362e-02,-3.589035e-01,-7.038969e-03,2.249785e+02,1.921180e-03,1.422287e-03,1.524276e-01,-1.040828e+00,2.336797e-04,2.825327e-04,-2.473916e-02
108,1.080000,2.514575e-01,-1.859358e+01,-4.920547e+00,-1.502675e+01,-7.259502e+00,-1.514576e+01,-2.002057e+01,-1.177897e+01,1.372670e+01,-1.796555e+01,-1.212481e+01,-1.328727e-01,-1.946251e+01,-2.477970e+01,8.883705e-01,-1.093063e+01,-2.198725e+00,-1.005255e+00,-5.498860e-01,-1.385293e+00,-3.589952e-01,4.644516e-01,-1.559796e+00,-1.156254e+00,3.762126e-01,5.275215e-01,8.801863e-01,1.197746e+00,1.376556e+00,1.447894e+00,1.834629e+00,2.519042e+00,2.251343e+02,8.295293e-01,-1.130463e-02,-1.507017e+00,-1.220230e+00,4.798279e+00,3.950424e+00,-4.315887e+00,-1.922197e+00,1.899362e+00,-4.768955e+00,-5.496348e+00,3.690614e+00,3.853909e+00,-2.487740e+00,-2.340499e+00,-2.946658e-01,-3.282953e+00,5.649161e-02,-9.248295e-02,-5.747431e-01,-5.994590e-01,-6.532339e-01,-8.635296e-02,1.218776e-01,4.202660e-02,-3.351877e-02,-1.948655e-02,-1.193697e-02,2.657716e-02,4.590496e-02,2.866841e-02,2.510858e-03,-1.710732e-02,-6.229156e-01,-7.983649e-03,2.237555e+02,1.930160e-03,8.740714e-04,6.558462e-02,-1.414931e+00,1.029099e-03,9.494344e-04,-2.824930e-02
109,1.090000,2.222563e-01,-2.031397e+01,-6.704694e+00,-9.610579e+00,-2.868811e+00,-1.999308e+01,-2.117520e+01,-1.016431e+01,6.910919e+00,-2.413053e+01,-9.503924e+00,1.822374e+00,-2.025080e+01,-2.465829e+01,5.972580e-02,-1.592258e+01,-2.151075e+00,-1.213892e+00,-1.223926e+00,-2.033354e+00,-1.046712e+00,2.785269e-01,-1.357193e+00,-1.063172e+00,3.356620e-01,5.067000e-01,8.461855e-01,1.237572e+00,1.410928e+00,1.482475e+00,1.738472e+00,2.375838e+00,2.243619e+02,8.208905e-01,1.195037e-02,-1.849241e+00,-1.378284e+00,5.270187e+00,3.876814e+00,-4.078270e+00,-9.546434e-01,3.475692e+00,-6.893573e+00,-4.187097e+00,3.347769e+00,-4.894277e-01,2.328804e-01,-6.056187e-01,-8.048223e-01,-2.513880e+00,2.202773e-02,-2.265442e-01,-6.165760e-01,-6.420984e-01,-8.129643e-01,-2.597110e-01,1.854054e-01,-6.778230e-02,-3.540020e-02,-2.595064e-02,-2.993733e-02,2.489489e-02,3.656051e-02,3.019049e-02,-7.459772e-03,-5.810206e-02,-9.025818e-01,-9.021729e-03,2.220448e+02,5.452533e-03,3.681384e-03,5.766976e-02,-1.741573e+00,1.468402e-03,1.514777e-03,-1.404234e-02
110,1.100000,2.364653e-01,-2.237242e+01,-7.801746e+00,-3.958855e+00,1.806978e+00,-2.430449e+01,-2.240071e+01,-3.520305e+00,-3.977827e-01,-2.616451e+01,-4.728971e+00,-1.455174e+00,-1.849695e+01,-2.459849e+01,-1.790360e+00,-1.750616e+01,-2.141499e+00,-1.508437e+00,-1.785298e+00,-2.746448e+00,-2.010071e+00,-3.136619e-02,-1.113770e+00,-1.300243e+00,2.954155e-01,4.582400e-01,7.827158e-01,1.233520e+00,1.434437e+00,1.502623e+00,1.671766e+00,2.144600e+00,2.233005e+02,8.127201e-01,1.170220e-02,-2.004451e+00,-1.181472e+00,5.201616e+00,3.072947e+00,-2.979122e+00,6.657856e-01,4.228598e+00,-7.779628e+00,-2.385581e+00,2.792202e+00,-3.974253e+00,2.230824e+00,2.084843e-01,-1.119707e+00,-8.373726e-01,-8.601427e-04,-3.170564e-01,-5.889992e-01,-5.819575e-01,-9.234381e-01,-4.186594e-01,1.767107e-01,-1.672127e-01,-3.165891e-02,-2.232452e-02,-2.577859e-02,2.382562e-02,3.493268e-02,3.542663e-02,3.221200e-02,-4.484036e-02,-1.162999e+00,-9.844285e-03,2.201162e+02,6.367041e-03,5.189004e-03,5.707408e-02,-1.944261e+00,1.154741e-03,1.490807e-03,8.266973e-03
111,1.110000,2.730108e-01,-2.473831e+01,-9.086208e+00,1.521409e+00,3.320573e+00,-2.703527e+01,-2.144747e+01,1.388499e+00,-1.011348e+01,-2.803574e+01,-4.754444e+00,-1.026966e+01,-1.376583e+01,-2.408929e+01,-1.308560e+00,-1.684863e+01,-2.175879e+00,-1.903224e+00,-2.410222e+00,-3.353394e+00,-3.122028e+00,-6.938022e-01,-9.530296e-01,-1.596996e+00,2.713039e-01,4.459841e-01,7.548928e-01,1.266127e+00,1.467059e+00,1.541162e+00,1.784436e+00,2.211006e+00,2.219979e+02,8.018000e-01,3.323114e-02,-1.793165e+00,-7.110838e-01,3.959664e+00,1.913427e+00,-1.331806e+00,2.645792e+00,3.731291e+00,-6.514806e+00,-1.019837e+00,2.554046e+00,-4.659840e+00,2.834863e+00,3.365126e-01,-1.889556e+00,1.994371e-01,-1.738024e-02,-3.447635e-01,-4.871934e-01,-3.868557e-01,-8.220531e-01,-4.442271e-01,1.092388e-01,-1.821874e-01,-2.307215e-02,-7.388449e-03,-1.935619e-03,2.430635e-02,3.931681e-02,3.789667e-02,1.016191e-01,8.097611e-02,-1.390744e+00,-1.023914e-02,2.180903e+02,7.044750e-03,6.838708e-03,8.647116e-02,-2.073987e+00,5.194399e-04,9.096294e-04,1.100229e-02
112,1.120000,2.845912e-01,-2.640366e+01,-9.637151e+00,5.415335e+00,5.010540e+00,-2.652028e+01,-1.655551e+01,3.587611e+00,-1.665924e+01,-2.794086e+01,-5.385456e-01,-1.395812e+01,-1.155088e+01,-2.402177e+01,-4.026021e+00,-1.465446e+01,-2.190624e+00,-2.245871e+00,-2.901734e+00,-3.635061e+00,-3.938527e+00,-1.142681e+00,-8.783246e-01,-1.725406e+00,2.500971e-01,4.462569e-01,7.969397e-01,1.302596e+00,1.523153e+00,1.595684e+00,1.972707e+00,2.377256e+00,2.205013e+02,7.898532e-01,2.851055e-02,-1.438511e+00,-1.040541e-01,2.047698e+00,1.018843e+00,7.241646e-01,4.056030e+00,2.845698e+00,-3.340811e+00,-1.590958e-02,1.816960e+00,-2.843729e+00,2.169520e+00,-7.474121e-01,-2.102320e+00,-1.956253e-01,-2.430892e-02,-3.724330e-01,-3.490256e-01,-1.501069e-01,-5.216817e-01,-3.758975e-01,-2.871971e-02,-1.601196e-01,-1.702455e-02,1.077451e-02,1.342142e-02,1.694564e-02,2.950669e-02,3.081083e-02,8.352524e-02,1.331650e-01,-1.645619e+00,-9.948963e-03,2.160114e+02,6.907757e-03,6.749446e-03,9.251878e-02,-2.410254e+00,5.781093e-04,6.649439e-04,1.895072e-02
113,1.130000,3.643490e-01,-2.726418e+01,-9.342411e+00,5.500645e+00,5.096542e+00,-2.554421e+01,-1.086884e+01,4.938189e+00,-1.753238e+01,-2.834154e+01,1.171092e+00,-1.522535e+01,-9.549521e+00,-2.326408e+01,-8.270222e+00,-1.635124e+01,-2.213414e+00,-2.568993e+00,-3.101675e+00,-3.523326e+00,-4.192749e+00,-1.386951e+00,-9.287218e-01,-1.761528e+00,2.429605e-01,4.757494e-01,8.293955e-01,1.324565e+00,1.563154e+00,1.625428e+00,2.096097e+00,2.664391e+00,2.188078e+02,7.811282e-01,9.698221e-03,-1.300987e+00,6.755640e-01,3.055212e-01,-2.395763e-01,3.057920e+00,4.104997e+00,2.288165e+00,7.779757e-01,9.639967e-01,3.985533e-01,-4.264225e-01,1.264189e+00,-1.867183e+00,-1.777839e+00,-1.469655e+00,-4.108167e-02,-4.061272e-01,-1.978907e-01,2.419262e-02,-2.057724e-01,-3.452461e-01,-2.662620e-01,-2.005397e-01,-1.448241e-02,2.167097e-02,1.522487e-03,-9.633851e-03,5.513596e-03,7.875359e-03,2.076583e-02,9.414999e-02,-1.936441e+00,-7.232922e-03,2.137272e+02,7.779374e-03,7.449310e-03,9.495884e-02,-2.808916e+00,-5.752742e-05,3.934959e-04,2.435040e-02
114,1.140000,3.333490e-01,-2.830204e+01,-8.193915e+00,4.290018e+00,6.013208e+00,-2.142919e+01,-7.409877e+00,8.933338e+00,-1.339239e+01,-2.609115e+01,1.393061e+00,-1.319597e+01,-9.757508e+00,-2.874816e+01,-8.821132e+00,-1.873298e+01,-2.244276e+00,-3.037718e+00,-3.184700e+00,-3.412017e+00,-4.083118e+00,-1.564279e+00,-1.269523e+00,-2.018575e+00,2.244645e-01,4.972299e-01,8.125715e-01,1.289029e+00,1.533923e+00,1.614544e+00,1.933562e+00,2.583733e+00,2.166675e+02,7.733111e-01,-1.349570e-02,-1.533506e+00,1.277348e+00,-9.763837e-02,-1.688260e+00,5.148245e+00,2.854028e+00,5.501659e-01,3.411004e+00,1.858755e+00,-1.386666e+00,3.208922e-01,1.162453e+00,-2.952263e+00,-2.571088e-01,-2.592741e+00,-4.932811e-02,-3.935700e-01,-1.505899e-01,1.535974e-02,-3.383789e-02,-4.759056e-01,-5.345256e-01,-2.757007e-01,-1.385258e-02,1.709148e-02,-1.552697e-02,-3.466841e-02,-2.339807e-02,-1.291484e-02,-4.360887e-02,2.708199e-02,-2.217700e+00,-3.521454e-03,2.102465e+02,8.890275e-03,8.208423e-03,1.475839e-01,-3.061458e+00,1.354155e-03,1.932157e-03,3.189480e-02
115,1.150000,2.971230e-01,-3.029405e+01,-6.430006e+00,3.611673e+00,1.621357e+00,-1.429121e+01,-5.495292e+00,1.015646e+01,-7.857026e+00,-2.414061e+01,-3.727481e+00,-1.278285e+01,-8.341566e+00,-3.106202e+01,-7.800199e+00,-2.215764e+01,-2.354461e+00,-3.537936e+00,-3.258193e+00,-3.343953e+00,-4.078595e+00,-2.209234e+00,-2.088740e+00,-2.453110e+00,2.117081e-01,5.288524e-01,7.546893e-01,1.224741e+00,1.489242e+00,1.571108e+00,1.907838e+00,2.578518e+00,2.142327e+02,7.739064e-01,-2.997800e-02,-1.708242e+00,1.695194e+00,6.906793e-01,-3.224458e+00,6.050810e+00,1.553318e+00,-1.711603e+00,3.892186e+00,2.146624e+00,-2.026547e+00,9.652214e-02,1.300994e+00,-2.410838e+00,8.630396e-01,-1.732350e+00,-4.203062e-02,-2.834604e-01,-1.264453e-01,-6.769617e-02,-5.313988e-02,-6.443410e-01,-7.087381e-01,-3.091974e-01,-1.155650e-02,2.257097e-03,-1.982393e-02,-5.063700e-02,-3.563813e-02,-2.133986e-02,-3.743671e-02,-7.958436e-03,-2.392129e+00,1.121819e-04,2.069282e+02,5.765854e-03,8.076699e-03,1.806906e-01,-2.915434e+00,1.705197e-03,3.990727e-03,1.817367e-02
116,1.160000,2.507257e-01,-3.255625e+01,-4.706615e+00,5.871629e+00,-1.693166e+00,-6.405553e+00,-4.972141e+00,3.729304e+00,-4.441898e+00,-2.074755e+01,-5.022589e+00,-1.357491e+01,-6.342592e+00,-3.488412e+01,-5.546577e+00,-2.471497e+01,-2.366741e+00,-3.729249e+00,-3.576425e+00,-3.647948e+00,-4.164794e+00,-3.111068e+00,-2.970943e+00,-2.758118e+00,1.964603e-01,5.051628e-01,7.566579e-01,1.179166e+00,1.443119e+00,1.558270e+00,1.848792e+00,2.555602e+00,2.117004e+02,7.758568e-01,-4.216033e-03,-1.338254e+00,1.647096e+00,1.514649e+00,-3.660721e+00,4.693501e+00,1.279423e+00,-3.909939e+00,2.175853e+00,2.206693e+00,-1.066609e+00,-3.295817e-01,1.249530e+00,-1.168880e+00,1.399084e+00,-2.443951e-01,-8.858467e-03,-8.845844e-02,-9.465124e-02,-1.024225e-01,-9.865675e-02,-6.748260e-01,-5.911536e-01,-2.063790e-01,-6.857418e-03,-1.190191e-02,-1.175003e-02,-5.801740e-02,-3.348715e-02,-1.724689e-02,-1.842096e-02,1.224093e-02,-2.432977e+00,2.300119e-03,2.041037e+02,1.468529e-02,1.609653e-02,2.091269e-01,-2.555516e+00,2.296064e-03,4.507492e-03,-8.896848e-03
117,1.170000,2.557707e-01,-3.367828e+01,-2.610094e+00,8.163236e+00,-7.172562e+00,-2.801984e+00,-4.321116e+00,-1.017810e+00,-2.546698e+00,-2.028023e+01,-5.753819e+00,-1.455327e+01,-4.752008e+00,-3.225029e+01,-5.592301e+00,-2.202200e+01,-2.362334e+00,-3.640529e+00,-3.538039e+00,-3.743841e+00,-4.417611e+00,-3.835262e+00,-3.621702e+00,-2.937743e+00,1.991800e-01,4.830684e-01,7.582327e-01,1.126312e+00,1.430365e+00,1.546866e+00,1.951298e+00,2.638664e+00,2.093307e+02,7.804163e-01,1.540095e-02,-5.659943e-01,1.136765e+00,1.448703e+00,-2.438762e+00,2.150109e+00,1.346329e+00,-3.652787e+00,-1.837046e-01,2.608905e+00,1.187720e+00,6.602516e-02,-2.365046e-01,-3.477993e-01,1.690799e+00,1.217392e+00,7.686806e-03,6.728292e-02,-2.452512e-02,-5.630956e-02,-6.252780e-02,-4.593723e-01,-2.688810e-01,-6.921311e-02,-2.290464e-03,-1.658596e-02,1.007360e-03,-5.362202e-02,-1.717546e-02,-5.805671e-03,-9.690809e-03,2.012410e-02,-2.434375e+00,6.423831e-04,2.022215e+02,1.340785e-02,2.345889e-02,1.550557e-01,-2.438556e+00,4.522215e-04,2.016101e-03,-3.356227e-02
118,1.180000,3.329450e-01,-3.330119e+01,-1.868392e+00,9.587480e+00,-7.893436e+00,-3.706305e+00,-1.599850e+00,-5.029222e+00,-5.168286e+00,-1.698787e+01,-2.926813e+00,-1.395867e+01,-5.304636e+00,-3.399842e+01,-2.929661e+00,-2.002278e+01,-2.284631e+00,-3.428714e+00,-3.518033e+00,-3.724185e+00,-4.406894e+00,-4.125395e+00,-3.458810e+00,-2.808153e+00,1.964414e-01,4.606124e-01,7.520497e-01,1.048157e+00,1.395926e+00,1.540431e+00,1.819727e+00,2.614865e+00,2.069536e+02,7.815568e-01,2.720466e-02,2.835998e-02,2.726658e-01,3.576867e-01,-8.628132e-01,8.040549e-01,2.255562e+00,-1.779547e+00,-1.539075e+00,2.679053e+00,2.613469e+00,3.208939e-01,-1.732728e+00,1.983971e-01,1.268372e+00,1.250468e+00,-1.407874e-02,2.778995e-02,-5.815101e-03,5.974531e-02,4.321122e-02,-1.782560e-01,1.590014e-02,3.050551e-02,-4.554540e-05,-3.121760e-03,9.850645e-03,-3.868048e-02,1.874495e-03,3.236342e-03,9.183240e-03,2.163179e-02,-2.440326e+00,-6.454110e-04,1.998223e+02,1.654960e-02,2.305479e-02,1.159171e-01,-2.458197e+00,5.805954e-04,-4.984542e-04,-3.516138e-02
119,1.190000,3.330181e-01,-3.275155e+01,-2.165292e+00,8.997262e+00,-7.472316e+00,-4.890294e+00,-4.497904e-01,-3.728210e+00,-8.412354e+00,-1.297592e+01,1.163233e+00,-1.226084e+01,-1.004307e+01,-3.324387e+01,-6.546617e-01,-1.841678e+01,-2.357082e+00,-3.351789e+00,-3.410014e+00,-3.587383e+00,-4.270184e+00,-3.998932e+00,-3.189212e+00,-2.774158e+00,2.002652e-01,4.681978e-01,7.620302e-01,1.022136e+00,1.426961e+00,1.550999e+00,1.873916e+00,2.649508e+00,2.044342e+02,7.742683e-01,1.104394e-02,1.841980e-01,-2.435039e-01,-7.470514e-01,3.461562e-01,7.335410e-01,2.687390e+00,-4.735280e-01,-1.866298e+00,2.622669e+00,3.154347e+00,2.033257e-01,-2.639301e+00,6.441177e-01,1.023871e+00,6.728035e-01,-4.667101e-02,-5.898652e-02,-2.699873e-02,1.272992e-01,1.695990e-01,-1.955628e-03,1.030874e-01,3.400845e-02,5.012706e-04,9.163273e-03,1.753781e-02,-1.980735e-02,1.616250e-02,1.092743e-02,1.461859e-02,1.346097e-02,-2.431769e+00,1.827717e-03,1.968761e+02,7.094809e-03,1.467808e-02,5.948421e-02,-2.406088e+00,1.515113e-03,4.723329e-04,-1.939410e-02
120,1.200000,3.481253e-01,-3.287782e+01,-3.565687e+00,7.243050e+00,-5.857355e+00,-1.341124e+00,4.370006e+00,-3.813231e+00,-9.204443e+00,-1.100444e+01,4.586228e+00,-1.311666e+01,-1.236070e+01,-3.339535e+01,-1.673539e+00,-2.026524e+01,-2.439761e+00,-3.734669e+00,-3.669513e+00,-3.427451e+00,-4.022451e+00,-3.920513e+00,-3.107688e+00,-2.687383e+00,1.956900e-01,4.969893e-01,8.040124e-01,1.037852e+00,1.454193e+00,1.572385e+00,1.933399e+00,2.658339e+00,2.019470e+02,7.757037e-01,-2.112156e-03,4.120033e-01,-7.623818e-02,-1.964816e+00,-1.199543e+00,1.453955e+00,3.016459e+00,-4.932127e-01,-2.878212e-01,1.505899e+00,1.921876e+00,-7.605104e-01,-1.877232e+00,1.515774e+00,7.376177e-01,8.670365e-01,-9.145725e-02,-5.973627e-02,1.008537e-01,2.898652e-01,3.187047e-01,2.269835e-02,-2.601170e-03,3.597722e-02,1.078169e-02,2.193431e-02,1.914540e-02,-5.731165e-03,9.820270e-03,1.174986e-02,5.578976e-02,1.904252e-02,-2.329716e+00,8.184761e-03,1.944853e+02,2.074479e-02,1.799467e-02,8.110572e-02,-2.023564e+00,8.675322e-03,5.666172e-03,1.028479e-02
121,1.210000,3.034002e-01,-3.296898e+01,-2.978966e+00,5.600194e+00,-6.459821e+00,-3.168692e-01,6.130906e+00,-3.993445e+00,-9.860110e+00,-1.015860e+01,6.261395e+00,-1.395765e+01,-1.442048e+01,-2.933124e+01,-1.101009e+00,-1.853675e+01,-2.518125e+00,-3.782484e+00,-3.597293e+00,-3.255712e+00,-3.761837e+00,-3.947481e+00,-3.281826e+00,-2.828086e+00,2.020621e-01,5.106964e-01,8.199404e-01,1.032428e+00,1.482044e+00,1.585526e+00,1.967555e+00,2.684231e+00,1.996751e+02,7.924814e-01,3.114644e-03,1.051600e+00,4.952135e-01,-3.235100e+00,-3.801669e+00,1.029454e+00,2.395145e+00,-1.941248e+00,7.402700e-01,1.469668e+00,9.560989e-01,-2.351889e+00,-5.514223e-01,2.611658e+00,1.245667e+00,1.078129e+00,-1.370399e-01,1.452037e-01,3.697975e-01,5.005302e-01,5.461932e-01,3.544879e-03,-5.486798e-02,7.067313e-02,2.917115e-02,2.087775e-02,1.080260e-02,-1.439244e-02,-2.889205e-02,8.805275e-04,1.847757e-02,-2.131481e-02,-2.130847e+00,1.430871e-02,1.928595e+02,1.888582e-02,2.835062e-02,7.549086e-02,-1.534225e+00,1.711531e-02,9.650470e-03,3.541690e-02
122,1.220000,3.371931e-01,-3.113246e+01,-1.842746e+00,1.461933e+00,-1.439740e+01,1.276760e+00,1.019210e+01,-7.362667e+00,-5.883514e+00,-1.086704e+01,4.133483e+00,-1.691282e+01,-1.250209e+01,-2.837586e+01,9.816012e-01,-1.562761e+01,-2.661396e+00,-3.512048e+00,-2.920125e+00,-2.440695e+00,-3.067544e+00,-4.037628e+00,-3.425509e+00,-2.601303e+00,2.494515e-01,5.490347e-01,8.188216e-01,1.014355e+00,1.417486e+00,1.581916e+00,2.051856e+00,2.692715e+00,1.976845e+02,8.133740e-01,5.103999e-03,1.925809e+00,9.098309e-01,-4.877643e+00,-5.631606e+00,-4.163014e-02,9.222202e-01,-2.692917e+00,7.757611e-01,2.901859e+00,5.156716e-01,-4.015019e+00,8.089843e-01,3.683849e+00,1.708287e+00,1.476958e+00,-1.949797e-01,3.940738e-01,6.657766e-01,7.090474e-01,8.041581e-01,8.923607e-02,3.024709e-02,9.503760e-02,5.235003e-02,1.982158e-02,8.276755e-03,-2.074668e-02,-5.701030e-02,4.966498e-04,1.428442e-02,-4.151060e-02,-1.892535e+00,1.370012e-02,1.917128e+02,5.403071e-02,4.454938e-02,1.593377e-01,-1.177597e+00,1.653099e-02,9.510838e-03,4.313111e-02
123,1.230000,3.540574e-01,-2.836623e+01,-5.506948e-01,-4.287681e+00,-2.221064e+01,-1.051967e+00,8.614890e+00,-1.165973e+01,-6.371469e+00,-5.696278e+00,6.170100e+00,-2.212221e+01,-1.272949e+01,-2.269532e+01,4.246101e+00,-1.534494e+01,-2.931463e+00,-2.737082e+00,-1.935721e+00,-1.578110e+00,-2.016671e+00,-3.922650e+00,-3.304641e+00,-2.463832e+00,3.192402e-01,5.465639e-01,8.086386e-01,9.619219e-01,1.300855e+00,1.550636e+00,1.907076e+00,2.525745e+00,1.959112e+02,8.269767e-01,8.431539e-03,2.325459e+00,4.437260e-01,-6.035823e+00,-4.684957e+00,4.806233e-03,4.078441e-02,-2.469985e+00,1.015380e-01,4.384740e+00,2.160181e-01,-4.968997e+00,1.395732e+00,4.589787e+00,6.005848e-01,1.355038e+00,-2.333953e-01,4.088283e-01,6.811488e-01,7.606202e-01,9.531320e-01,2.498404e-01,1.785732e-01,9.778657e-02,6.332524e-02,2.291443e-02,1.701961e-02,-1.103443e-02,-6.241716e-02,8.656502e-03,1.305852e-02,-4.750504e-02,-1.627692e+00,7.568938e-03,1.905913e+02,7.602841e-02,4.965307e-02,1.974527e-01,-8.331650e-01,6.103939e-03,2.896073e-03,2.707038e-02
124,1.240000,3.483167e-01,-2.555015e+01,-2.306684e-01,-1.220123e+01,-2.613998e+01,-1.181726e+00,7.739115e+00,-1.344467e+01,-7.069958e+00,1.273696e+00,7.210234e+00,-2.910947e+01,-9.161277e+00,-1.829407e+01,4.194339e+00,-1.447635e+01,-3.207990e+00,-2.287001e+00,-1.171416e+00,-7.210152e-01,-8.742434e-01,-3.486748e+00,-2.945045e+00,-2.394322e+00,3.988511e-01,5.781634e-01,8.510470e-01,9.693711e-01,1.259736e+00,1.592313e+00,2.035061e+00,2.530029e+00,1.943663e+02,8.269567e-01,-7.118621e-03,1.997724e+00,-2.011276e-01,-5.843465e+00,-1.421483e+00,5.413911e-01,-5.551457e-02,-1.288565e+00,-1.347656e+00,4.790633e+00,2.046025e-01,-3.948270e+00,1.907380e+00,5.066441e+00,-1.190132e+00,1.595739e+00,-2.102129e-01,2.369364e-01,4.469330e-01,6.172334e-01,8.659954e-01,3.743814e-01,3.008969e-01,3.372755e-02,5.588238e-02,3.102850e-02,2.980521e-02,1.069386e-02,-1.649007e-02,3.958800e-02,5.221683e-02,1.735640e-03,-1.296460e+00,1.694512e-03,1.897314e+02,7.482845e-02,5.489763e-02,2.357804e-01,-3.027802e-01,-1.405520e-02,-6.060719e-03,-1.169655e-02
125,1.250000,3.399961e-01,-2.413284e+01,-1.566375e+00,-1.774734e+01,-2.401332e+01,9.364047e-01,7.561320e+00,-1.330237e+01,-8.759198e+00,5.694735e+00,5.803110e+00,-3.270430e+01,-9.112224e+00,-1.142320e+01,2.955461e-01,-1.233719e+01,-3.411804e+00,-2.350866e+00,-1.065904e+00,-3.124507e-01,-9.282693e-02,-2.973719e+00,-2.629192e+00,-2.442643e+00,4.439885e-01,6.107041e-01,8.889257e-01,9.997475e-01,1.248833e+00,1.623610e+00,2.041245e+00,2.528049e+00,1.931958e+02,8.235348e-01,-9.462411e-03,1.355838e+00,-7.626793e-01,-4.393093e+00,7.550508e-01,1.848818e+00,8.478937e-01,-6.753114e-01,-9.713211e-01,2.774148e+00,-7.414676e-01,-1.813198e+00,2.464374e+00,3.624083e+00,-2.491638e+00,2.350248e+00,-1.445095e-01,4.641748e-03,1.724429e-01,4.229680e-01,6.164196e-01,3.740041e-01,2.743460e-01,3.768654e-02,3.738407e-02,3.530210e-02,3.254675e-02,2.545987e-02,1.134660e-02,4.024308e-02,8.205972e-02,5.124135e-02,-8.643051e-01,-2.088714e-03,1.896843e+02,3.900664e-02,3.765685e-02,1.726215e-01,4.321533e-01,-2.147171e-02,-1.232591e-02,-3.712905e-02
126,1.260000,3.086307e-01,-2.326054e+01,-2.340544e+00,-2.102556e+01,-2.060348e+01,2.989530e+00,1.044131e+01,-1.298417e+01,-1.142793e+01,7.390617e+00,5.339991e+00,-3.136312e+01,-4.773821e+00,-8.679719e+00,-2.993781e+00,-9.152797e+00,-3.472290e+00,-2.520473e+00,-1.120368e+00,1.264281e-02,3.005108e-01,-2.640187e+00,-2.258749e+00,-2.443260e+00,4.664892e-01,6.721070e-01,9.277041e-01,1.048912e+00,1.361046e+00,1.743369e+00,2.245856e+00,2.700242e+00,1.925599e+02,8.235676e-01,-1.691835e-02,6.880455e-01,-7.621104e-01,-2.494879e+00,1.225953e+00,1.920305e+00,1.138812e+00,-1.136270e+00,-7.806104e-01,5.125076e-01,-1.198950e+00,7.798945e-01,2.657707e+00,1.276369e+00,-1.940764e+00,1.930783e+00,-8.499734e-02,-8.697800e-02,-1.132488e-04,2.399962e-01,3.200169e-01,2.630233e-01,1.669542e-01,4.807315e-02,1.780298e-02,2.772437e-02,1.963556e-02,1.945269e-02,1.111380e-02,9.375656e-03,4.365454e-02,4.866721e-02,-3.664505e-01,-1.995289e-03,1.906523e+02,2.265579e-03,2.024390e-02,1.132706e-01,1.127121e+00,-1.650746e-02,-1.298013e-02,-4.511766e-02
127,1.270000,3.265884e-01,-2.273184e+01,-3.309154e+00,-2.184098e+01,-2.120363e+01,6.106496e+00,1.150326e+01,-1.526654e+01,-9.049088e+00,5.115999e+00,3.397883e+00,-3.006138e+01,-2.601344e+00,-9.382076e+00,-4.618028e+00,-6.255483e+00,-3.521861e+00,-2.597137e+00,-1.099030e+00,1.699011e-01,4.780495e-01,-2.475910e+00,-2.276059e+00,-2.250931e+00,4.723415e-01,6.761026e-01,9.330438e-01,1.049451e+00,1.306933e+00,1.676323e+00,2.211977e+00,2.696846e+00,1.924929e+02,8.182277e-01,-2.572539e-03,3.351561e-01,-3.915195e-01,-7.766020e-01,5.972614e-01,1.316578e+00,4.848533e-01,-1.683527e+00,1.307282e-01,-9.094345e-01,-1.109871e+00,2.600154e+00,2.955692e+00,-1.373681e+00,-6.887268e-01,1.028260e+00,-2.631276e-02,-4.414373e-02,-5.105340e-02,9.684904e-02,6.822018e-02,1.519734e-01,5.495217e-02,7.310643e-02,9.189934e-04,1.065828e-02,2.478558e-03,1.309049e-03,-1.556371e-02,-4.022134e-02,-1.372473e-02,2.531488e-02,1.236115e-01,-2.920854e-03,1.922916e+02,4.951320e-03,5.350389e-03,7.306234e-02,1.593800e+00,-4.944371e-03,-7.386195e-03,-2.957321e-02
128,1.280000,2.704288e-01,-2.281042e+01,-3.169832e+00,-2.262880e+01,-2.141506e+01,5.834754e+00,1.146220e+01,-1.814394e+01,-1.082806e+01,4.125601e+00,2.418099e+00,-2.653146e+01,8.718197e-01,-1.293278e+01,-3.052694e+00,-7.863293e+00,-3.577948e+00,-2.598756e+00,-1.155419e+00,2.377896e-01,4.404027e-01,-2.420536e+00,-2.286840e+00,-2.249813e+00,4.736894e-01,6.840861e-01,9.271658e-01,1.041783e+00,1.286255e+00,1.612835e+00,2.167968e+00,2.688967e+00,1.928855e+02,8.196338e-01,2.055066e-02,-7.292976e-02,-1.276959e-01,5.277759e-01,2.152889e-01,4.498312e-01,-9.511925e-01,-1.521746e+00,1.122834e+00,-1.513025e+00,-1.292430e+00,3.204785e+00,1.921907e+00,-1.995776e+00,-9.718657e-03,5.742588e-02,-4.353142e-03,-1.937144e-02,-1.011220e-01,-8.124093e-02,-1.400899e-01,6.472423e-02,-6.995199e-02,4.476383e-02,-1.081691e-02,-5.995095e-03,-1.222992e-02,-9.772992e-03,-3.644732e-02,-7.302395e-02,-8.433616e-02,-1.448836e-02,5.588867e-01,-4.011989e-03,1.940634e+02,9.318814e-03,6.150214e-03,5.997163e-02,1.864726e+00,2.274325e-03,-2.309073e-03,-1.196814e-02
129,1.290000,3.462343e-01,-2.268212e+01,-3.109329e+00,-2.082873e+01,-2.062122e+01,6.096684e+00,9.475140e+00,-1.914012e+01,-8.405490e+00,2.780071e+00,1.714699e+00,-2.211936e+01,2.843414e+00,-1.616507e+01,-3.118631e+00,-7.840644e+00,-3.490539e+00,-2.532443e+00,-1.303645e+00,5.922102e-02,1.783280e-01,-2.323677e+00,-2.340386e+00,-2.173835e+00,4.449833e-01,6.580060e-01,9.015877e-01,1.009857e+00,1.208410e+00,1.487771e+00,2.011565e+00,2.660261e+00,1.936511e+02,8.108974e-01,1.975576e-02,-4.701977e-01,-1.240933e-02,1.725225e+00,7.596163e-01,-4.588684e-01,-2.081604e+00,3.951477e-01,1.161459e+00,-1.051293e+00,-1.006447e+00,2.270765e+00,1.363189e+00,-1.526493e+00,3.270760e-01,-2.544301e-01,2.035627e-02,-4.099314e-02,-1.544250e-01,-2.736046e-01,-3.282302e-01,-1.722388e-02,-8.747844e-02,-2.782021e-02,-2.318173e-02,-1.626512e-02,-1.996601e-02,-9.900773e-03,-2.456632e-02,-5.847282e-02,-1.066672e-01,-2.115021e-02,9.485016e-01,-6.970102e-03,1.959478e+02,1.075817e-02,7.772719e-03,5.140492e-02,2.117360e+00,1.061180e-03,3.317787e-04,6.887339e-04
130,1.300000,4.015610e-01,-2.365005e+01,-3.078936e+00,-1.889281e+01,-1.981824e+01,5.243592e+00,6.699410e+00,-1.865611e+01,-6.135557e+00,9.934557e-01,-2.805668e-01,-1.931020e+01,2.113338e+00,-1.526710e+01,-3.792073e+00,-8.073087e+00,-3.509717e+00,-2.649678e+00,-1.523671e+00,-3.382218e-01,-2.500781e-01,-2.392682e+00,-2.576346e+00,-2.257989e+00,4.260838e-01,6.511799e-01,8.822826e-01,1.019844e+00,1.228071e+00,1.472526e+00,1.924380e+00,2.646092e+00,1.947753e+02,8.071728e-01,-5.466387e-03,-1.027790e+00,-3.801865e-01,2.864574e+00,1.112606e+00,-1.350485e+00,-2.383420e+00,2.344173e+00,1.578818e+00,-2.501201e-01,-2.101199e+00,-7.812634e-01,3.100157e-01,-1.350951e+00,-1.452044e-01,3.205448e-01,2.094564e-02,-1.312224e-01,-1.677472e-01,-4.976994e-01,-4.919499e-01,-1.294443e-01,-6.810765e-02,-7.178776e-02,-2.873159e-02,-2.706039e-02,-2.786567e-02,-3.145444e-03,-2.059143e-02,-3.919746e-02,-1.136393e-01,-5.952792e-02,1.274928e+00,-1.008477e-02,1.981479e+02,1.073378e-02,7.487364e-03,6.425860e-02,2.254219e+00,2.422042e-04,-3.893409e-04,9.798381e-03
131,1.310000,3.598011e-01,-2.466302e+01,-3.416648e+00,-1.508285e+01,-1.820396e+01,4.107735e+00,3.476635e+00,-1.303471e+01,-5.588049e+00,1.425609e+00,-2.850190e-01,-2.231818e+01,3.593841e+00,-1.584738e+01,-2.612959e+00,-7.422737e+00,-3.454195e+00,-2.776642e+00,-1.687029e+00,-9.101160e-01,-8.178611e-01,-2.575957e+00,-2.568699e+00,-2.385944e+00,3.802357e-01,6.112301e-01,8.556554e-01,1.010917e+00,1.213193e+00,1.454114e+00,1.800434e+00,2.612532e+00,1.962905e+02,7.896077e-01,-5.512955e-02,-1.531257e+00,-8.370954e-01,4.073983e+00,1.823438e+00,-2.687856e+00,-2.234828e+00,4.053266e+00,1.599876e+00,6.480232e-01,-2.939015e+00,-3.203640e+00,3.858688e-01,-2.648551e+00,-1.343712e+00,-2.748803e-01,4.642887e-02,-2.049829e-01,-1.975518e-01,-6.892885e-01,-6.384270e-01,-2.287636e-01,1.669579e-02,-8.747683e-02,-3.197732e-02,-3.365903e-02,-3.153104e-02,1.093781e-02,-3.736877e-03,-8.589173e-03,-7.329001e-02,-7.161536e-02,1.464209e+00,-1.390352e-02,2.008362e+02,9.549736e-03,6.340707e-03,7.436252e-02,2.032036e+00,7.868748e-04,-7.222770e-04,1.138140e-02
132,1.320000,2.363135e-01,-2.695892e+01,-4.917104e+00,-1.117887e+01,-1.706066e+01,7.680193e-02,2.544359e+00,-9.475774e+00,-4.342697e+00,3.552232e+00,-7.088037e+00,-3.033837e+01,2.046685e+00,-1.984638e+01,-4.031553e+00,-6.469523e+00,-3.491392e+00,-3.132769e+00,-1.802463e+00,-1.766039e+00,-1.521253e+00,-2.941618e+00,-2.513222e+00,-2.502697e+00,3.624053e-01,5.721721e-01,8.108036e-01,1.025526e+00,1.180907e+00,1.433676e+00,1.705337e+00,2.415192e+00,1.979404e+02,7.798548e-01,-6.873790e-02,-1.773422e+00,-1.141772e+00,4.789587e+00,2.499386e+00,-3.845814e+00,-1.843532e+00,3.671996e+00,2.075748e+00,1.220811e+00,-4.178162e+00,-3.398951e+00,6.849379e-01,-4.179512e+00,-3.751698e+00,-9.813984e-01,8.501644e-02,-2.066966e-01,-2.479960e-01,-7.915214e-01,-6.692042e-01,-2.668391e-01,9.377885e-02,-4.507837e-02,-3.273161e-02,-3.870706e-02,-3.329936e-02,2.082592e-02,-7.425785e-04,1.822472e-04,-4.075663e-02,-9.019391e-02,1.394328e+00,-2.176324e-02,2.028903e+02,1.113405e-02,4.919515e-03,9.748474e-02,-1.218198e+01,3.790230e-04,-6.470458e-04,2.442913e-03
133,1.330000,1.532103e-01,-2.868397e+01,-6.375721e+00,-4.315786e+00,-1.288282e+01,-4.759203e+00,3.785251e-01,-3.463962e+00,-1.302538e+00,4.740799e+00,-9.576641e+00,-3.262348e+01,4.806084e+00,-2.711819e+01,-9.717449e+00,-1.001683e+01,-3.267557e+00,-3.315812e+00,-2.152009e+00,-2.673313e+00,-2.378220e+00,-3.193027e+00,-2.288469e+00,-2.488865e+00,3.169360e-01,5.292147e-01,7.796720e-01,1.061705e+00,1.213308e+00,1.464250e+00,1.754637e+00,2.417634e+00,1.993895e+02,7.550388e-01,-3.814060e-02,-1.809541e+00,-1.110397e+00,4.669700e+00,2.684760e+00,-3.543599e+00,-1.917021e+00,2.258054e+00,2.460156e+00,4.883246e-02,-3.213727e+00,-1.029377e-01,4.956317e-01,-3.011839e+00,-5.218361e+00,-1.983636e+00,4.801142e-02,-1.798274e-01,-3.626685e-01,-7.469660e-01,-6.175855e-01,-2.431057e-01,8.339310e-03,-1.224797e-02,-2.842939e-02,-3.097387e-02,-2.239968e-02,2.922752e-02,1.459568e-02,1.787817e-02,1.571536e-04,-5.496259e-02,1.067572e+00,-3.224090e-02,2.037368e+02,1.449241e-02,5.445258e-03,9.169888e-02,-3.332936e+01,-6.272509e-04,-5.744086e-04,-1.332831e-02
134,1.340000,1.611669e-01,-3.050668e+01,-7.308259e+00,-3.284054e-01,-9.981876e+00,-9.552009e+00,-9.691949e-01,-5.081507e+00,2.100430e+00,5.439919e+00,-1.652556e+01,-3.115231e+01,4.931905e+00,-3.052926e+01,-1.899832e+01,-1.168303e+01,-3.177954e+00,-3.413575e+00,-2.531161e+00,-3.414230e+00,-2.815920e+00,-3.418342e+00,-2.247566e+00,-2.431920e+00,2.940756e-01,4.986522e-01,7.537774e-01,1.098579e+00,1.224301e+00,1.468369e+00,1.743496e+00,2.292572e+00,2.001974e+02,7.156410e-01,-6.472355e-03,-1.699272e+00,-1.385611e+00,3.189196e+00,2.109457e+00,-2.371743e+00,-2.148452e+00,1.005988e+00,2.287075e+00,-1.011601e+00,1.122313e-02,4.612569e+00,5.100350e-01,-4.383312e-01,-3.845201e+00,-1.850640e+00,-2.076777e-01,-1.664301e-01,-4.638802e-01,-5.788444e-01,-4.876669e-01,-1.595461e-01,-9.600048e-02,1.247117e-02,-1.632164e-02,-1.685760e-02,1.352948e-03,2.676052e-02,2.993915e-02,2.635176e-02,1.123059e-03,-1.036184e-02,6.229202e-01,-4.223595e-02,1.357877e+02,1.015756e-02,4.699859e-03,6.780498e-02,-5.417767e+01,-2.985879e-03,-1.170580e-03,-2.641075e-02
135,1.350000,2.066714e-01,-3.193685e+01,-7.773058e+00,2.840414e+00,-8.319553e+00,-8.795853e+00,-4.351693e+00,-3.941577e+00,3.491168e+00,7.259278e-01,-1.163489e+01,-2.242590e+01,4.629389e+00,-2.556514e+01,-2.122138e+01,-1.473416e+01,-3.370857e+00,-3.535375e+00,-3.136023e+00,-3.820850e+00,-3.258455e+00,-3.553123e+00,-2.659830e+00,-2.482572e+00,2.722536e-01,4.931207e-01,7.721701e-01,1.120528e+00,1.264475e+00,1.526158e+00,1.782141e+00,2.399029e+00,2.004999e+02,6.605101e-01,1.070678e-02,-1.643840e+00,-1.945790e+00,1.204418e+00,2.358163e-01,-1.322271e+00,-1.894644e+00,5.878092e-01,1.410824e+00,-2.376166e+00,3.217543e+00,7.271379e+00,8.451012e-01,3.059092e+00,9.656981e-01,2.737458e-01,-5.587356e-01,-2.337308e-01,-4.503930e-01,-3.617225e-01,-4.142550e-01,-1.115849e-01,-1.911469e-01,2.814713e-02,1.061311e-03,2.004990e-03,1.873508e-02,1.925280e-02,3.456013e-02,2.756501e-02,-1.504029e-02,1.599014e-02,2.523147e-01,-8.120339e-02,6.774070e+01,6.901730e-03,3.578492e-03,2.256084e-02,-5.432612e+01,-3.914238e-03,-1.559037e-03,-2.512027e-02
136,1.360000,1.772212e-01,-3.382884e+01,-1.114649e+01,1.189007e+00,-8.795009e+00,-9.763589e+00,-5.832794e+00,-4.207029e+00,4.695823e+00,5.016622e-01,-6.002796e+00,-1.237431e+01,4.685208e+00,-2.281456e+01,-1.750559e+01,-1.336406e+01,-4.478130e+00,-3.855138e+00,-3.629857e+00,-4.086492e+00,-3.519469e+00,-3.559300e+00,-2.807544e+00,-2.443488e+00,3.031383e-01,5.059311e-01,8.213193e-01,1.129917e+00,1.305019e+00,1.534481e+00,1.697200e+00,2.372685e+00,2.004999e+02,6.159394e-01,-1.983832e-03,-1.488198e+00,-2.391505e+00,5.548408e-02,-1.151203e+00,-1.600021e+00,-2.032909e+00,9.147595e-01,9.556366e-01,-2.146051e+00,5.303370e+00,7.236491e+00,1.586843e+00,4.354102e+00,5.953189e+00,2.034196e+00,-7.686434e-01,-2.455457e-01,-3.371964e-01,-2.498410e-01,-4.056534e-01,-7.128660e-02,-1.541761e-01,4.640684e-02,1.326201e-02,8.539665e-03,2.412447e-02,1.362159e-02,3.933109e-02,2.600356e-02,-1.495167e-02,4.216838e-02,6.049500e-02,-8.857880e-02,0,0,0,0,-3.393161e+01,-2.721684e-03,-1.297821e-03,-1.581708e-02
137,1.370000,1.987171e-01,-3.524209e+01,-1.418555e+01,9.475958e-01,-1.229718e+01,-1.126477e+01,-6.662895e+00,-9.621551e-01,4.453887e+00,-4.670903e+00,1.249691e+00,-5.655581e+00,9.154939e+00,-1.568008e+01,-5.635321e+00,-7.807587e+00,-5.411147e+00,-4.263685e+00,-3.854626e+00,-4.145795e+00,-4.097720e+00,-3.680473e+00,-2.964215e+00,-2.342345e+00,3.177112e-01,5.356002e-01,8.395764e-01,1.142300e+00,1.345749e+00,1.569019e+00,1.702583e+00,2.457528e+00,2.004999e+02,3.988726e-01,-1.265286e-02,-1.296112e+00,-2.096344e+00,-2.730790e-01,-1.830406e+00,-2.630306e+00,-1.728360e+00,3.591129e-01,1.205189e+00,-8.495501e-01,4.113599e+00,4.949044e+00,1.998551e+00,4.097337e+00,8.072602e+00,3.201114e+00,-7.136074e-01,-1.891850e-01,-1.616269e-01,-2.290348e-01,-3.677364e-01,-8.351157e-02,-7.312653e-02,5.232861e-02,1.783101e-02,5.550295e-03,1.593338e-02,1.646343e-02,3.471010e-02,1.844202e-02,6.124711e-03,3.181267e-02,0,-6.965322e-02,0,0,0,0,-1.354814e+01,-1.380346e-03,-7.156985e-04,-4.512168e-03
138,1.380000,1.552249e-01,-3.629505e+01,-1.605954e+01,8.954242e-01,-1.374908e+01,-1.631766e+01,-9.978139e+00,-1.997420e+00,6.397253e+00,-2.591922e+00,3.548996e+00,-3.355011e+00,1.060335e+01,-1.370128e+01,2.974598e+00,-4.975339e+00,-6.001026e+00,-4.277149e+00,-3.857842e+00,-4.500963e+00,-4.424555e+00,-3.711101e+00,-2.866255e+00,-2.269999e+00,3.376569e-01,5.201108e-01,8.406966e-01,1.155801e+00,1.380319e+00,1.576957e+00,1.708516e+00,2.474164e+00,2.004999e+02,4.035658e-01,-1.126091e-02,-1.021371e+00,-1.193454e+00,4.504476e-01,-1.134869e+00,-2.488555e+00,-1.716352e+00,-1.661824e-01,1.659985e+00,-2.488377e-02,3.165397e+00,2.399073e+00,8.148742e-01,3.420691e+00,6.787898e+00,2.175486e+00,-4.403014e-01,-8.823709e-02,-8.105409e-02,-2.775338e-01,-3.074548e-01,-8.617394e-02,-6.924336e-02,3.382189e-02,1.285653e-02,-5.809384e-03,8.004481e-03,1.799508e-02,2.945277e-02,1.284626e-02,3.836591e-02,3.259869e-02,0,5.693465e-03,0,0,0,0,0,0,0,0
139,1.390000,1.544053e-01,-3.718431e+01,-1.579826e+01,1.621811e+00,-1.499455e+01,-1.867035e+01,-1.092082e+01,-3.250816e+00,8.666401e+00,-1.975031e+00,4.157208e+00,-2.190336e+00,1.166308e+01,-9.635095e+00,8.901536e+00,-2.922950e+00,-6.177446e+00,-4.270295e+00,-3.830165e+00,-4.758789e+00,-4.644595e+00,-3.894781e+00,-2.996107e+00,-2.307673e+00,3.441494e-01,5.137823e-01,8.421483e-01,1.189903e+00,1.400375e+00,1.597130e+00,1.807106e+00,2.507353e+00,2.004999e+02,4.184308e-01,-6.456128e-03,-8.631714e-01,-5.090615e-01,7.334961e-01,7.743816e-02,-1.492183e+00,-8.329281e-01,-4.554325e-01,1.419676e+00,9.903916e-01,2.600338e+00,9.402955e-01,-2.987110e-01,2.171168e+00,3.468154e+00,2.807474e-01,-2.412007e-01,-4.744063e-02,-1.065756e-01,-2.795368e-01,-2.041828e-01,-7.126441e-02,-7.028089e-02,-7.247472e-03,1.241598e-02,-7.599852e-03,1.537224e-02,1.516848e-02,3.287859e-02,6.830120e-03,7.101043e-02,3.244176e-02,0,7.200216e-02,0,0,0,0,0,0,0,0
140,1.400000,1.430725e-01,-3.796459e+01,-1.630741e+01,3.104138e+00,-1.312067e+01,-1.850357e+01,-1.228559e+01,-3.893610e+00,1.088949e+01,-9.706926e-01,8.370429e+00,-2.111572e+00,7.505510e+00,-8.733600e+00,9.165471e+00,-4.928943e+00,-6.296487e+00,-4.293018e+00,-4.047358e+00,-5.167664e+00,-4.783306e+00,-3.883016e+00,-3.137814e+00,-2.291714e+00,3.542018e-01,4.877932e-01,8.600557e-01,1.196091e+00,1.424970e+00,1.584656e+00,1.836769e+00,2.510766e+00,2.004999e+02,6.346276e-01,1.008615e-03,-6.588200e-01,-5.027638e-02,6.517569e-01,3.392712e-01,-1.169538e-01,5.868112e-01,1.148707e+00,4.625884e-01,4.441269e-01,2.522722e+00,4.999363e-01,-5.786368e-01,1.568938e+00,1.228934e+00,-1.358248e+00,-1.295277e-01,-7.709150e-02,-1.071152e-01,-1.362653e-01,-1.668530e-01,-5.162206e-02,-8.618025e-02,-5.641203e-02,1.124337e-02,1.543033e-03,1.599138e-02,6.932891e-03,3.639177e-02,6.225133e-03,7.889891e-02,3.516016e-02,0,7.149552e-02,0,0,0,0,0,0,0,0
141,1.410000,1.725126e-01,-3.872318e+01,-1.660692e+01,3.510719e+00,-1.222419e+01,-1.763273e+01,-9.673810e+00,-2.291223e+00,9.306146e+00,-5.295594e-01,1.184066e+01,-1.575823e+00,9.210302e+00,-7.308077e+00,8.610012e+00,-6.427048e+00,-6.469419e+00,-4.492954e+00,-4.292746e+00,-5.210128e+00,-4.939258e+00,-3.950837e+00,-3.179839e+00,-2.367725e+00,3.715186e-01,5.137598e-01,9.067581e-01,1.197997e+00,1.487817e+00,1.599320e+00,1.993509e+00,2.601436e+00,2.004999e+02,6.433525e-01,-8.512683e-03,-4.119911e-01,2.334645e-01,-1.273526e-01,-6.309052e-02,-3.100967e-02,1.259990e+00,2.308134e+00,-7.630550e-01,2.292431e-02,1.444933e+00,6.053904e-01,-1.300272e-01,5.148895e-01,-1.560919e-01,-1.817528e+00,-9.371676e-02,-6.821442e-02,-3.792348e-02,4.671230e-02,-1.271141e-01,-2.083619e-02,-4.868104e-02,-1.092215e-01,1.340529e-02,9.482428e-03,8.642781e-03,-6.023633e-03,3.600316e-02,5.877614e-03,7.923204e-02,4.282813e-02,0,4.653198e-02,0,0,0,0,0,0,0,0
142,1.420000,1.512143e-01,-3.881971e+01,-1.590659e+01,3.209754e+00,-1.343790e+01,-1.742124e+01,-7.667589e+00,3.266318e+00,8.390323e+00,-1.094023e+00,1.232088e+01,-1.162586e+00,8.936550e+00,-7.020097e+00,9.265031e+00,-1.001453e+01,-6.502678e+00,-4.551277e+00,-4.162127e+00,-4.956620e+00,-5.111488e+00,-3.941183e+00,-3.205290e+00,-2.522033e+00,3.801891e-01,5.278372e-01,8.883486e-01,1.186418e+00,1.518557e+00,1.606988e+00,2.009809e+00,2.602923e+00,2.004999e+02,6.485825e-01,-1.393448e-02,-1.740635e-01,4.920571e-01,-8.459898e-01,-9.414718e-01,-3.589422e-01,8.695709e-01,2.593825e+00,-1.915593e+00,-1.075847e+00,-9.625266e-01,1.791158e+00,1.441368e+00,-6.142641e-01,-6.535715e-01,-1.281626e+00,-4.351764e-02,-1.802330e-02,4.517648e-02,2.172151e-01,-8.153973e-02,-1.375635e-02,-2.193601e-02,-1.489315e-01,7.162547e-03,1.125545e-02,-6.055790e-03,-8.991158e-03,2.013499e-02,4.616833e-03,4.155365e-02,2.613297e-02,0,1.867217e-03,0,0,0,0,0,0,0,0
143,1.430000,1.077709e-01,-3.881670e+01,-1.483135e+01,9.322396e-01,-1.515138e+01,-1.936657e+01,-6.929872e+00,4.709890e+00,6.100711e+00,-1.798744e+00,9.406648e+00,3.621235e-01,1.029742e+01,-7.917398e+00,8.071297e+00,-9.467796e+00,-6.542935e+00,-4.482237e+00,-3.962397e+00,-4.630749e+00,-5.116074e+00,-3.969878e+00,-3.205775e+00,-2.738621e+00,3.981822e-01,5.411724e-01,8.712158e-01,1.164621e+00,1.533597e+00,1.615353e+00,2.116746e+00,2.675415e+00,2.004999e+02,6.441132e-01,-1.227303e-02,5.019684e-02,3.458408e-01,-7.894006e-01,-9.747966e-01,-5.236095e-01,-5.329692e-01,6.431110e-01,-2.672360e+00,-2.113394e+00,-9.037911e-01,2.932815e+00,1.419748e+00,-2.016840e+00,-1.313102e+00,-1.232459e-01,2.577858e-02,9.005275e-02,4.998291e-02,2.260196e-01,-2.137761e-02,1.187201e-02,-1.671171e-02,-9.057739e-02,-2.601400e-03,-5.379558e-04,-1.915141e-02,-1.411661e-02,-8.858549e-03,-3.820956e-03,-3.030935e-02,-3.425536e-02,0,-1.235259e-03,0,0,0,0,0,0,0,0
144,1.440000,1.057710e-01,-3.878814e+01,-1.473491e+01,1.634289e-01,-1.636443e+01,-1.943136e+01,-9.309705e+00,5.574957e+00,2.914243e+00,-5.715334e+00,4.774804e+00,5.875244e+00,1.416879e+01,-1.150026e+01,6.166971e+00,-9.816696e+00,-6.477318e+00,-4.388493e+00,-3.986650e+00,-4.371278e+00,-5.102597e+00,-3.942277e+00,-3.234527e+00,-2.850924e+00,3.766828e-01,5.303641e-01,8.475479e-01,1.167823e+00,1.502755e+00,1.599724e+00,1.982918e+00,2.604441e+00,2.004999e+02,6.435834e-01,-2.247672e-03,-1.008434e-01,-2.218587e-01,-4.383729e-01,-1.024526e-01,-5.346308e-01,-1.872404e+00,-1.508237e+00,-2.641435e+00,-2.689176e+00,-1.790104e-01,3.420961e+00,1.401112e+00,-2.745934e+00,-1.632936e+00,4.395707e-01,6.496859e-03,1.095917e-01,-7.284200e-02,8.206320e-02,1.019535e-02,3.748224e-02,-1.160715e-02,-2.820427e-02,-9.665591e-03,-7.973338e-03,-1.516356e-02,-3.914356e-03,-2.015054e-02,-7.551169e-03,-8.307005e-02,-6.949184e-02,0,-6.898522e-04,0,0,0,0,0,0,0,0
145,1.450000,1.338691e-01,-3.848798e+01,-1.546355e+01,1.086879e+00,-1.563491e+01,-1.924571e+01,-1.151760e+01,-2.299873e-01,-1.317615e+00,-8.785874e+00,1.109474e+01,9.569335e+00,1.369292e+01,-1.515219e+01,3.593530e+00,-7.142194e+00,-6.353207e+00,-4.124082e+00,-4.130570e+00,-4.372701e+00,-5.050592e+00,-3.890930e+00,-3.248779e+00,-2.656167e+00,3.602648e-01,5.098066e-01,8.314013e-01,1.136712e+00,1.451425e+00,1.583847e+00,1.855408e+00,2.429400e+00,2.004999e+02,6.396758e-01,-5.839112e-03,-1.807297e-01,-4.610120e-01,8.162805e-02,4.189502e-01,-7.255486e-01,-2.186338e+00,-3.016956e+00,-1.885329e+00,-2.286199e+00,6.861054e-01,1.732497e+00,6.875957e-01,-2.256137e+00,-1.515691e+00,4.540667e-01,2.608137e-02,1.215671e-01,-1.109630e-01,-6.465864e-02,1.236286e-02,1.854994e-02,2.924919e-04,4.352198e-02,-1.333177e-02,-1.560535e-02,-1.403438e-02,-5.870700e-04,-2.804872e-02,-1.729299e-02,-1.066765e-01,-7.942190e-02,0,1.185387e-03,0,0,0,0,0,0,0,0
146,1.460000,1.269269e-01,-3.948829e+01,-1.669978e+01,9.405699e-01,-1.370840e+01,-2.015482e+01,-1.473574e+01,-1.804930e+00,-1.107689e+00,-1.104634e+01,1.058178e+01,1.133862e+01,1.424436e+01,-1.713237e+01,3.339234e+00,-8.979478e+00,-6.565058e+00,-4.182396e+00,-4.442251e+00,-4.675328e+00,-5.093253e+00,-3.793246e+00,-3.241823e+00,-2.704282e+00,3.508198e-01,5.036535e-01,8.324381e-01,1.180801e+00,1.458890e+00,1.584985e+00,1.725128e+00,2.378472e+00,2.004999e+02,6.473520e-01,-1.914421e-02,-3.118420e-01,-7.779636e-02,2.404416e-01,5.299538e-01,-1.201824e+00,-1.866716e+00,-3.121298e+00,-1.467726e+00,-9.286229e-01,-5.135302e-01,-2.072383e+00,-7.575579e-02,-7.823979e-01,-5.888644e-01,4.158114e-01,7.428646e-02,7.172592e-02,-8.565426e-02,-1.775645e-01,-1.121969e-02,-5.459044e-02,1.451647e-02,6.670642e-03,-9.711760e-03,-1.630366e-02,-1.544053e-02,-5.514371e-03,-2.802637e-02,-1.898828e-02,-7.379620e-02,-3.248291e-02,0,5.813956e-04,0,0,0,0,0,0,0,0
147,1.470000,6.799745e-02,-3.937027e+01,-1.615397e+01,9.518094e-01,-1.438465e+01,-2.263258e+01,-1.514854e+01,-6.684946e+00,-1.314968e+00,-1.056424e+01,9.933688e+00,6.292922e+00,1.369761e+01,-1.638203e+01,1.906709e+00,-7.616072e+00,-6.368658e+00,-3.977450e+00,-4.289412e+00,-4.802018e+00,-5.058932e+00,-3.951644e+00,-3.200664e+00,-2.594332e+00,3.444548e-01,4.765010e-01,8.085988e-01,1.155197e+00,1.415286e+00,1.536257e+00,1.712259e+00,2.391291e+00,2.004999e+02,6.481559e-01,-1.635769e-02,-2.128811e-01,6.344256e-01,3.202308e-01,-6.511669e-02,-4.866425e-01,-8.948991e-01,-1.708511e+00,-1.009616e+00,7.937799e-01,-2.020198e+00,-4.118317e+00,-1.967367e-01,1.066263e+00,5.151494e-01,2.824571e-01,1.404981e-01,1.861906e-02,-1.909018e-03,-1.480116e-01,-1.719236e-02,-1.336103e-01,-1.294000e-02,-6.565156e-02,-8.104429e-03,-1.378449e-02,-9.286677e-03,-1.137252e-02,-1.905545e-02,-1.188893e-02,-2.385925e-02,2.273490e-02,0,-7.760525e-04,0,0,0,0,0,0,0,0
148,1.480000,4.298574e-02,-3.990620e+01,-1.477869e+01,1.433171e+00,-1.433980e+01,-2.374705e+01,-1.682781e+01,-6.804054e+00,-4.425707e+00,-9.469268e+00,2.787681e+00,-2.848466e+00,1.378767e+01,-1.479733e+01,4.066060e+00,-7.500700e+00,-6.098160e+00,-4.103179e+00,-4.335500e+00,-5.044443e+00,-5.154525e+00,-4.184872e+00,-3.186002e+00,-2.848488e+00,3.360290e-01,4.654986e-01,7.817466e-01,1.131009e+00,1.380692e+00,1.528577e+00,1.685512e+00,2.461082e+00,2.004999e+02,6.422503e-01,6.907640e-03,1.527634e-02,9.729350e-01,-5.368733e-02,-8.647884e-01,6.471958e-01,6.690113e-01,2.273207e-01,4.728937e-03,1.931360e+00,-1.532342e+00,-3.244829e+00,-8.161354e-01,1.679740e+00,2.041823e+00,6.061126e-01,9.750314e-02,-4.152162e-02,1.005129e-01,-1.603160e-02,6.990147e-03,-1.312688e-01,-4.637051e-02,-9.599976e-02,1.685125e-03,-1.459488e-03,-2.855450e-03,-1.538906e-02,-9.623456e-03,3.295159e-03,1.337388e-02,3.287830e-02,0,-2.340186e-03,0,0,0,0,0,0,0,0
149,1.490000,9.405122e-02,-3.934343e+01,-1.325197e+01,2.441732e+00,-1.564480e+01,-1.988281e+01,-1.494606e+01,-6.272981e+00,-4.706686e+00,-5.605510e+00,4.890800e+00,-3.928708e+00,1.293759e+01,-1.098840e+01,5.805864e+00,-6.469297e+00,-5.884165e+00,-4.070595e+00,-4.193491e+00,-4.928202e+00,-5.105917e+00,-4.363169e+00,-3.341390e+00,-2.912322e+00,3.271381e-01,4.599616e-01,8.103137e-01,1.104745e+00,1.395247e+00,1.552606e+00,1.755920e+00,2.501770e+00,2.004999e+02,6.383464e-01,3.105030e-02,1.055561e-01,7.807072e-01,-4.807247e-01,-1.220561e+00,1.320187e+00,1.821777e+00,2.035242e+00,2.292874e+00,1.764388e+00,-5.063598e-01,-1.485801e-01,-1.142386e+00,8.310674e-01,2.636570e+00,1.443312e-01,-5.026507e-02,-7.308984e-02,1.460347e-01,9.403801e-02,2.776542e-02,-5.822430e-02,-7.473147e-02,-7.834101e-02,1.127256e-02,1.145696e-02,6.583309e-03,7.548571e-04,1.275377e-02,1.737997e-02,3.403151e-02,3.699589e-02,0,-1.351148e-03,0,0,0,0,0,0,0,0
150,1.500000,1.484382e-01,-3.942533e+01,-1.328610e+01,-7.282814e-02,-1.740227e+01,-1.829373e+01,-1.149193e+01,-8.743083e-01,6.118147e-01,-3.868901e+00,5.441509e+00,2.252860e-01,1.054369e+01,-1.143049e+01,1.159877e+01,-6.522302e+00,-6.319788e+00,-4.343432e+00,-3.987647e+00,-4.692394e+00,-5.034809e+00,-4.243828e+00,-3.403313e+00,-3.025286e+00,3.679038e-01,5.046257e-01,8.173034e-01,1.129082e+00,1.420793e+00,1.593286e+00,1.770167e+00,2.487624e+00,2.004999e+02,6.405558e-01,3.582335e-02,1.088844e-01,3.409771e-01,-6.641344e-01,-1.479929e+00,4.840670e-01,2.414619e+00,1.899117e+00,3.818190e+00,6.449224e-01,1.048432e+00,9.149486e-01,-2.229419e+00,-1.258427e+00,2.504299e+00,6.534691e-02,-1.387685e-01,-4.340429e-02,1.936547e-01,1.426215e-01,1.484528e-02,2.225828e-03,-5.655902e-02,3.085198e-02,1.856753e-02,1.955407e-02,9.753173e-03,1.253587e-02,2.546113e-02,2.720082e-02,6.405505e-02,3.108962e-02,0,1.101732e-04,0,0,0,0,0,0,0,0
151,1.510000,1.705227e-01,-3.908293e+01,-1.299673e+01,-6.988144e-01,-1.895622e+01,-1.875831e+01,-8.707601e+00,5.263903e-01,7.630640e+00,-4.542480e+00,6.074975e+00,4.013145e+00,9.607670e+00,-1.391011e+01,1.132320e+01,-7.383615e+00,-6.509169e+00,-4.222773e+00,-3.733165e+00,-4.507852e+00,-4.979963e+00,-4.213288e+00,-3.465666e+00,-2.897638e+00,3.848802e-01,5.142222e-01,8.237370e-01,1.159935e+00,1.459005e+00,1.590803e+00,1.840089e+00,2.562999e+00,2.004999e+02,6.422474e-01,1.901871e-02,-7.475205e-02,-3.804789e-02,1.251623e-01,-7.522599e-01,-7.012447e-01,1.737510e+00,4.996962e-01,2.237968e+00,-9.520923e-01,1.437065e+00,-1.678751e+00,-3.290664e+00,-3.231722e+00,1.842599e+00,-3.631501e-01,-5.603714e-02,-2.676501e-02,9.585790e-02,5.488453e-02,-4.684429e-02,8.641720e-04,4.448605e-03,1.072551e-01,1.265513e-02,1.486356e-02,1.002926e-03,5.791032e-03,2.186204e-02,2.417157e-02,5.263401e-02,-5.448318e-03,0,1.533550e-03,0,0,0,0,0,0,0,0
152,1.520000,1.838668e-01,-3.949203e+01,-1.320142e+01,-3.172274e-01,-2.008373e+01,-2.188896e+01,-7.873944e+00,-7.081570e-01,8.496579e+00,-6.776171e+00,7.437755e+00,-2.244649e+00,4.305532e+00,-1.962861e+01,1.382889e+01,-6.716807e+00,-6.479500e+00,-4.244112e+00,-3.597390e+00,-4.541510e+00,-5.143276e+00,-4.248683e+00,-3.406659e+00,-2.701570e+00,3.999956e-01,5.361387e-01,8.238008e-01,1.166093e+00,1.476119e+00,1.645483e+00,1.963703e+00,2.585915e+00,2.004999e+02,6.408507e-01,3.996913e-03,-2.528660e-01,-2.651058e-01,1.051583e+00,3.870264e-01,-5.019566e-01,2.397904e-01,-1.730139e+00,-1.420422e+00,-1.416631e+00,2.418676e+00,-4.346096e+00,-3.246780e+00,-2.882951e+00,7.492378e-01,-2.067323e-01,9.208365e-02,-2.372265e-02,-8.715753e-02,-6.676960e-02,-8.297148e-02,-3.393030e-02,2.297733e-02,1.247985e-01,-4.676732e-03,9.465575e-04,2.825391e-03,-1.734384e-02,7.796955e-03,1.493771e-02,2.449392e-02,-4.372773e-02,0,7.293820e-03,0,0,0,0,0,0,0,0
153,1.530000,1.714305e-01,-3.968384e+01,-1.348455e+01,3.189743e+00,-1.806537e+01,-2.159141e+01,-8.067501e+00,-3.857576e+00,2.540774e+00,-8.912337e+00,1.107800e+01,-1.108749e+01,-3.966506e-01,-2.304795e+01,1.390380e+01,-8.187796e+00,-6.084495e+00,-4.254080e+00,-3.909330e+00,-4.729221e+00,-5.285905e+00,-4.356420e+00,-3.317474e+00,-2.537904e+00,3.743679e-01,5.185229e-01,8.120796e-01,1.115195e+00,1.476894e+00,1.647365e+00,1.922322e+00,2.425382e+00,2.004999e+02,6.458667e-01,-4.191889e-03,-4.700325e-01,-2.619452e-01,9.961355e-01,1.007962e+00,3.407616e-01,-1.131251e+00,-1.930597e+00,-3.062442e+00,-8.272848e-01,2.837468e+00,-4.575463e+00,-2.236776e+00,-7.952957e-01,-2.808514e-02,-6.270456e-01,9.519424e-02,-6.400542e-02,-1.951358e-01,-1.379900e-01,-8.011298e-02,-4.276681e-02,-4.241366e-02,1.169515e-02,-1.323874e-02,-1.050426e-02,-4.527492e-03,-3.325511e-02,-1.527904e-02,-4.546356e-03,-5.128551e-02,-9.292433e-02,0,1.294278e-02,0,0,0,0,0,0,0,0
154,1.540000,1.679689e-01,-4.038921e+01,-1.436772e+01,3.240807e+00,-1.591256e+01,-1.938696e+01,-1.061303e+01,-7.333022e+00,-3.945364e+00,-8.767128e+00,1.503338e+01,-1.395487e+01,-6.880471e-01,-2.127632e+01,1.405466e+01,-7.153873e+00,-6.071707e+00,-4.446392e+00,-4.335352e+00,-4.915557e+00,-5.296695e+00,-4.341913e+00,-3.362522e+00,-2.581160e+00,3.497763e-01,5.072082e-01,8.372590e-01,1.064733e+00,1.450833e+00,1.639693e+00,1.851520e+00,2.337793e+00,2.004999e+02,6.752152e-01,-1.471061e-02,-5.181873e-01,-6.034851e-03,-1.042204e-01,3.111168e-01,2.619595e-01,-1.969150e+00,-7.648279e-01,-1.981700e+00,1.240561e+00,2.193546e+00,-1.578555e+00,-6.204512e-01,2.253375e+00,-1.015948e+00,-8.508109e-01,-4.923620e-02,-3.188515e-03,-1.077611e-01,-1.161408e-01,-3.805342e-02,-4.080687e-02,-1.243775e-01,-1.399899e-01,-9.132606e-03,-1.611111e-02,-2.256829e-03,-2.639258e-02,-1.396247e-02,-1.857964e-02,-6.264456e-02,-4.548945e-02,0,1.306183e-02,0,0,0,0,0,0,0,0
155,1.550000,1.575122e-01,-4.098450e+01,-1.372331e+01,2.502846e+00,-1.600199e+01,-1.830551e+01,-1.299432e+01,-5.814163e+00,-1.460601e+00,-7.683426e+00,1.646450e+01,-1.300906e+01,9.205812e-01,-1.706273e+01,1.106989e+01,-1.030031e+01,-6.237094e+00,-4.441660e+00,-4.339862e+00,-5.010778e+00,-5.303818e+00,-4.380507e+00,-3.699803e+00,-2.899367e+00,3.437961e-01,4.761662e-01,7.943704e-01,1.044340e+00,1.395253e+00,1.570966e+00,1.639753e+00,2.222438e+00,2.004999e+02,6.897790e-01,-2.078139e-02,-4.111252e-01,3.880556e-01,-1.500897e+00,-1.179543e+00,-8.727573e-01,-2.084224e+00,8.843629e-01,1.254636e+00,2.434942e+00,3.637815e-01,8.160510e-01,2.549698e-01,4.258776e+00,-1.456054e+00,-7.561828e-01,-1.916105e-01,7.812104e-02,1.260880e-01,-3.868971e-02,9.942770e-03,-2.286248e-02,-1.870420e-01,-2.259873e-01,5.934015e-03,-1.089207e-02,-1.921546e-03,-5.340338e-04,3.145695e-04,-1.416217e-02,-8.959437e-03,4.097416e-02,0,3.609496e-03,0,0,0,0,0,0,0,0
156,1.560000,1.172728e-01,-4.143264e+01,-1.311222e+01,-4.948808e-01,-1.955983e+01,-2.222212e+01,-1.525629e+01,-3.554003e+00,5.887690e-01,-1.187821e+00,1.571223e+01,-9.176640e+00,5.446599e-01,-1.135434e+01,1.016610e+01,-9.914604e+00,-6.649382e+00,-4.166265e+00,-3.920929e+00,-4.981435e+00,-5.324587e+00,-4.440674e+00,-3.837382e+00,-3.220788e+00,3.696184e-01,4.767615e-01,8.213713e-01,1.069558e+00,1.447127e+00,1.590785e+00,1.791765e+00,2.459940e+00,2.004999e+02,6.842037e-01,-1.619827e-02,-8.970833e-02,4.898945e-01,-1.796961e+00,-1.643373e+00,-1.370844e+00,-7.595022e-01,1.775586e+00,1.998495e+00,2.060260e+00,-1.577870e+00,2.183712e+00,1.084421e+00,4.576232e+00,-1.573113e+00,-2.338871e-01,-1.741823e-01,9.986286e-02,2.201834e-01,6.457052e-02,4.405642e-02,-9.451675e-03,-1.183039e-01,-1.913116e-01,1.509972e-02,3.787237e-03,2.316094e-03,2.061603e-02,2.178153e-02,-2.319419e-03,6.152351e-02,1.011791e-01,0,-9.493661e-03,0,0,0,0,0,0,0,0
157,1.570000,9.287152e-02,-4.121775e+01,-1.217202e+01,-2.446896e+00,-2.213945e+01,-2.453762e+01,-1.616699e+01,-1.325271e+00,6.546885e+00,-5.272808e-01,1.255748e+01,-9.396356e+00,2.618451e-01,-6.715061e+00,8.567811e+00,-1.058834e+01,-6.753710e+00,-4.003539e+00,-3.486101e+00,-4.889730e+00,-5.222246e+00,-4.421352e+00,-4.015254e+00,-3.348027e+00,3.941169e-01,4.792859e-01,8.104157e-01,1.110112e+00,1.480319e+00,1.601009e+00,1.907402e+00,2.569180e+00,2.004999e+02,6.594200e-01,-4.194011e-03,9.180832e-02,2.972582e-01,-1.247250e+00,-4.667128e-01,2.175350e-02,7.986751e-01,1.293707e+00,1.226988e+00,4.375558e-02,-1.944186e+00,2.264299e+00,2.077686e+00,3.674825e+00,-1.689788e+00,7.073261e-01,-7.041655e-02,-1.526704e-02,7.865288e-02,9.787507e-02,7.220874e-02,1.886015e-02,-4.896481e-02,-8.070159e-02,1.203478e-02,1.756758e-02,8.500111e-03,2.364702e-02,1.792297e-02,9.761417e-03,7.235636e-02,9.814186e-02,0,-1.420594e-02,0,0,0,0,0,0,0,0
158,1.580000,1.192979e-01,-4.072113e+01,-1.269389e+01,-3.269125e+00,-2.106070e+01,-2.312512e+01,-1.282420e+01,-6.995389e-01,2.043365e+00,-2.043898e+00,9.097541e+00,-4.842663e+00,5.063427e+00,-3.568999e+00,7.440134e+00,-8.179292e+00,-6.684311e+00,-4.166138e+00,-3.661316e+00,-4.653229e+00,-5.117199e+00,-4.368749e+00,-3.796316e+00,-3.313389e+00,4.001145e-01,5.245845e-01,8.408168e-01,1.134927e+00,1.517207e+00,1.613075e+00,2.025313e+00,2.670318e+00,2.004999e+02,6.429265e-01,7.963887e-03,5.304909e-02,1.363449e-02,4.849281e-02,1.073115e+00,1.787465e+00,1.783169e+00,6.589335e-01,2.082053e-01,-2.288206e+00,-1.209492e+00,2.309871e+00,3.196324e+00,7.197973e-01,-2.335293e+00,4.647503e-02,2.885032e-02,-1.101456e-01,-1.282875e-01,7.241921e-02,3.727236e-02,1.971340e-02,-6.807065e-03,1.713946e-02,1.530555e-03,1.916868e-02,1.768947e-04,1.212528e-02,-6.968272e-03,4.215610e-03,-5.092668e-03,2.857928e-02,0,-9.678721e-03,0,0,0,0,0,0,0,0
159,1.590000,1.355297e-01,-4.088121e+01,-1.244618e+01,-2.346282e+00,-1.758512e+01,-1.774524e+01,-1.021698e+01,-7.728582e-01,3.947042e+00,-7.036610e+00,1.005092e+01,-3.854554e+00,9.049629e+00,-2.581281e+00,3.983933e+00,-7.631336e+00,-6.571712e+00,-4.518059e+00,-4.076405e+00,-4.685506e+00,-5.046468e+00,-4.322169e+00,-3.965160e+00,-3.256575e+00,3.887220e-01,5.400926e-01,8.271482e-01,1.129890e+00,1.449828e+00,1.608628e+00,1.884760e+00,2.607958e+00,2.004999e+02,6.393879e-01,1.984964e-03,-1.317070e-01,-7.143764e-02,9.324275e-01,1.268774e+00,1.746780e+00,1.687854e+00,-5.650983e-01,-1.444365e-01,-2.551210e+00,-3.284449e-01,1.938394e+00,2.205148e+00,-2.451518e+00,-1.981691e+00,-2.768824e-01,4.826722e-02,-9.174176e-02,-1.952662e-01,4.120207e-03,-3.005438e-02,-3.795209e-02,8.456660e-03,6.585698e-02,-7.631949e-03,5.837577e-03,-7.573599e-03,-1.037331e-02,-2.942096e-02,-6.992114e-03,-7.531283e-02,-2.328069e-02,0,1.123738e-03,0,0,0,0,0,0,0,0
160,1.600000,1.357632e-01,-4.133566e+01,-1.290697e+01,-3.027240e-01,-1.647142e+01,-1.668098e+01,-9.315446e+00,-5.355418e-01,2.929717e+00,-9.374185e+00,1.091806e+01,-3.981846e-01,1.213239e+01,-9.822244e+00,7.815782e-01,-1.116073e+01,-6.596129e+00,-4.459733e+00,-4.267215e+00,-4.721451e+00,-5.226114e+00,-4.391699e+00,-3.896465e+00,-3.180817e+00,3.799686e-01,5.422016e-01,8.138895e-01,1.120295e+00,1.427532e+00,1.608053e+00,1.777622e+00,2.583447e+00,2.004999e+02,6.458261e-01,-2.909153e-03,-1.299576e-01,-8.844948e-02,1.371906e+00,7.436926e-01,4.712141e-01,-1.597340e-01,-9.786409e-01,2.086604e+00,-1.003907e+00,-6.637611e-01,3.504765e-03,-1.111762e-01,-4.664694e+00,-7.971905e-01,-1.494147e+00,3.572045e-02,2.849546e-02,-5.427112e-02,-1.190738e-01,-4.144420e-02,-4.449005e-02,1.779962e-02,9.596038e-02,-9.494650e-03,-1.283967e-02,-9.342653e-03,-1.297399e-02,-2.766984e-02,-1.249466e-02,-9.101939e-02,-4.266257e-02,0,6.474030e-03,0,0,0,0,0,0,0,0
161,1.610000,9.456367e-02,-4.156902e+01,-1.242267e+01,7.320407e-01,-1.809022e+01,-1.902579e+01,-9.482100e+00,-4.232761e+00,5.381526e+00,-9.618186e+00,1.000500e+01,-1.926624e+00,7.753103e+00,-1.584603e+01,1.988635e+00,-1.048204e+01,-6.556465e+00,-4.315450e+00,-4.159483e+00,-4.835018e+00,-5.318060e+00,-4.599638e+00,-3.922896e+00,-3.085028e+00,3.660301e-01,4.996653e-01,7.860114e-01,1.065561e+00,1.378052e+00,1.568559e+00,1.654683e+00,2.496212e+00,2.004999e+02,6.635888e-01,-1.432097e-03,7.590713e-02,-5.188788e-01,6.543205e-01,-3.905908e-01,-1.074677e+00,-1.590515e+00,-7.441528e-01,2.880661e+00,4.571937e-01,-2.023342e+00,-2.386947e+00,-2.540990e+00,-4.560242e+00,1.628125e+00,-1.091547e+00,-9.829188e-03,5.325871e-02,1.191452e-01,-1.469994e-01,1.191182e-02,1.087437e-02,8.655329e-02,1.273903e-01,-4.538500e-03,-1.713262e-02,2.606231e-03,1.476765e-04,-8.621407e-03,-9.740817e-03,-4.711848e-02,-3.471496e-02,0,7.440919e-03,0,0,0,0,0,0,0,0
162,1.620000,1.252351e-01,-4.102701e+01,-1.314789e+01,2.051244e+00,-1.708969e+01,-2.012878e+01,-1.399031e+01,-3.862792e+00,1.175914e+01,-5.772645e+00,5.801695e+00,-5.789104e+00,5.155809e+00,-2.026010e+01,4.451830e+00,-1.422468e+01,-6.513332e+00,-4.124965e+00,-3.891132e+00,-5.173842e+00,-5.188624e+00,-4.452465e+00,-3.728450e+00,-2.919360e+00,3.639872e-01,4.805998e-01,8.146719e-01,1.102221e+00,1.414746e+00,1.570636e+00,1.685254e+00,2.512878e+00,2.004999e+02,6.631961e-01,3.349019e-03,3.069382e-01,-5.880097e-01,4.695625e-02,-4.121181e-01,-1.497621e+00,-1.826742e+00,7.820632e-01,2.914763e+00,1.052618e+00,-2.728074e+00,-3.630203e+00,-2.423206e+00,-1.495576e+00,3.247015e+00,-4.555164e-01,-1.778665e-02,1.825142e-03,2.121212e-01,-1.219569e-01,5.369224e-02,9.371166e-02,1.247767e-01,1.106703e-01,2.415586e-03,-1.149044e-02,3.109586e-03,1.315706e-02,5.996668e-03,-3.828168e-04,-4.408419e-03,-9.730530e-03,0,1.846033e-03,0,0,0,0,0,0,0,0
163,1.630000,1.336332e-01,-4.065600e+01,-1.492011e+01,-2.516632e-01,-1.922894e+01,-2.139472e+01,-1.583213e+01,-2.829997e+00,1.393563e+01,-6.551411e+00,2.492390e+00,-1.309383e+01,-1.670334e-01,-2.016357e+01,1.028943e+01,-1.155710e+01,-6.662257e+00,-4.419149e+00,-3.668720e+00,-5.194308e+00,-5.005654e+00,-4.237414e+00,-3.616400e+00,-2.750351e+00,3.740202e-01,4.852304e-01,8.397881e-01,1.139666e+00,1.413114e+00,1.578632e+00,1.695352e+00,2.469668e+00,2.004999e+02,6.679075e-01,2.646047e-03,3.905979e-01,-5.135173e-01,-5.527854e-01,-6.283001e-01,-1.149616e+00,-6.782055e-01,1.238449e+00,5.280628e-02,-2.122427e-01,-2.320213e+00,-2.498385e+00,-2.467186e-01,1.110717e+00,2.848381e+00,1.155467e-01,6.595469e-03,-5.215349e-02,1.620040e-01,3.079138e-02,5.376611e-02,1.038526e-01,1.262448e-01,6.585853e-02,7.137334e-03,2.332959e-03,-2.357626e-03,1.631978e-02,1.058776e-02,8.264160e-03,1.753991e-02,1.054716e-02,0,-1.535964e-03,0,0,0,0,0,0,0,0
164,1.640000,1.329735e-01,-4.025748e+01,-1.459830e+01,4.239092e-01,-1.796265e+01,-2.298462e+01,-1.527414e+01,2.673392e+00,1.322648e+01,-5.644484e+00,1.033991e+00,-1.296560e+01,3.976426e+00,-1.514135e+01,1.286626e+01,-1.290078e+01,-6.632166e+00,-4.398757e+00,-3.451991e+00,-5.151591e+00,-5.113856e+00,-4.104252e+00,-3.425829e+00,-2.794804e+00,3.880515e-01,4.919668e-01,8.025491e-01,1.149028e+00,1.439984e+00,1.601102e+00,1.735246e+00,2.548066e+00,2.004999e+02,6.528969e-01,-6.698483e-03,2.869903e-01,3.875752e-01,-8.489732e-01,-6.568028e-01,-1.020838e+00,1.104269e+00,1.412335e-01,-2.754575e+00,-5.825216e-01,-1.206568e-01,4.916243e-01,2.151140e+00,3.812836e+00,1.567169e+00,1.266934e+00,7.566547e-02,1.278586e-02,6.737538e-02,1.743184e-01,1.508713e-02,4.073429e-03,4.835374e-02,-4.520192e-02,2.877927e-03,6.179067e-03,-1.863622e-02,-7.675231e-03,-2.485979e-03,5.651998e-03,7.854963e-03,-1.006229e-02,0,-3.736979e-03,0,0,0,0,0,0,0,0
165,1.650000,1.039247e-01,-4.000080e+01,-1.426506e+01,-1.218219e+00,-2.079524e+01,-2.334595e+01,-1.223121e+01,-1.308607e+00,4.911891e+00,-1.074348e+01,7.877836e-01,-1.083030e+01,7.109202e+00,-1.285181e+01,1.202333e+01,-1.056625e+01,-6.464071e+00,-4.439322e+00,-3.569034e+00,-4.692187e+00,-5.086614e+00,-4.254481e+00,-3.442983e+00,-2.818013e+00,3.896846e-01,5.056465e-01,7.802847e-01,1.123757e+00,1.418372e+00,1.594647e+00,1.717387e+00,2.531354e+00,2.004999e+02,6.610586e-01,-3.957810e-03,1.811157e-01,9.178811e-01,-7.056091e-01,-2.695774e-01,-7.103004e-02,1.201155e+00,-1.427932e+00,-3.495282e+00,-1.795296e-01,2.745263e+00,2.637115e+00,3.061758e+00,3.432446e+00,-3.798084e-01,4.007746e-01,1.062057e-01,1.323176e-01,-5.352921e-02,1.954578e-01,2.702732e-02,-4.093542e-02,-4.608586e-02,-9.251809e-02,-4.534623e-03,3.645369e-03,-1.203227e-02,-1.709672e-02,-1.196158e-03,6.100846e-03,9.361279e-03,-2.092309e-02,0,-5.214346e-03,0,0,0,0,0,0,0,0
166,1.660000,1.065970e-01,-3.991966e+01,-1.153754e+01,-1.710344e+00,-1.959056e+01,-2.425735e+01,-1.026943e+01,-3.917319e+00,2.498139e+00,-6.589218e+00,6.050714e+00,-4.462748e+00,1.227339e+01,-4.851796e+00,1.142073e+01,-8.385430e+00,-6.234098e+00,-4.050950e+00,-3.604099e+00,-4.553310e+00,-5.072709e+00,-4.423564e+00,-3.573390e+00,-3.111539e+00,3.705446e-01,5.012870e-01,7.512426e-01,1.071800e+00,1.399687e+00,1.590889e+00,1.713511e+00,2.431724e+00,2.004999e+02,6.479357e-01,2.957766e-03,-1.515572e-01,6.090115e-01,-1.091287e+00,-2.828379e-01,6.219937e-01,6.821435e-01,-1.434173e+00,-2.540190e+00,4.948827e-01,4.768140e+00,3.186509e+00,1.224495e+00,1.349619e+00,-1.146542e+00,6.909056e-02,-3.729324e-02,1.139015e-01,-1.371154e-01,1.385363e-01,2.574987e-02,-2.834473e-02,-1.318429e-01,-1.209658e-01,-6.782040e-03,2.693483e-03,2.351213e-03,-1.864347e-02,1.184142e-03,2.038097e-03,2.833760e-03,-3.987060e-02,0,-4.837918e-03,0,0,0,0,0,0,0,0
167,1.670000,1.270325e-01,-3.991933e+01,-1.186108e+01,-2.712582e+00,-1.976288e+01,-2.111351e+01,-1.232871e+01,-6.674299e+00,1.823395e+00,-6.976692e+00,1.371034e+01,-4.159682e+00,1.099327e+01,-8.146115e+00,9.113154e+00,-1.181090e+01,-6.330263e+00,-3.931465e+00,-3.860312e+00,-4.516159e+00,-4.891091e+00,-4.282435e+00,-3.773049e+00,-3.054574e+00,3.601005e-01,4.987971e-01,8.052800e-01,1.092796e+00,1.427282e+00,1.614244e+00,1.753026e+00,2.423224e+00,2.004999e+02,6.443164e-01,1.178914e-02,-3.031780e-01,2.147600e-01,-5.162132e-01,-5.683746e-02,1.680957e+00,7.388458e-02,1.166429e+00,-3.572392e-01,1.372457e-02,4.063116e+00,2.843509e+00,-8.615557e-01,-8.533151e-01,-1.534344e+00,-1.743824e+00,-1.481620e-01,1.623201e-02,-1.321693e-01,7.862715e-02,-3.308382e-02,5.073852e-02,-1.713852e-01,-1.055065e-01,-3.544510e-04,6.082314e-03,1.081125e-02,-5.609989e-04,2.140753e-02,4.146623e-03,3.583556e-02,5.371094e-03,0,-3.705263e-03,0,0,0,0,0,0,0,0
168,1.680000,1.362085e-01,-4.105600e+01,-1.275523e+01,-4.285344e+00,-1.989302e+01,-2.099087e+01,-1.181467e+01,-1.814628e+00,2.069776e+00,-5.053464e+00,1.841341e+01,-3.683621e-01,8.156867e+00,-1.074611e+01,8.588630e+00,-1.193301e+01,-6.885537e+00,-4.083178e+00,-3.991929e+00,-4.546923e+00,-5.082868e+00,-4.231999e+00,-3.920010e+00,-3.281352e+00,3.689333e-01,5.088589e-01,8.018075e-01,1.071291e+00,1.441450e+00,1.601494e+00,1.731595e+00,2.402778e+00,2.004999e+02,6.370785e-01,7.406704e-03,-2.516708e-01,-9.318543e-03,-1.263328e-01,-1.616932e-01,1.989982e+00,2.831030e-01,2.722576e+00,4.745738e-01,-1.951713e+00,5.895933e-01,1.505838e+00,-2.742447e+00,-2.588323e+00,-1.677648e+00,-2.636037e+00,-1.127880e-01,-1.236638e-01,-7.916324e-02,9.142041e-02,-7.034598e-02,9.035011e-02,-1.428943e-01,-8.014064e-02,6.683460e-03,1.483601e-02,7.346964e-03,1.098399e-02,1.805911e-02,5.130529e-04,3.115320e-02,2.459619e-02,0,4.471534e-03,0,0,0,0,0,0,0,0
169,1.690000,1.480646e-01,-4.094852e+01,-1.258241e+01,-2.511785e+00,-2.092819e+01,-1.657441e+01,-1.108917e+01,3.472191e+00,3.339877e+00,-1.144273e+01,1.492202e+01,1.340048e+00,4.859686e+00,-1.417123e+01,5.767656e+00,-1.751158e+01,-6.879161e+00,-4.342047e+00,-4.035965e+00,-4.302245e+00,-5.246953e+00,-4.096571e+00,-4.126599e+00,-3.260639e+00,3.887180e-01,5.322722e-01,8.090585e-01,1.121206e+00,1.504528e+00,1.610077e+00,1.887523e+00,2.572682e+00,2.004999e+02,6.479609e-01,2.064110e-03,-2.124519e-02,4.092959e-01,5.872895e-01,-2.858055e-01,8.692387e-01,-1.778564e-02,2.375491e+00,1.456132e+00,-2.351353e+00,-2.482800e+00,9.398867e-01,-1.838096e+00,-1.796383e+00,-2.292544e+00,-2.456336e+00,2.717686e-02,-5.148387e-02,5.887137e-02,8.052330e-02,-8.682938e-02,4.254661e-02,-9.438188e-02,-5.159588e-02,4.115614e-03,8.314622e-03,-7.906830e-03,1.552657e-02,9.805977e-03,-1.383758e-03,3.840806e-02,3.230946e-02,0,7.983094e-03,0,0,0,0,0,0,0,0
170,1.700000,1.331144e-01,-4.066342e+01,-1.122347e+01,-2.442406e+00,-1.981636e+01,-1.657700e+01,-9.473683e+00,4.622317e+00,4.112767e+00,-1.411476e+01,8.392844e+00,3.165784e-01,1.627949e+00,-1.478085e+01,4.705236e+00,-1.871528e+01,-6.523589e+00,-4.463977e+00,-3.912088e+00,-4.203166e+00,-5.246507e+00,-4.064746e+00,-4.111087e+00,-3.409209e+00,3.896532e-01,5.587296e-01,7.860882e-01,1.112515e+00,1.451359e+00,1.595537e+00,1.802029e+00,2.479976e+00,2.004999e+02,6.684711e-01,1.614839e-03,9.062958e-02,3.443493e-01,6.915848e-01,-2.413160e-01,-2.632992e-01,-9.546860e-01,-7.502414e-01,1.067628e+00,-1.405941e+00,-3.281879e+00,-3.986276e-01,-1.363471e-01,-7.758155e-01,-1.954845e+00,-1.122253e+00,1.445445e-01,4.063010e-02,7.258232e-02,-1.465850e-02,-9.228039e-03,-3.633933e-02,-2.508025e-02,9.709072e-03,-2.497515e-03,-4.276150e-03,-4.221320e-04,1.424944e-02,1.132846e-03,2.373230e-03,2.364686e-02,2.401779e-02,0,7.412678e-03,0,0,0,0,0,0,0,0
171,1.710000,1.389001e-01,-4.022184e+01,-1.058048e+01,-6.976038e-01,-2.123023e+01,-1.897425e+01,-1.358813e+01,1.984683e+00,8.082558e+00,-1.420281e+01,6.306627e+00,1.972812e-01,5.067251e+00,-1.511066e+01,-4.078703e-01,-2.070144e+01,-6.375352e+00,-3.998485e+00,-3.605876e+00,-4.285421e+00,-5.243418e+00,-4.153328e+00,-4.149420e+00,-3.248625e+00,3.703187e-01,5.154349e-01,7.736055e-01,1.149817e+00,1.471357e+00,1.610303e+00,1.909849e+00,2.546172e+00,2.004999e+02,6.685355e-01,3.147169e-03,-1.773582e-01,-4.930626e-01,9.293809e-02,-5.447052e-01,-1.287179e+00,-1.857031e+00,-4.031947e+00,-2.291427e-01,7.745737e-01,-1.986386e+00,-8.026646e-01,1.696453e+00,-9.292269e-02,-1.108886e+00,1.118271e+00,3.603463e-02,8.982716e-02,-2.460675e-02,-1.419389e-01,5.301208e-02,-1.371212e-01,3.859115e-02,5.836983e-02,-7.725921e-03,-1.605420e-02,8.104515e-03,-1.681972e-03,-1.107352e-02,-6.537366e-03,-8.626389e-03,5.231404e-03,0,-8.998335e-04,0,0,0,0,0,0,0,0
172,1.720000,1.488649e-01,-4.096619e+01,-1.203444e+01,-1.734510e+00,-2.094858e+01,-2.110744e+01,-1.533862e+01,-4.822081e+00,5.036575e+00,-1.070313e+01,6.311712e+00,-1.790116e+00,7.371349e+00,-1.415547e+01,1.902168e+00,-1.594934e+01,-6.414719e+00,-4.051809e+00,-3.844062e+00,-4.628627e+00,-5.130776e+00,-4.385317e+00,-4.034001e+00,-3.238814e+00,3.656454e-01,4.958968e-01,8.174233e-01,1.128233e+00,1.463700e+00,1.613247e+00,1.838667e+00,2.536122e+00,2.004999e+02,6.638545e-01,1.126933e-03,-3.384472e-01,-1.096050e+00,4.479933e-03,-3.976955e-02,-5.804697e-01,-1.184026e+00,-4.807189e+00,-1.673057e+00,1.320550e+00,-1.240201e+00,-6.261002e-01,2.040571e+00,-1.605165e-01,3.830953e-02,2.014093e+00,-3.043251e-02,-1.400905e-02,-1.794802e-01,-1.886405e-01,5.593362e-02,-1.516935e-01,1.086425e-01,9.237440e-02,-4.987621e-03,-1.398958e-02,1.795994e-02,-4.629374e-03,-8.109188e-03,-1.492394e-02,-9.258449e-03,1.556611e-02,0,-6.344247e-03,0,0,0,0,0,0,0,0
173,1.730000,1.559252e-01,-4.168393e+01,-1.464224e+01,-2.401043e+00,-2.308561e+01,-2.074508e+01,-1.744185e+01,-1.196534e+01,1.732260e+00,-9.275681e+00,6.030652e+00,-1.619928e+00,1.047025e+01,-1.494853e+01,1.624762e+00,-1.330319e+01,-6.753423e+00,-4.098996e+00,-4.193012e+00,-4.799208e+00,-5.039759e+00,-4.621891e+00,-3.972186e+00,-3.053988e+00,3.620923e-01,4.834175e-01,8.339135e-01,1.104937e+00,1.442990e+00,1.568535e+00,1.826072e+00,2.570766e+00,2.004999e+02,6.457700e-01,-1.375477e-02,-2.954937e-01,-1.148351e+00,-1.185311e-02,1.018215e+00,-8.036061e-02,1.490827e-01,-3.188954e+00,-2.846107e+00,5.462434e-01,-1.467391e+00,-2.901499e-01,7.572209e-01,-3.391123e-02,1.191896e+00,1.602860e+00,-1.165662e-02,-1.431761e-01,-2.563286e-01,-1.541244e-01,1.537266e-02,-5.375786e-02,1.883370e-01,6.519790e-02,-1.497909e-03,-7.025987e-04,1.743603e-02,-5.407047e-03,-7.316852e-03,-2.001083e-02,-2.514688e-02,3.096104e-03,0,-6.585801e-03,0,0,0,0,0,0,0,0
174,1.740000,1.302365e-01,-4.162461e+01,-1.467284e+01,-1.568287e+00,-1.908752e+01,-1.859393e+01,-1.346696e+01,-1.243861e+01,-1.077369e+00,-9.975580e+00,2.329825e+00,-1.905318e+00,9.129306e+00,-1.566450e+01,3.880468e+00,-1.234393e+01,-6.486716e+00,-4.483767e+00,-4.515921e+00,-4.889475e+00,-5.068669e+00,-4.588932e+00,-3.656491e+00,-3.044656e+00,3.688283e-01,5.047904e-01,8.457339e-01,1.111808e+00,1.424997e+00,1.541802e+00,1.797625e+00,2.545510e+00,2.004999e+02,6.481326e-01,-2.299469e-02,-1.389416e-01,-5.112535e-01,9.549000e-02,1.381361e+00,9.962578e-02,9.111497e-01,-2.058553e-01,-2.777157e+00,-6.283809e-01,-1.934079e+00,1.983557e-01,2.111763e-01,9.156973e-01,2.018948e+00,6.638474e-01,6.394424e-02,-1.659386e-01,-1.608319e-01,-5.139751e-02,-2.905192e-02,4.277363e-02,1.868796e-01,-3.470874e-03,-1.551166e-03,7.689789e-03,8.724582e-03,7.526612e-03,9.288788e-03,-7.026625e-03,1.671231e-03,1.715028e-02,0,-3.081822e-03,0,0,0,0,0,0,0,0
175,1.750000,7.944044e-02,-4.137010e+01,-1.500304e+01,-8.399810e-01,-1.706968e+01,-2.063281e+01,-1.377855e+01,-1.015182e+01,-3.091005e+00,-1.183537e+01,9.606171e-01,-1.195867e+00,7.974377e+00,-1.452570e+01,4.562461e+00,-1.448985e+01,-6.397637e+00,-4.498386e+00,-4.551589e+00,-4.925620e+00,-5.197608e+00,-4.320310e+00,-3.396490e+00,-3.019714e+00,3.612377e-01,5.074751e-01,8.466304e-01,1.130994e+00,1.454124e+00,1.545972e+00,1.804636e+00,2.556959e+00,2.004999e+02,6.434675e-01,-1.483968e-02,-6.699753e-03,1.617587e-01,-1.666702e-01,1.100202e+00,4.868927e-02,1.123769e+00,1.705776e+00,-1.969474e+00,-1.201328e+00,-6.471620e-01,6.426890e-01,4.683356e-01,1.931802e+00,2.618487e+00,7.046768e-01,9.737358e-02,-1.188113e-01,-3.780794e-02,5.331244e-02,-3.245201e-02,8.962951e-02,9.167583e-02,-6.521449e-02,2.013344e-03,1.739032e-02,6.120342e-03,1.552277e-02,1.760607e-02,1.445911e-02,1.762235e-03,1.688757e-02,0,1.524967e-03,0,0,0,0,0,0,0,0
176,1.760000,7.213386e-02,-4.181781e+01,-1.441031e+01,-2.037591e+00,-1.704974e+01,-2.066545e+01,-1.261452e+01,-6.758118e+00,-6.437578e+00,-1.256519e+01,-8.236680e-01,-1.010368e+00,9.675167e+00,-9.788403e+00,1.052806e+01,-1.203677e+01,-6.272891e+00,-4.681807e+00,-4.468933e+00,-4.822409e+00,-5.197111e+00,-4.322239e+00,-3.387451e+00,-3.273305e+00,3.583169e-01,5.223169e-01,8.546878e-01,1.152837e+00,1.504577e+00,1.589396e+00,1.857741e+00,2.628777e+00,2.004999e+02,6.495967e-01,6.867726e-03,1.825104e-02,4.242950e-01,-6.586269e-01,-4.181971e-01,1.997215e-01,8.752688e-01,1.766976e+00,-1.948704e+00,-7.426826e-01,1.397382e+00,7.732632e-01,9.384240e-01,4.350064e-01,1.457008e+00,1.163424e+00,1.775093e-02,2.077437e-03,7.368135e-02,1.727246e-01,-1.235771e-03,1.364012e-02,-2.453182e-02,-8.012457e-02,4.108077e-03,1.823646e-02,-5.968970e-03,-2.365291e-03,5.758846e-03,1.452484e-02,-1.445453e-02,-3.086495e-03,0,2.308059e-03,0,0,0,0,0,0,0,0
177,1.770000,1.107781e-01,-4.162083e+01,-1.396471e+01,-2.999742e+00,-1.860349e+01,-1.946587e+01,-1.224922e+01,-6.276711e+00,-5.435005e+00,-1.398751e+01,4.371588e+00,1.146042e+00,1.253900e+01,-8.227570e+00,1.139340e+01,-9.933391e+00,-6.373468e+00,-4.594032e+00,-4.405546e+00,-4.566179e+00,-5.137798e+00,-4.307090e+00,-3.648327e+00,-3.265736e+00,3.774147e-01,5.616059e-01,8.600383e-01,1.162036e+00,1.491230e+00,1.617034e+00,1.804825e+00,2.613570e+00,2.004999e+02,6.526628e-01,1.330335e-02,1.802578e-01,7.267863e-01,-4.963645e-01,-6.753618e-01,7.367020e-01,9.945670e-01,9.443895e-01,-9.500386e-01,6.619770e-01,2.340646e+00,7.913976e-01,7.015291e-01,-2.305329e+00,-5.782272e-01,5.626356e-01,-7.008410e-03,8.970390e-02,1.020891e-01,2.019883e-01,3.676481e-02,-5.008268e-02,-5.389690e-02,-4.600768e-02,9.721696e-03,1.397743e-02,-1.255302e-02,-1.974232e-02,-2.150707e-02,3.436661e-03,-3.274479e-02,-5.597286e-02,0,9.325921e-04,0,0,0,0,0,0,0,0
178,1.780000,1.489063e-01,-4.140799e+01,-1.307053e+01,-3.781541e+00,-2.041160e+01,-1.817879e+01,-9.855278e+00,-5.541287e+00,-9.648887e+00,-1.261292e+01,7.611248e+00,7.900431e-01,1.153912e+01,-1.663853e+01,7.750036e+00,-8.805041e+00,-6.410046e+00,-4.425557e+00,-4.220536e+00,-4.205572e+00,-5.104753e+00,-4.527341e+00,-3.653232e+00,-3.322268e+00,3.812802e-01,5.689073e-01,8.091851e-01,1.084460e+00,1.435238e+00,1.578895e+00,1.725258e+00,2.501772e+00,2.004999e+02,6.550753e-01,9.319380e-04,2.378929e-01,3.702990e-01,2.197804e-02,1.087572e-01,5.400391e-01,7.071253e-01,7.089524e-02,1.185326e-01,2.624192e+00,2.182610e+00,5.849328e-01,4.590862e-01,-3.720397e+00,-1.323720e+00,-9.317347e-01,-5.601401e-02,1.112899e-01,4.042206e-02,8.523264e-02,4.833512e-02,-4.358797e-02,5.504169e-02,2.642174e-02,4.372173e-03,-6.483436e-04,-1.527509e-02,-3.168420e-02,-4.165988e-02,-1.383293e-02,-4.653280e-02,-1.026387e-01,0,-3.970158e-03,0,0,0,0,0,0,0,0
179,1.790000,1.075710e-01,-4.067372e+01,-1.203900e+01,-2.449829e+00,-1.876556e+01,-1.819263e+01,-1.018534e+01,-6.038290e+00,-6.235544e+00,-8.501620e+00,8.446387e+00,1.860915e+00,1.055005e+01,-2.262728e+01,3.060336e+00,-1.329253e+01,-6.364101e+00,-4.177991e+00,-4.165343e+00,-4.224097e+00,-5.059963e+00,-4.468173e+00,-3.533084e+00,-3.225271e+00,3.983645e-01,5.540671e-01,8.066166e-01,1.066471e+00,1.381258e+00,1.568406e+00,1.707153e+00,2.340597e+00,2.004999e+02,6.453912e-01,-1.367346e-02,6.822815e-02,-2.682769e-01,5.441985e-01,1.526254e+00,5.884363e-01,3.191535e-01,-1.200432e+00,2.028064e+00,4.258790e+00,8.456312e-01,1.156550e-01,8.573225e-01,-2.159611e+00,5.364624e-01,-1.817832e+00,-8.816919e-02,8.720970e-03,-9.124050e-02,-1.429032e-01,8.220220e-02,-1.561747e-02,1.522110e-01,8.093472e-02,-4.629848e-03,-1.273549e-02,2.990234e-03,-1.636249e-02,-2.947166e-02,-9.953285e-03,-1.195514e-03,-7.293181e-02,0,-6.204456e-03,0,0,0,0,0,0,0,0
180,1.800000,7.839710e-02,-4.110190e+01,-1.352168e+01,-2.202657e+00,-1.642492e+01,-1.860188e+01,-1.011084e+01,-6.522852e+00,-5.444645e+00,-2.187179e+00,8.051980e+00,1.556860e+00,1.296507e+01,-2.119053e+01,8.075989e+00,-1.501588e+01,-6.557644e+00,-4.333377e+00,-4.386924e+00,-4.567287e+00,-4.994352e+00,-4.459638e+00,-3.169864e+00,-3.161429e+00,3.697028e-01,5.228446e-01,8.050231e-01,1.042199e+00,1.351263e+00,1.544545e+00,1.673913e+00,2.252070e+00,2.004999e+02,6.333817e-01,-1.208790e-02,-1.134666e-01,-1.055032e+00,8.083819e-01,2.224574e+00,9.581318e-01,-8.099319e-01,-1.811355e+00,3.657830e+00,2.877382e+00,1.918955e-02,-5.154207e-01,1.149755e+00,1.087072e+00,2.286639e+00,-1.237708e+00,-1.052198e-01,-1.225548e-01,-2.089053e-01,-3.138460e-01,9.425211e-02,6.146608e-02,1.017242e-01,1.312127e-01,-5.959881e-03,-9.815669e-03,3.241882e-02,2.262390e-02,3.888750e-03,7.725382e-03,5.018414e-02,8.272695e-03,0,-4.299826e-03,0,0,0,0,0,0,0,0
181,1.810000,7.766541e-02,-4.143274e+01,-1.508052e+01,-1.068191e+00,-1.296556e+01,-1.631215e+01,-1.052568e+01,-1.178809e+01,2.603197e+00,2.093570e+00,8.379378e+00,1.340909e+00,1.611263e+01,-1.674962e+01,1.391274e+01,-1.591713e+01,-6.740515e+00,-4.596517e+00,-4.778554e+00,-5.099837e+00,-4.781987e+00,-4.419029e+00,-3.128956e+00,-2.941482e+00,3.600541e-01,5.209598e-01,8.770704e-01,1.101355e+00,1.385859e+00,1.584442e+00,1.824520e+00,2.373762e+00,2.004999e+02,6.324873e-01,2.865629e-03,-1.792103e-01,-1.139729e+00,6.755364e-01,1.465894e+00,1.249586e+00,-1.822278e+00,-1.399361e+00,2.567459e+00,-2.095427e-01,-4.790895e-01,-1.705194e+00,-7.753897e-01,2.263510e+00,1.938805e+00,-2.458744e-02,-4.273786e-02,-1.630874e-01,-1.797791e-01,-2.927201e-01,5.735612e-02,9.529762e-02,-4.372659e-02,9.494200e-02,-4.734925e-03,-2.942085e-03,3.645589e-02,3.268443e-02,3.259265e-02,1.935962e-02,6.891166e-02,6.966071e-02,0,1.190335e-03,0,0,0,0,0,0,0,0
182,1.820000,1.034196e-01,-4.159582e+01,-1.682493e+01,-4.304505e-01,-1.218873e+01,-1.432837e+01,-1.373477e+01,-1.172316e+01,4.220895e+00,-3.523603e+00,7.740700e+00,-1.527058e+00,1.450660e+01,-1.414200e+01,1.375703e+01,-1.368128e+01,-6.747938e+00,-4.829068e+00,-4.958457e+00,-5.336932e+00,-4.772480e+00,-4.244583e+00,-3.346675e+00,-2.808100e+00,3.706360e-01,5.363826e-01,9.360523e-01,1.180138e+00,1.452381e+00,1.609504e+00,1.917495e+00,2.526553e+00,2.004999e+02,6.400281e-01,7.720631e-03,-3.023605e-02,-4.672620e-01,6.166559e-01,3.177001e-01,9.754082e-01,-1.647027e+00,-1.356878e-02,1.386503e+00,-2.810880e+00,-1.284218e+00,-2.069428e+00,-2.414006e+00,1.689615e+00,-4.604736e-01,4.307331e-01,4.510741e-02,-1.002413e-01,-5.112271e-02,-1.435166e-01,-1.868329e-02,8.019529e-02,-1.577321e-01,3.745871e-02,1.846689e-03,-1.521170e-04,2.185075e-02,2.788594e-02,2.835285e-02,1.495842e-02,2.525705e-02,5.067444e-02,0,4.252243e-03,0,0,0,0,0,0,0,0
183,1.830000,1.093879e-01,-4.132281e+01,-1.608601e+01,4.174995e-02,-1.355418e+01,-1.408145e+01,-1.748476e+01,-1.043494e+01,1.768980e+00,-8.881122e+00,6.206580e+00,-5.123096e+00,5.902336e+00,-1.483400e+01,9.913844e+00,-1.408277e+01,-6.482644e+00,-4.745583e+00,-4.778472e+00,-5.302875e+00,-4.884119e+00,-4.099212e+00,-3.663312e+00,-2.927226e+00,3.742233e-01,5.325876e-01,9.233815e-01,1.160924e+00,1.493662e+00,1.632724e+00,1.929921e+00,2.551659e+00,2.004999e+02,6.480197e-01,5.911021e-03,1.218285e-01,3.076619e-01,1.392111e-01,-6.793133e-01,-4.233062e-01,-7.152671e-01,1.404256e+00,-3.808460e-01,-2.947601e+00,-1.396294e+00,-1.463645e+00,-2.813951e+00,1.208319e+00,-1.518602e+00,1.006445e+00,1.013040e-01,1.439948e-02,1.098549e-01,2.301769e-02,-8.797717e-02,4.006138e-02,-1.230427e-01,-3.631470e-02,-1.684350e-03,-7.857579e-03,-1.687465e-02,-7.136226e-03,-1.473999e-03,-1.512516e-03,-5.309920e-02,-4.948892e-02,0,3.888941e-03,0,0,0,0,0,0,0,0
184,1.840000,1.011390e-01,-4.130804e+01,-1.535524e+01,3.256516e-01,-1.454211e+01,-1.484018e+01,-1.486643e+01,-7.267269e+00,1.904976e+00,-1.075423e+01,2.717287e+00,-5.558279e+00,6.000190e+00,-1.370027e+01,7.773067e+00,-1.377939e+01,-6.461042e+00,-4.760051e+00,-4.642579e+00,-5.183351e+00,-5.036703e+00,-4.218570e+00,-3.691346e+00,-2.981263e+00,3.718517e-01,5.162701e-01,8.911213e-01,1.151844e+00,1.439126e+00,1.595196e+00,1.747498e+00,2.416493e+00,2.004999e+02,6.468768e-01,-1.832671e-03,3.088402e-01,6.073459e-01,-4.560964e-01,-9.105409e-01,-1.312476e+00,3.674196e-01,7.105290e-01,-3.153318e-01,-7.593581e-01,-1.424745e+00,3.292985e-01,-9.616283e-01,5.875767e-01,-1.616238e+00,1.452220e+00,7.386551e-02,1.115229e-01,1.760664e-01,1.136926e-01,-2.150159e-02,2.268267e-03,-1.555278e-02,-4.036345e-02,-6.603613e-03,-1.274715e-02,-3.458824e-02,-2.463467e-02,-3.221629e-02,-1.963930e-02,-8.650623e-02,-1.426884e-01,0,3.847736e-03,0,0,0,0,0,0,0,0
185,1.850000,1.083608e-01,-4.096748e+01,-1.427706e+01,-7.501862e-01,-1.518544e+01,-1.817278e+01,-1.353618e+01,-6.994753e+00,1.856928e+00,-9.029120e+00,3.909616e+00,-3.961704e+00,6.296082e+00,-1.092889e+01,9.311708e+00,-1.083585e+01,-6.377443e+00,-4.559028e+00,-4.387218e+00,-5.061539e+00,-5.089762e+00,-4.231729e+00,-3.571834e+00,-3.036474e+00,3.510245e-01,4.917282e-01,8.151627e-01,1.079821e+00,1.385117e+00,1.584033e+00,1.644023e+00,2.181347e+00,2.004999e+02,6.485077e-01,1.363374e-03,6.591312e-01,2.068296e-01,-8.113374e-01,-9.445266e-01,-1.452407e+00,-1.966720e-01,2.335532e-01,5.420331e-01,3.581668e-01,-1.045910e+00,1.929673e+00,8.759773e-01,1.145005e+00,-1.176265e+00,2.332944e+00,6.362157e-02,1.632734e-01,2.016594e-01,1.496509e-01,1.035968e-01,7.510638e-02,6.086252e-02,3.462369e-02,-4.552969e-03,-6.424406e-03,-2.586145e-02,-8.468295e-03,-3.495498e-02,-2.154909e-02,-4.016333e-02,-1.271975e-01,0,3.739417e-03,0,0,0,0,0,0,0,0
186,1.860000,9.476978e-02,-4.022928e+01,-1.469268e+01,-2.314965e+00,-1.592581e+01,-1.884509e+01,-1.387196e+01,-9.890613e+00,2.600263e+00,-7.246395e+00,1.765456e+00,-4.612611e-01,9.501586e+00,-1.315666e+01,5.976907e+00,-8.043639e+00,-6.431211e+00,-4.364731e+00,-4.273752e+00,-4.889137e+00,-4.777167e+00,-4.166983e+00,-3.470178e+00,-2.955293e+00,3.492173e-01,4.930766e-01,8.172205e-01,1.097516e+00,1.345572e+00,1.535653e+00,1.627913e+00,1.998267e+00,2.004999e+02,6.590227e-01,1.104157e-02,1.023825e+00,-5.396074e-01,-1.917453e-01,-7.406646e-01,-1.031329e+00,-1.270358e+00,4.369888e-01,8.310674e-01,7.934886e-01,-1.030188e-01,1.642673e+00,7.125514e-01,7.334583e-01,-1.025657e+00,2.048441e+00,6.144419e-02,1.662599e-01,1.891301e-01,1.181150e-01,1.539325e-01,1.742940e-01,1.170846e-01,1.505742e-01,-3.427556e-03,2.073762e-03,-1.190876e-02,1.366453e-02,-1.395653e-02,-1.280130e-02,1.959257e-02,-5.201883e-02,0,-3.990273e-02,0,0,0,0,0,0,0,0
187,1.870000,1.193894e-01,-3.856654e+01,-1.538315e+01,-2.694629e+00,-1.758497e+01,-1.934103e+01,-1.896536e+01,-7.955502e+00,4.131502e+00,-8.844206e+00,1.452947e+00,1.976760e+00,8.531525e+00,-9.380775e+00,4.930602e+00,-5.285923e+00,-6.179451e+00,-4.126876e+00,-3.954589e+00,-4.701728e+00,-4.495903e+00,-3.749474e+00,-3.469584e+00,-2.767092e+00,3.627757e-01,5.120624e-01,8.310246e-01,1.145746e+00,1.365664e+00,1.554751e+00,1.788897e+00,2.124785e+00,2.004999e+02,6.606438e-01,1.261785e-02,1.247580e+00,-1.351102e+00,1.084275e+00,-6.856427e-01,-1.603930e-01,-1.053243e+00,1.974869e+00,1.644737e+00,7.866140e-01,1.226093e+00,-7.056931e-01,7.824165e-01,4.290911e-01,-1.085070e+00,4.528901e-01,2.508960e-02,1.134096e-01,1.581195e-01,6.213474e-02,1.248367e-01,2.091762e-01,1.665437e-01,3.339256e-01,-9.259880e-05,2.793547e-03,7.051879e-03,3.289342e-02,4.810405e-03,2.724445e-03,4.450357e-02,6.740240e-02,0,-1.082990e-01,0,0,0,0,0,0,0,0
188,1.880000,1.508326e-01,-3.738939e+01,-1.750023e+01,3.391465e-01,-1.704567e+01,-1.941270e+01,-1.850363e+01,-4.601951e+00,4.923026e+00,-6.879246e+00,3.430527e+00,-3.141441e-01,8.445226e+00,-1.080704e+01,4.835335e+00,-6.312151e+00,-6.252817e+00,-4.144827e+00,-3.913243e+00,-4.772682e+00,-4.563970e+00,-3.588228e+00,-3.157048e+00,-2.363083e+00,3.488383e-01,5.164718e-01,8.236465e-01,1.187204e+00,1.379070e+00,1.545831e+00,1.773024e+00,2.184680e+00,2.004999e+02,4.412951e-01,1.134355e-02,1.137961e+00,-1.866110e+00,2.257060e+00,-5.350044e-01,1.042621e+00,2.356293e-01,3.053295e+00,1.610741e+00,1.487539e+00,2.521578e+00,-2.688478e+00,1.023836e+00,1.758281e-01,-9.634719e-02,-6.535444e-01,-4.057598e-02,9.838581e-04,6.940544e-02,-8.943796e-03,3.926630e-02,1.417827e-01,2.074479e-01,4.415059e-01,-4.228878e-03,2.874875e-03,3.598577e-03,2.127805e-02,7.493782e-03,1.448871e-02,8.540225e-03,1.029901e-01,0,-1.370821e-01,0,0,0,0,0,0,0,0
189,1.890000,1.434186e-01,-3.614952e+01,-1.962879e+01,3.344133e+00,-1.805373e+01,-1.869094e+01,-1.648656e+01,2.352632e-01,8.919230e+00,-5.279625e+00,9.207544e+00,-7.563728e+00,1.073634e+01,-9.958253e+00,4.457147e+00,-9.437147e+00,-6.341192e+00,-4.101932e+00,-3.776875e+00,-4.809093e+00,-4.572176e+00,-3.475225e+00,-2.895680e+00,-1.662951e+00,3.507510e-01,4.939983e-01,8.472090e-01,1.199444e+00,1.392420e+00,1.592566e+00,1.793985e+00,2.425153e+00,2.004999e+02,2.158764e-01,-6.123728e-03,1.079603e+00,-1.926630e+00,2.738211e+00,-3.531017e-01,2.293086e+00,1.281781e+00,2.700251e+00,1.443802e+00,1.559228e+00,1.753845e+00,-2.784461e+00,2.053233e+00,-1.446517e+00,-6.742440e-01,-6.443381e-01,-4.585180e-02,-5.675907e-02,-1.014836e-02,-4.185581e-03,5.751867e-02,6.220663e-02,2.244863e-01,4.865472e-01,-7.161585e-03,4.618931e-03,1.406994e-02,1.098673e-02,6.122923e-03,1.514637e-02,-1.262604e-02,1.013824e-01,0,-7.924495e-02,0,0,0,0,0,0,0,0
190,1.900000,1.394729e-01,-3.574798e+01,-2.190041e+01,5.950953e+00,-1.836645e+01,-1.395704e+01,-1.393321e+01,1.280480e+00,8.260105e+00,-1.590993e+00,1.049605e+01,-9.133405e+00,1.351836e+01,-1.198879e+01,5.731899e+00,-9.235749e+00,-6.553221e+00,-4.372283e+00,-4.015581e+00,-4.880173e+00,-4.542698e+00,-3.595194e+00,-2.719890e+00,-1.299834e+00,3.340853e-01,5.164830e-01,8.271212e-01,1.177058e+00,1.369663e+00,1.589188e+00,1.668070e+00,2.363034e+00,2.004999e+02,1.959961e-01,-1.081591e-02,1.268541e+00,-1.664955e+00,2.110880e+00,-5.956785e-01,2.666810e+00,8.653180e-01,1.948529e+00,6.346155e-01,3.955230e-01,-6.605234e-01,-7.422496e-01,2.179485e+00,-1.323080e+00,-6.266874e-01,8.840705e-01,4.246163e-02,-6.918678e-02,6.212831e-03,9.280992e-02,1.442525e-01,8.225443e-02,2.127117e-01,4.342763e-01,-2.182785e-03,1.359417e-02,1.744848e-02,6.210542e-03,7.223880e-03,1.034375e-02,-1.450992e-03,6.787725e-02,0,6.273903e-03,0,0,0,0,0,0,0,0
191,1.910000,9.445059e-02,-3.398923e+01,-2.281621e+01,8.190522e+00,-1.869008e+01,-1.060344e+01,-1.484166e+01,2.604537e+00,9.681973e+00,-3.692193e+00,6.689411e+00,-7.535917e+00,1.626113e+01,-1.602248e+01,1.111099e+00,-7.045815e+00,-6.258509e+00,-4.296943e+00,-3.954161e+00,-4.668910e+00,-4.218945e+00,-3.434958e+00,-2.565731e+00,-8.659809e-01,3.343443e-01,5.351514e-01,8.996370e-01,1.205753e+00,1.400982e+00,1.608804e+00,1.778243e+00,2.542520e+00,2.004999e+02,3.870685e-01,-4.145431e-03,1.456419e+00,-1.249119e+00,1.107785e+00,-6.008164e-01,1.525702e+00,-2.050109e-01,1.116571e+00,5.093050e-03,-5.776446e-01,-2.128427e+00,1.587064e+00,1.589855e+00,-1.560860e+00,-1.223422e+00,1.615002e+00,9.741235e-02,2.144871e-02,8.184235e-02,1.798964e-01,2.082361e-01,1.556472e-01,2.121286e-01,3.316155e-01,2.922368e-03,1.148846e-02,1.417854e-02,4.890680e-03,5.726814e-03,-2.384186e-04,1.922572e-03,-4.074001e-03,0,1.414645e-02,0,0,0,0,0,0,0,0
192,1.920000,1.212370e-01,-3.212684e+01,-2.423130e+01,8.470351e+00,-1.970588e+01,-1.012240e+01,-1.499949e+01,3.956057e+00,7.714732e+00,-5.695347e+00,1.386978e+00,-4.039298e+00,1.658026e+01,-1.439032e+01,3.374922e+00,-3.087465e+00,-6.081851e+00,-4.393256e+00,-3.793536e+00,-4.378724e+00,-4.019323e+00,-3.197089e+00,-2.258464e+00,-5.901862e-01,3.461278e-01,5.638661e-01,8.846750e-01,1.215102e+00,1.410908e+00,1.589431e+00,1.773640e+00,2.465382e+00,2.004999e+02,3.870685e-01,5.329313e-03,1.284795e+00,-6.098903e-01,-1.469503e-01,-9.569387e-01,-7.072449e-03,-8.742280e-01,6.746005e-01,6.893836e-01,2.021407e-01,-2.247425e-01,2.643228e+00,1.518463e+00,-2.499046e-02,-4.320868e-01,1.364694e+00,6.523924e-02,1.549598e-01,1.804019e-01,1.971924e-01,2.011740e-01,1.761028e-01,1.424824e-01,2.107883e-01,1.533636e-03,-3.944510e-03,1.229000e-03,-1.488447e-04,1.867342e-03,-6.725454e-03,1.149932e-02,-2.325771e-02,2.669983e-02,-9.911017e-03,0,0,0,0,1.347346e+01,0,0,1.337414e-02
193,1.930000,1.318094e-01,-3.067800e+01,-2.470894e+01,7.623360e+00,-2.038809e+01,-1.297975e+01,-1.697847e+01,4.480330e+00,9.217382e+00,-6.115671e+00,3.119943e+00,-2.175463e+00,1.715467e+01,-1.656179e+01,-4.814763e-01,-4.436279e+00,-6.089815e+00,-3.984202e+00,-3.478686e+00,-4.160336e+00,-3.792683e+00,-2.896042e+00,-2.065750e+00,-3.596972e-01,3.593416e-01,5.277491e-01,8.893248e-01,1.204875e+00,1.400432e+00,1.591253e+00,1.750813e+00,2.353608e+00,2.004999e+02,1.910724e-01,2.107063e-02,6.318563e-01,1.038010e+00,-8.755178e-01,8.896732e-02,4.889746e-02,-1.021955e+00,-9.474871e-01,7.976553e-01,1.170947e+00,1.501186e+00,1.676930e+00,1.476517e+00,1.629208e+00,1.235766e+00,5.161270e-01,1.386712e-01,2.463052e-01,1.542480e-01,1.004025e-01,1.725191e-01,9.229605e-02,-3.228490e-02,-6.478781e-02,-1.230272e-02,-1.640688e-02,-1.315987e-02,-6.118488e-03,-5.749726e-03,-2.526093e-03,1.769220e-02,-2.532730e-02,8.080902e-02,1.084272e-02,0,0,0,0,3.365980e+01,0,0,3.343534e-02
194,1.940000,1.474400e-01,-3.097962e+01,-2.400349e+01,5.499783e+00,-2.230214e+01,-1.280424e+01,-1.723595e+01,3.715586e+00,1.193932e+01,6.314495e-01,1.115707e+01,1.402508e+00,2.066390e+01,-1.184409e+01,4.367753e+00,-3.717048e+00,-6.311371e+00,-3.753855e+00,-3.351309e+00,-4.148498e+00,-3.749959e+00,-2.984138e+00,-2.257469e+00,-4.990346e-01,3.292548e-01,5.004616e-01,8.384223e-01,1.176752e+00,1.379275e+00,1.564336e+00,1.739282e+00,2.341201e+00,2.006334e+02,2.444391e-01,2.046018e-02,2.168907e-01,3.330526e+00,-1.144146e+00,2.626531e+00,2.214037e+00,-1.250402e+00,-3.893289e+00,-9.570767e-01,-2.076325e-01,4.285834e-01,-6.141400e-01,6.351576e-01,2.990933e+00,1.790168e+00,-3.728318e-02,5.017871e-01,4.002408e-01,2.416124e-02,4.557047e-02,2.535113e-01,5.264354e-02,-2.236938e-01,-3.584673e-01,-2.882907e-02,-2.109459e-02,2.324796e-03,-4.129815e-03,4.564655e-03,1.399933e-02,7.425462e-02,5.143609e-02,1.400650e-01,1.113381e-01,6.736729e+01,0,0,6.687068e-02,5.378447e+01,2.137920e-03,0,6.350674e-02
195,1.950000,1.867022e-01,-3.140355e+01,-1.774006e+01,5.298217e+00,-1.694712e+01,-9.018026e+00,-1.883321e+01,-2.012662e+00,1.155796e+01,-1.000855e+00,9.310295e+00,-1.872171e+00,2.160189e+01,-9.149563e+00,6.793514e+00,-4.150388e+00,-5.450392e+00,-3.385118e+00,-3.404035e+00,-4.282011e+00,-3.491032e+00,-3.079953e+00,-2.727654e+00,-1.235496e+00,2.812672e-01,4.848193e-01,8.569641e-01,1.194335e+00,1.388050e+00,1.608721e+00,1.883883e+00,2.477974e+00,2.008372e+02,5.125968e-01,1.279047e-02,3.842663e-01,5.037717e+00,-1.268474e+00,6.008326e+00,4.455720e+00,-1.936634e+00,-7.318976e+00,-3.628885e+00,-4.118329e+00,-3.413839e+00,-2.832705e+00,-1.743919e+00,4.666065e+00,2.469270e+00,-1.156606e-01,9.899582e-01,5.583722e-01,-1.224582e-01,4.903398e-02,4.227341e-01,1.683966e-01,-2.486698e-01,-5.377520e-01,-3.204083e-02,-1.988674e-02,2.691479e-02,1.082933e-03,1.777970e-02,2.473358e-02,8.981931e-02,7.055478e-02,1.639023e-01,1.775091e-01,1.346153e+02,0,0,1.337414e-01,5.370204e+01,3.245214e-03,2.100814e-03,5.963343e-02
196,1.960000,1.960915e-01,-3.067961e+01,-1.106311e+01,3.912193e+00,-8.293715e+00,-1.033076e+00,-2.032413e+01,-1.226389e+01,1.759061e+00,-9.290917e+00,4.347188e-01,-7.261644e+00,1.753244e+01,-3.141767e+00,8.688268e+00,-3.416826e+00,-3.892627e+00,-2.691594e+00,-3.710056e+00,-4.090034e+00,-2.902593e+00,-2.841916e+00,-3.045981e+00,-1.944624e+00,2.410197e-01,4.798580e-01,9.124793e-01,1.199723e+00,1.439922e+00,1.650694e+00,2.078377e+00,2.660380e+00,2.010315e+02,7.829966e-01,1.437394e-02,9.858618e-01,4.888586e+00,-1.340227e+00,8.285952e+00,4.616791e+00,-2.807886e+00,-9.510254e+00,-5.176489e+00,-8.755414e+00,-6.010446e+00,-2.925577e+00,-4.336997e+00,4.759244e+00,1.675843e+00,1.535672e-01,1.282803e+00,7.363575e-01,-2.155590e-01,1.107750e-01,5.596921e-01,4.063883e-01,-8.669557e-02,-4.277950e-01,-2.163596e-02,-2.553973e-02,5.303324e-02,3.568709e-03,2.623795e-02,2.175838e-02,5.494880e-02,3.596117e-02,1.426651e-01,1.405960e-01,2.016147e+02,1.068960e-02,0,2.506630e-01,3.349559e+01,3.769438e-03,3.618233e-03,2.551755e-02
197,1.970000,1.714360e-01,-2.890668e+01,-5.990547e+00,2.074784e+00,2.649327e+00,3.413271e+00,-2.511755e+01,-2.412481e+01,-3.836912e+00,-2.174613e+01,-8.588078e+00,-1.200691e+01,1.000081e+01,2.417377e+00,9.704615e+00,-5.164692e+00,-2.349397e+00,-1.723472e+00,-3.911604e+00,-3.944398e+00,-2.102696e+00,-2.125170e+00,-2.914843e+00,-2.325663e+00,2.432550e-01,4.386171e-01,9.868703e-01,1.198804e+00,1.459007e+00,1.671742e+00,2.030362e+00,2.546793e+00,2.011203e+02,8.093393e-01,3.312121e-02,1.287680e+00,2.871962e+00,-1.464463e+00,7.770139e+00,2.422755e+00,-3.018428e+00,-8.554018e+00,-3.589944e+00,-1.069572e+01,-5.263400e+00,-8.517029e-01,-5.220358e+00,4.343751e+00,1.995620e+00,4.804195e-01,1.112981e+00,7.464092e-01,-1.991634e-01,1.125401e-01,5.156282e-01,5.753457e-01,1.447796e-01,-1.187970e-01,-9.030802e-03,-3.421726e-02,5.802263e-02,4.982150e-03,2.425313e-02,1.461756e-03,-1.184994e-02,-1.861238e-02,2.232178e-01,5.509472e-02,2.013865e+02,1.088127e-02,1.050407e-02,2.062710e-01,1.383152e+01,8.639939e-04,4.308256e-03,-2.751859e-02
198,1.980000,2.269429e-01,-2.729875e+01,-5.435322e+00,4.103627e-01,9.329398e+00,4.064065e+00,-2.813320e+01,-3.277961e+01,-6.245693e+00,-3.277298e+01,-9.945973e+00,-8.158006e+00,4.779459e+00,6.168667e+00,1.129142e+01,-2.442060e+00,-1.447854e+00,-9.028904e-01,-4.175319e+00,-3.763429e+00,-1.645667e+00,-1.429588e+00,-2.597352e+00,-2.092926e+00,2.400811e-01,3.958640e-01,1.038635e+00,1.192361e+00,1.474987e+00,1.641618e+00,1.940786e+00,2.486598e+00,2.012051e+02,7.990478e-01,7.568584e-02,1.138539e+00,8.803226e-01,-1.038831e+00,5.544532e+00,-9.618831e-01,-2.242452e+00,-5.203866e+00,1.597741e-01,-1.023170e+01,-2.943053e+00,2.472404e+00,-4.812614e+00,2.289546e+00,7.893984e-01,2.623221e-01,6.696503e-01,5.316650e-01,-9.236135e-02,5.315597e-02,3.291700e-01,5.710168e-01,2.793317e-01,1.757592e-01,-2.706499e-03,-3.360156e-02,5.597130e-02,1.765121e-02,1.920623e-02,-9.304190e-03,-3.061558e-02,-1.998777e-02,3.464249e-01,-8.836532e-03,2.014597e+02,1.340655e-02,1.283913e-02,1.581936e-01,7.160385e-01,-2.327025e-03,1.841812e-03,-6.231828e-02
199,1.990000,3.368826e-01,-2.665558e+01,-6.194143e+00,-2.731831e-01,1.309202e+01,5.471756e-01,-3.002081e+01,-3.452489e+01,-2.389388e+00,-4.273842e+01,-1.181636e+01,-5.682504e+00,1.876589e+00,7.913976e+00,1.547004e+01,-2.235674e+00,-1.107874e+00,-5.474236e-01,-4.167220e+00,-3.882612e+00,-1.541354e+00,-9.093883e-01,-2.228070e+00,-1.755330e+00,2.365824e-01,3.557300e-01,1.083999e+00,1.222927e+00,1.491784e+00,1.620568e+00,1.893429e+00,2.471803e+00,2.018665e+02,7.800449e-01,9.335710e-02,4.296059e-01,-5.232874e-01,-1.283406e-01,2.791144e+00,-3.301999e+00,4.917812e-02,3.042019e-01,2.912749e+00,-7.609048e+00,-1.597670e+00,5.091710e+00,-3.919923e+00,-3.869881e-02,-6.575494e-01,-6.993831e-01,1.293083e-01,8.366080e-02,-4.922295e-03,-2.464023e-02,4.354841e-02,3.813503e-01,2.717957e-01,2.965447e-01,-2.144717e-03,-1.378595e-02,4.976007e-02,3.340023e-02,1.994343e-02,-4.917336e-03,7.989764e-04,2.815285e-02,4.541290e-01,-1.984926e-02,2.038505e+02,2.961493e-03,1.512172e-02,4.238309e-02,7.772385e-01,2.146177e-04,1.499255e-03,-3.435134e-02
200,2.000000,4.917974e-01,-2.611246e+01,-6.559695e+00,-1.079800e-01,1.420760e+01,-4.409443e+00,-2.908476e+01,-3.308318e+01,1.834170e+00,-4.995329e+01,-1.266641e+01,1.938173e+00,-2.468528e+00,5.557663e+00,9.752547e+00,-3.569725e+00,-1.165136e+00,-6.212929e-01,-4.044055e+00,-3.855147e+00,-1.537414e+00,-5.947223e-01,-1.992709e+00,-1.350994e+00,2.308234e-01,3.532938e-01,1.143771e+00,1.275918e+00,1.519565e+00,1.629760e+00,1.993766e+00,2.597935e+00,2.023906e+02,7.534612e-01,5.186352e-02,-5.914217e-01,-7.078573e-01,8.856584e-01,1.659710e-01,-4.042313e+00,2.673123e+00,5.578244e+00,3.363799e+00,-2.876533e+00,5.454016e-02,5.021459e+00,-2.922710e+00,-3.340583e+00,-2.639143e+00,-2.954762e+00,-3.315434e-01,-4.303773e-01,5.250950e-02,-7.390547e-02,-3.003169e-01,3.888963e-02,1.193758e-01,1.475342e-01,-1.278523e-03,1.566192e-02,1.100273e-02,3.314760e-02,7.527554e-03,2.802038e-03,-5.082834e-03,2.531443e-02,3.799087e-01,-2.216397e-02,2.039629e+02,3.014361e-03,6.900238e-03,2.101562e-02,-1.334868e+01,2.118769e-03,1.754422e-03,-5.168277e-03
201,2.010000,5.057942e-01,-2.735179e+01,-8.044798e+00,1.692253e+00,1.416595e+01,-8.859968e+00,-2.439588e+01,-2.245202e+01,6.686903e+00,-5.120122e+01,-1.521621e+01,8.403548e+00,-5.974818e+00,2.529385e+00,7.186303e+00,-8.097775e+00,-1.844214e+00,-1.445966e+00,-4.001848e+00,-4.021740e+00,-1.939080e+00,-6.358506e-01,-1.858186e+00,-1.213905e+00,2.371603e-01,3.909725e-01,1.183103e+00,1.324027e+00,1.536435e+00,1.653084e+00,2.007867e+00,2.631888e+00,2.027982e+02,7.328863e-01,-2.677291e-02,-1.863680e+00,-5.828969e-01,1.611361e+00,-2.615778e+00,-2.522594e+00,5.283906e+00,8.903470e+00,1.383326e+00,3.102153e+00,1.954651e+00,2.446237e+00,-1.074453e+00,-6.355449e+00,-3.762704e+00,-4.695632e+00,-6.451747e-01,-8.440164e-01,-1.290956e-02,-9.634469e-02,-6.468948e-01,-4.307896e-01,-1.619921e-01,-1.537499e-01,-1.309216e-04,4.217594e-02,-4.264878e-02,7.176113e-03,-6.982684e-03,2.513909e-03,-3.789443e-02,5.692148e-03,1.692764e-01,-1.912540e-02,2.040211e+02,1.715046e-02,2.096979e-02,1.031033e-01,-3.422740e+01,4.129131e-03,1.435275e-03,1.979724e-02
202,2.020000,4.018047e-01,-2.990775e+01,-8.049281e+00,3.855937e+00,9.622288e+00,-1.144393e+01,-1.758005e+01,-1.092482e+01,6.035156e+00,-4.292424e+01,-7.973345e+00,9.906265e+00,-5.908389e+00,-7.841953e+00,2.237571e+00,-1.428482e+01,-2.737401e+00,-2.605506e+00,-3.995458e+00,-4.063393e+00,-2.948388e+00,-1.371909e+00,-2.185415e+00,-1.625967e+00,2.333996e-01,4.565524e-01,1.044097e+00,1.307549e+00,1.490299e+00,1.639370e+00,1.858153e+00,2.533128e+00,2.026388e+02,7.118072e-01,-9.940084e-02,-2.761070e+00,-1.172654e-01,1.667734e+00,-4.687312e+00,-6.150135e-01,5.984804e+00,8.833148e+00,-1.206711e+00,7.943913e+00,3.688665e+00,-1.632889e+00,1.123864e+00,-8.286667e+00,-3.279580e+00,-5.107747e+00,-7.077945e-01,-9.262079e-01,-7.397022e-02,-1.230314e-01,-8.627219e-01,-8.069568e-01,-4.043563e-01,-4.615989e-01,-8.799940e-04,4.532234e-02,-1.006123e-01,-3.439834e-02,-2.513528e-02,-1.263676e-02,-8.275515e-02,-6.633337e-02,1.868286e-02,-1.375073e-02,1.346310e+02,1.690591e-02,1.868720e-02,1.019922e-01,-5.445675e+01,-6.517804e-04,-1.836566e-03,-4.425351e-03
203,2.030000,2.480145e-01,-3.407634e+01,-8.363834e+00,5.801664e+00,2.305781e+00,-8.548553e+00,-9.353635e+00,-1.086719e+00,2.426751e+00,-3.074218e+01,-4.389631e+00,2.564636e+00,-1.775743e+00,-1.716346e+01,4.140059e-01,-2.035629e+01,-3.547615e+00,-3.775399e+00,-4.256066e+00,-4.260213e+00,-4.070341e+00,-2.674743e+00,-2.941677e+00,-2.386593e+00,2.346398e-01,5.149804e-01,9.205923e-01,1.242992e+00,1.471503e+00,1.628332e+00,1.771763e+00,2.532668e+00,2.025887e+02,7.052448e-01,-1.152230e-01,-2.534475e+00,6.604147e-02,1.522316e+00,-5.124650e+00,-1.738694e-01,4.987640e+00,5.647206e+00,-2.688718e+00,9.542011e+00,4.215943e+00,-4.870351e+00,1.916875e+00,-7.424874e+00,-2.865932e+00,-3.305498e+00,-5.359805e-01,-6.784860e-01,-6.751890e-02,-1.434257e-01,-8.075229e-01,-8.768959e-01,-4.045243e-01,-4.736125e-01,-1.046658e-03,2.611995e-02,-1.103815e-01,-5.532303e-02,-1.981981e-02,-1.983636e-02,-7.020000e-02,-7.277832e-02,8.138107e-01,-7.266670e-03,6.737942e+01,1.666137e-02,1.640461e-02,1.008810e-01,-3.731853e+01,-5.120683e-03,-6.062678e-03,-3.081987e-02
204,2.040000,1.236831e-01,-3.655554e+01,-6.986504e+00,6.175986e+00,-3.298876e+00,-7.640218e+00,-6.681867e+00,3.999127e-01,-2.069308e+00,-2.046324e+01,3.636295e-01,-3.306816e+00,1.051256e+00,-2.602925e+01,-3.259206e+00,-2.297920e+01,-3.852408e+00,-4.087616e+00,-4.286797e+00,-4.351068e+00,-4.785393e+00,-3.610060e+00,-3.472745e+00,-3.072645e+00,2.276837e-01,5.179016e-01,7.719652e-01,1.144444e+00,1.426354e+00,1.578952e+00,1.698042e+00,2.315879e+00,2.025887e+02,6.985283e-01,-8.285344e-02,-1.382728e+00,-5.091826e-01,1.485999e+00,-3.369472e+00,-1.486137e+00,3.072644e+00,2.196093e+00,-2.133515e+00,6.727299e+00,1.978039e+00,-5.629410e+00,4.180067e-01,-3.777404e+00,-1.369396e+00,-7.381229e-01,-2.575309e-01,-3.225104e-01,-4.511452e-03,-1.691827e-01,-5.398582e-01,-5.669786e-01,-1.456830e-01,-1.856369e-01,-2.631128e-04,1.164383e-03,-7.276200e-02,-3.718988e-02,-1.942170e-03,-1.352921e-02,-1.563115e-02,-4.617379e-02,2.946790e+00,1.599204e-03,0,0,0,0,9.345723e+00,-5.047320e-03,-5.377901e-03,-2.464231e-02
205,2.050000,6.874021e-02,-3.670027e+01,-8.245979e+00,8.143809e+00,-4.996721e+00,-1.163117e+01,-4.906775e+00,1.216436e-01,-2.704454e+00,-1.472167e+01,1.695016e+00,-9.341669e+00,1.297359e-01,-2.550134e+01,-4.394970e+00,-2.027807e+01,-3.966613e+00,-4.097341e+00,-4.193773e+00,-4.595031e+00,-5.058192e+00,-3.901255e+00,-3.237143e+00,-2.858629e+00,2.347849e-01,4.908977e-01,7.672613e-01,1.128965e+00,1.469308e+00,1.584111e+00,1.736923e+00,2.376621e+00,2.068923e+02,7.031924e-01,-3.330298e-02,1.781902e-01,-1.222394e+00,1.569511e+00,-1.773090e-01,-3.113182e+00,1.180411e+00,4.246691e-01,-8.235400e-01,1.848267e+00,-4.983533e-01,-5.323949e+00,-1.577689e+00,7.306929e-01,1.507181e-02,1.736971e+00,4.703062e-02,-5.298500e-02,7.849498e-02,-1.601193e-01,-2.247664e-01,-6.589203e-02,2.137252e-01,1.884120e-01,-3.086321e-03,-1.320984e-02,-2.592913e-02,5.218840e-03,1.781337e-02,-2.019405e-04,3.763217e-02,2.370944e-02,6.116464e+00,1.177685e-02,8.474387e+01,0,0,0,5.614323e+01,-2.188060e-03,-2.651579e-03,2.575568e-03
206,2.060000,7.717461e-02,-3.550943e+01,-1.065412e+01,1.011486e+01,-3.573819e+00,-1.733330e+01,-4.440264e+00,-5.485423e-01,-2.066815e+00,-1.729801e+01,-1.125473e+00,-1.228763e+01,-4.771095e+00,-2.256003e+01,-2.204920e+00,-1.801454e+01,-3.815557e+00,-4.057087e+00,-4.049161e+00,-4.741897e+00,-5.153754e+00,-3.593545e+00,-2.766098e+00,-2.318134e+00,2.320114e-01,4.744156e-01,7.569528e-01,1.178613e+00,1.481686e+00,1.593834e+00,1.797418e+00,2.380282e+00,2.152210e+02,7.208294e-01,2.482720e-02,1.273665e+00,-1.551493e+00,1.153588e+00,2.980497e+00,-3.551201e+00,-1.021294e-01,2.227713e-01,7.432842e-03,-2.358572e+00,-3.298934e+00,-3.760028e+00,-3.899951e+00,3.278289e+00,8.177870e-01,2.436204e+00,3.155249e-01,8.718381e-02,1.008322e-01,-1.204487e-01,3.579645e-02,3.789129e-01,4.342009e-01,4.176203e-01,-6.215444e-03,-1.323903e-02,2.689734e-02,5.149673e-02,3.150298e-02,1.424773e-02,8.377250e-02,9.413119e-02,8.879849e+00,2.140504e-02,1.726774e+02,0,0,2.922110e-02,7.119366e+01,2.569338e-03,1.497252e-03,4.552466e-02
207,2.070000,1.047538e-01,-3.370844e+01,-1.264199e+01,1.167978e+01,1.556707e+00,-1.926792e+01,-4.572381e+00,1.510854e+00,-1.692196e+00,-2.308346e+01,-6.136846e+00,-1.956470e+01,-6.753011e+00,-1.524460e+01,-3.777826e-02,-1.415376e+01,-3.330888e+00,-4.055589e+00,-3.982409e+00,-4.865395e+00,-5.009993e+00,-3.012460e+00,-2.226375e+00,-1.821789e+00,2.170443e-01,4.706742e-01,7.984529e-01,1.252001e+00,1.532905e+00,1.619882e+00,1.910236e+00,2.619014e+00,2.268549e+02,7.529785e-01,5.269321e-02,1.890850e+00,-8.943594e-01,6.095066e-02,5.548198e+00,-3.294400e+00,-1.320522e+00,8.025666e-02,-1.165696e+00,-3.822467e+00,-4.205316e+00,-9.992148e-01,-5.046314e+00,2.763474e+00,-1.138897e-01,2.040213e+00,5.341425e-01,2.530217e-01,9.794495e-02,-2.691450e-02,2.121634e-01,6.677830e-01,5.353180e-01,4.247211e-01,-1.087031e-02,-1.611059e-02,3.486349e-02,6.079965e-02,2.203668e-02,1.095202e-02,6.041678e-02,4.509425e-02,1.001450e+01,2.391329e-02,2.617569e+02,5.721075e-03,3.146716e-03,9.914831e-02,4.718325e+01,4.401418e-03,2.767876e-03,4.847782e-02
208,2.080000,2.298123e-01,-3.168313e+01,-1.254596e+01,1.017594e+01,8.326896e+00,-2.157785e+01,-7.359711e+00,8.191639e-01,-2.538273e+00,-2.807520e+01,-1.221511e+01,-1.699544e+01,-1.500713e+01,-1.476617e+01,-1.348867e+00,-1.386034e+01,-2.592646e+00,-3.672573e+00,-3.888318e+00,-4.818130e+00,-4.630510e+00,-2.159893e+00,-1.807124e+00,-1.502964e+00,2.054768e-01,4.618182e-01,8.908561e-01,1.340409e+00,1.552071e+00,1.632306e+00,2.030248e+00,2.665338e+00,2.370067e+02,7.806605e-01,5.114517e-02,2.130549e+00,-2.082172e-01,-9.946820e-01,6.184326e+00,-3.568773e+00,-1.867393e+00,-6.952695e-01,-2.527109e+00,-2.283008e+00,-3.284053e+00,1.749013e+00,-5.941568e+00,1.013487e+00,-1.405870e+00,9.612087e-01,5.899111e-01,4.089521e-01,1.098927e-01,5.708037e-02,3.154227e-01,7.549369e-01,5.810806e-01,3.995073e-01,-9.479025e-03,-2.253568e-02,3.069408e-02,4.801197e-02,1.278937e-02,2.966869e-03,1.041831e-02,-1.743000e-02,9.806353e+00,1.964897e-02,2.674618e+02,9.986151e-03,5.912900e-03,1.780491e-01,2.268783e+01,3.992355e-03,2.635356e-03,2.417346e-02
209,2.090000,2.558874e-01,-2.915917e+01,-1.177186e+01,8.418023e+00,1.679391e+01,-2.598090e+01,-1.004966e+01,-1.609262e-01,-8.297203e+00,-2.844540e+01,-1.378675e+01,-1.198384e+01,-1.998382e+01,-1.558090e+01,-5.392445e+00,-1.215411e+01,-1.907355e+00,-3.024489e+00,-3.784470e+00,-4.691487e+00,-4.258996e+00,-1.279166e+00,-1.040040e+00,-1.142608e+00,1.937007e-01,4.166434e-01,8.746271e-01,1.352065e+00,1.544299e+00,1.619636e+00,1.922592e+00,2.459564e+00,2.460720e+02,7.928433e-01,2.208559e-02,2.003745e+00,-1.575320e-01,-1.530134e+00,4.538184e+00,-4.313857e+00,-2.350611e+00,-1.746719e+00,-3.570619e+00,-1.473770e-02,-1.671297e+00,2.306736e+00,-5.914135e+00,-8.784482e-01,-1.584067e+00,-5.505098e-01,4.793912e-01,4.800591e-01,1.606742e-01,1.029035e-01,3.144695e-01,6.770730e-01,5.723017e-01,3.567854e-01,-3.859431e-03,-2.360135e-02,1.513374e-02,2.903862e-02,3.388166e-04,-4.265928e-03,-2.694160e-02,-7.759424e-02,9.014302e+00,1.295180e-02,2.732679e+02,1.701401e-02,1.088293e-02,1.679751e-01,6.638159e+00,2.961324e-03,2.139713e-03,-1.528194e-02
210,2.100000,2.573337e-01,-2.713132e+01,-1.213028e+01,6.772329e+00,1.972921e+01,-3.182068e+01,-1.103859e+01,-3.188999e+00,-1.139986e+01,-2.603208e+01,-1.372079e+01,-7.332998e+00,-2.786353e+01,-1.732445e+01,-6.556937e+00,-1.420832e+01,-1.577767e+00,-2.527877e+00,-3.598667e+00,-4.543449e+00,-3.952139e+00,-6.855081e-01,-4.538622e-01,-6.601873e-01,1.962881e-01,3.887526e-01,8.723361e-01,1.368641e+00,1.539935e+00,1.608792e+00,1.843332e+00,2.372857e+00,2.546442e+02,7.991419e-01,-7.327049e-03,1.481947e+00,-5.618844e-01,-1.229997e+00,1.830841e+00,-4.130384e+00,-2.371356e+00,-1.615295e+00,-3.772643e+00,1.071257e+00,-5.756375e-01,2.960491e-01,-3.581554e+00,-1.291913e+00,-7.686060e-01,-8.792350e-01,2.877350e-01,4.020338e-01,1.831689e-01,9.854579e-02,2.251739e-01,4.575235e-01,4.723977e-01,2.612304e-01,1.015699e-03,-1.563869e-02,8.052498e-03,1.176481e-02,2.805698e-03,-2.288163e-03,-3.322748e-02,-4.424586e-02,8.517694e+00,7.792741e-03,2.803610e+02,1.431530e-02,9.308672e-03,1.156750e-01,7.027865e+00,1.197284e-03,1.070599e-03,-3.851413e-02
211,2.110000,2.014211e-01,-2.596563e+01,-1.363750e+01,5.730917e+00,1.854647e+01,-3.571579e+01,-1.448600e+01,-5.218661e+00,-1.511450e+01,-2.417871e+01,-1.374049e+01,-1.286224e+01,-2.989548e+01,-1.835770e+01,-5.354080e+00,-1.673232e+01,-1.441371e+00,-2.227642e+00,-3.323863e+00,-4.488218e+00,-3.776831e+00,-3.642876e-01,-4.149709e-02,-4.592501e-01,2.023415e-01,3.892002e-01,8.833815e-01,1.383078e+00,1.540666e+00,1.610309e+00,1.868986e+00,2.377283e+00,2.631077e+02,8.084968e-01,1.112025e-03,6.953869e-01,-8.945757e-01,-9.646452e-01,-5.139275e-01,-2.930874e+00,-2.385916e+00,-8.098696e-01,-4.067346e+00,6.065109e-01,-1.948700e-02,-1.252734e+00,-9.354683e-01,-2.524430e+00,-2.294274e-01,-5.357696e-01,1.310147e-01,2.682309e-01,1.515473e-01,9.652052e-02,9.478565e-02,2.192475e-01,2.939203e-01,8.423932e-02,4.236393e-03,-2.494133e-03,1.739740e-02,8.345485e-03,8.557081e-03,8.171010e-03,-2.176023e-03,2.394249e-02,8.074903e+00,5.219394e-03,2.884981e+02,1.836312e-02,1.214739e-02,5.392567e-02,6.746503e+00,-2.426775e-04,3.450541e-04,-3.060981e-02
212,2.120000,2.204102e-01,-2.587016e+01,-1.442256e+01,5.369509e+00,1.660482e+01,-3.736232e+01,-1.699832e+01,-4.728442e+00,-1.799284e+01,-2.485227e+01,-1.511642e+01,-1.507600e+01,-2.795907e+01,-1.983733e+01,-5.211080e+00,-1.596741e+01,-1.386963e+00,-2.060828e+00,-3.202777e+00,-4.427036e+00,-3.745723e+00,-3.297141e-01,5.559291e-02,-5.384906e-01,2.062349e-01,3.973463e-01,9.267414e-01,1.383727e+00,1.567916e+00,1.625528e+00,1.890913e+00,2.485250e+00,2.710773e+02,8.117974e-01,1.475263e-02,5.708084e-02,-5.968302e-01,-6.333333e-01,-8.051596e-01,-7.421077e-01,-1.198626e+00,5.037930e-01,-4.327462e+00,-1.104138e+00,6.674989e-01,5.433264e-02,2.535291e+00,-2.834046e+00,-5.125478e-01,1.174174e+00,5.547705e-02,1.475046e-01,3.601561e-02,1.523290e-01,-2.234149e-02,3.986418e-02,1.272377e-01,-8.388676e-02,1.917875e-03,1.798785e-03,3.280902e-03,-1.020945e-02,6.069541e-03,5.281937e-03,-1.181613e-02,3.069682e-02,7.430109e+00,2.417487e-03,2.949861e+02,1.529802e-02,1.063366e-02,4.250321e-02,5.495706e+00,-1.261508e-03,-4.080420e-04,-9.446317e-03
213,2.130000,2.799092e-01,-2.631281e+01,-1.509859e+01,4.296207e+00,1.578647e+01,-3.786444e+01,-1.899938e+01,-3.440553e+00,-2.533744e+01,-2.600275e+01,-1.318636e+01,-1.437601e+01,-2.461339e+01,-2.694660e+01,-7.212511e+00,-1.395341e+01,-1.347684e+00,-1.916859e+00,-3.224679e+00,-4.267091e+00,-3.888276e+00,-3.608252e-01,1.748343e-01,-7.822602e-01,2.099093e-01,3.998759e-01,9.344115e-01,1.386250e+00,1.573094e+00,1.652122e+00,1.887921e+00,2.523080e+00,2.782299e+02,8.126125e-01,3.950932e-02,-3.932392e-01,3.166134e-01,-6.119301e-01,-1.361908e+00,1.479120e+00,5.067698e-01,4.737694e-01,-3.888073e+00,-2.958458e+00,1.329840e+00,2.332916e+00,3.748870e+00,-1.856420e+00,-5.564839e-01,2.280774e+00,2.592193e-02,7.085910e-02,-5.917849e-02,2.639974e-01,-7.958309e-02,-1.400798e-01,-1.134736e-01,-2.097716e-01,-9.776950e-04,1.749057e-03,-2.030118e-02,-3.719215e-02,-7.552314e-03,-6.737185e-03,-3.778290e-02,1.310151e-02,6.510623e+00,1.340091e-04,2.996879e+02,1.530927e-02,1.194570e-02,5.151193e-02,3.752200e+00,-2.278031e-03,-1.757820e-03,1.791255e-02
214,2.140000,2.918527e-01,-2.667232e+01,-1.438388e+01,4.323017e+00,1.708341e+01,-3.445689e+01,-1.477503e+01,-1.559088e+00,-2.792570e+01,-3.064075e+01,-1.066036e+01,-6.304451e+00,-1.782812e+01,-2.720023e+01,-8.190460e+00,-9.726911e+00,-1.347226e+00,-1.945745e+00,-3.468181e+00,-3.892367e+00,-4.008124e+00,-4.879184e-01,7.416081e-02,-9.181160e-01,2.020936e-01,3.924087e-01,8.632256e-01,1.316008e+00,1.554069e+00,1.614295e+00,1.774784e+00,2.453442e+00,2.842336e+02,8.091714e-01,4.316999e-02,-7.028620e-01,1.563767e+00,-4.036434e-01,-3.774857e+00,3.510979e+00,1.816386e+00,-4.483379e-01,-1.832473e+00,-4.102563e+00,-1.763313e-01,2.142848e+00,4.152503e+00,4.513344e-01,7.628769e-01,3.133662e+00,4.148168e-02,4.076847e-02,-1.061451e-02,3.783988e-01,-1.010424e-01,-4.031190e-01,-4.394266e-01,-3.115691e-01,-3.906250e-03,4.236612e-03,-4.742884e-02,-7.658569e-02,-2.339599e-02,-2.052535e-02,-3.327098e-02,-1.256597e-02,5.499048e+00,1.008278e-03,3.022446e+02,9.534689e-03,7.369306e-03,6.965032e-02,2.464346e+00,-1.605994e-03,-1.969036e-03,2.875656e-02
215,2.150000,3.632464e-01,-2.753075e+01,-1.207377e+01,3.194512e+00,1.149764e+01,-2.977291e+01,-1.306379e+01,-4.434491e+00,-2.958843e+01,-3.607676e+01,-9.319325e+00,-5.583431e+00,-1.621660e+01,-2.395836e+01,-6.646809e+00,-8.448697e+00,-1.331631e+00,-1.930888e+00,-3.487053e+00,-3.435565e+00,-4.043547e+00,-9.855843e-01,-6.181491e-01,-1.318296e+00,1.995236e-01,4.004143e-01,8.136335e-01,1.230977e+00,1.509828e+00,1.582240e+00,1.738136e+00,2.458694e+00,2.890826e+02,8.104798e-01,3.351701e-02,-1.023637e+00,2.552124e+00,-2.802196e-01,-7.077506e+00,4.353105e+00,1.671335e+00,-1.779021e+00,7.167065e-01,-4.616744e+00,-3.675569e+00,-3.081223e-01,3.179855e+00,1.300858e+00,1.992627e+00,3.409728e+00,8.356334e-02,5.160158e-02,1.128166e-01,4.093853e-01,-7.176070e-02,-6.539564e-01,-7.348937e-01,-3.971997e-01,-5.033517e-03,7.090944e-03,-5.540170e-02,-1.000253e-01,-3.006718e-02,-2.408957e-02,9.147763e-04,-1.112008e-03,4.568863e+00,2.945840e-03,3.036298e+02,9.854630e-03,4.990471e-03,1.299149e-01,1.778329e+00,-1.371029e-03,-1.650362e-03,2.251869e-02
216,2.160000,3.945916e-01,-2.877551e+01,-8.116138e+00,3.902140e+00,-1.250477e-01,-2.385320e+01,-1.088419e+01,-6.473162e+00,-2.502971e+01,-4.032808e+01,-1.793160e+01,-8.758049e+00,-1.139495e+01,-1.907479e+01,-1.679546e+00,-3.051453e+00,-1.187582e+00,-1.849971e+00,-3.124662e+00,-2.950805e+00,-4.173300e+00,-2.032929e+00,-1.745048e+00,-1.828318e+00,1.918964e-01,4.182602e-01,7.499862e-01,1.078435e+00,1.482569e+00,1.557843e+00,1.799451e+00,2.454613e+00,2.931462e+02,8.179052e-01,3.080556e-02,-1.293594e+00,2.616437e+00,-1.516303e-01,-8.554883e+00,4.192128e+00,-1.962577e-01,-2.600461e+00,2.466525e+00,-3.750021e+00,-5.736791e+00,-2.689616e+00,2.600730e+00,-1.005950e+00,2.771969e+00,3.182713e+00,1.153138e-01,8.827388e-02,1.854766e-01,2.954670e-01,-2.563205e-02,-7.178313e-01,-8.408301e-01,-4.359232e-01,-2.775726e-03,6.777555e-03,-3.848736e-02,-8.110561e-02,-2.662858e-02,-1.654055e-02,6.534190e-02,3.880443e-02,3.807101e+00,3.520572e-03,3.053368e+02,9.995368e-03,4.266098e-03,1.470845e-01,1.521783e+00,-5.128518e-04,5.428848e-04,-1.596324e-03
217,2.170000,3.961248e-01,-3.037940e+01,-5.471841e+00,3.105548e+00,-1.099683e+01,-2.140076e+01,-1.258813e+01,-9.878621e+00,-2.320190e+01,-4.424281e+01,-2.792859e+01,-1.468982e+01,-1.193071e+01,-2.450503e+01,-5.048317e-01,-2.425029e-01,-1.009689e+00,-1.706738e+00,-2.832355e+00,-2.690946e+00,-4.164491e+00,-2.858102e+00,-2.590029e+00,-2.313158e+00,1.898403e-01,4.224049e-01,7.140227e-01,1.004910e+00,1.458508e+00,1.559901e+00,1.880161e+00,2.516935e+00,2.966180e+02,8.229749e-01,2.414530e-02,-1.406888e+00,1.630720e+00,1.455444e-01,-5.825590e+00,3.456975e+00,-1.687084e+00,-2.445498e+00,3.180191e+00,-2.883414e+00,-5.624194e+00,-2.890226e+00,2.242450e+00,-3.392635e+00,2.301290e+00,3.004040e+00,1.007817e-01,7.765307e-02,4.781923e-02,3.378618e-02,2.632127e-02,-5.158228e-01,-6.748342e-01,-3.514256e-01,-5.411074e-04,-2.717504e-03,-1.501710e-02,-1.774784e-02,-1.816356e-02,-3.197122e-03,1.045935e-01,6.088369e-02,3.217392e+00,8.473933e-04,3.070334e+02,8.223782e-03,5.245500e-03,1.253883e-01,1.448227e+00,-8.984614e-04,1.424087e-03,-2.674727e-02
218,2.180000,4.294414e-01,-3.171596e+01,-4.602661e+00,3.609348e+00,-1.444377e+01,-1.768232e+01,-1.599415e+01,-1.183933e+01,-1.878634e+01,-4.530783e+01,-3.003968e+01,-1.519934e+01,-6.967422e+00,-3.195664e+01,2.598394e+00,2.083555e+00,-9.316275e-01,-1.616450e+00,-2.868147e+00,-2.787342e+00,-4.075812e+00,-3.140816e+00,-3.144050e+00,-2.600301e+00,1.930567e-01,4.153012e-01,7.205942e-01,1.023514e+00,1.446586e+00,1.542761e+00,2.030481e+00,2.618344e+00,2.995014e+02,8.205268e-01,3.518939e-02,-9.606231e-01,4.206876e-01,-6.496505e-02,-1.647759e+00,3.044292e+00,-2.459473e+00,-2.570836e+00,2.231018e+00,-1.066381e+00,-1.630584e+00,-2.810791e+00,2.138927e+00,-2.959584e+00,8.250907e-01,1.940669e+00,3.658281e-02,3.390851e-02,-1.254755e-01,-1.636119e-01,1.370852e-01,-2.052725e-01,-3.774821e-01,-1.946242e-01,2.149260e-03,-1.299691e-02,1.187388e-02,4.030068e-02,-1.207608e-02,9.023881e-03,8.957448e-02,6.160770e-02,2.731433e+00,1.963437e-04,3.081517e+02,7.785853e-03,9.956216e-03,6.393200e-02,1.273572e+00,-2.399274e-04,1.371388e-03,-2.938366e-02
219,2.190000,4.665481e-01,-3.309496e+01,-5.676908e+00,4.068630e+00,-1.047096e+01,-1.557347e+01,-1.894423e+01,-1.397890e+01,-1.680917e+01,-4.800396e+01,-3.138625e+01,-1.681392e+01,-7.218118e+00,-3.448061e+01,2.720670e+00,4.004001e+00,-9.556992e-01,-1.659383e+00,-3.376214e+00,-3.348366e+00,-3.960685e+00,-3.010755e+00,-3.292819e+00,-2.689432e+00,1.962380e-01,3.883063e-01,7.532440e-01,1.169698e+00,1.437001e+00,1.573795e+00,2.145589e+00,2.681247e+00,3.019919e+02,8.134060e-01,3.322448e-02,2.406816e-01,-3.391078e-01,-1.150957e+00,1.600003e+00,2.582765e+00,-1.245182e+00,-2.478990e+00,5.916888e-01,3.370051e+00,1.728593e+00,-3.468080e+00,2.510038e+00,8.238390e-01,-5.761709e-01,1.108774e+00,-5.610757e-02,-4.860532e-03,-1.044926e-01,-1.368570e-01,3.656563e-01,6.690009e-02,5.117133e-02,-1.208827e-02,6.105955e-03,-9.951392e-03,2.791354e-02,5.132469e-02,-2.018425e-02,1.143593e-02,2.317624e-02,6.360555e-03,2.269952e+00,3.102404e-03,3.094635e+02,6.467080e-03,9.265847e-03,3.775477e-02,8.855133e-01,2.536108e-05,1.056120e-07,-9.847425e-03
220,2.200000,5.353269e-01,-3.222084e+01,-5.910166e+00,3.095773e+00,-8.626781e+00,-1.154539e+01,-2.000350e+01,-1.727720e+01,-1.707098e+01,-4.377941e+01,-2.435569e+01,-2.174995e+01,-3.056605e+00,-2.888492e+01,8.331563e-01,4.528639e+00,-1.031662e+00,-1.704106e+00,-3.480110e+00,-3.440154e+00,-3.589778e+00,-2.982965e+00,-3.281064e+00,-2.613302e+00,1.994439e-01,3.703249e-01,7.897449e-01,1.197544e+00,1.432942e+00,1.596015e+00,2.114609e+00,2.680495e+00,3.041164e+02,8.236713e-01,-1.147501e-02,1.915805e+00,-5.816650e-01,-3.674280e+00,1.932150e+00,1.538579e+00,5.647957e-01,-3.056099e+00,-2.399480e+00,9.808288e+00,4.332640e+00,-5.201761e+00,1.774257e+00,4.433403e+00,-2.490626e+00,-5.841802e-01,-1.349349e-01,2.026780e-02,1.609676e-01,2.029584e-01,7.434927e-01,2.786932e-01,5.235612e-01,1.446024e-01,1.361398e-02,7.674271e-03,3.981907e-02,1.228465e-02,-3.814186e-02,-1.683092e-03,-6.668462e-02,-4.107075e-02,1.669666e+00,8.582884e-03,3.104897e+02,9.674083e-03,9.112864e-03,4.398295e-02,-1.312012e-01,-2.657641e-05,-1.329901e-03,1.430304e-02
221,2.210000,5.093045e-01,-2.892355e+01,-6.513628e+00,-2.392452e+00,-5.905306e+00,-1.155541e+01,-1.680936e+01,-1.955464e+01,-2.110114e+01,-2.815677e+01,-2.212762e+01,-2.875491e+01,-1.335921e+00,-2.192170e+01,-2.503067e+00,4.078825e+00,-1.240209e+00,-1.687213e+00,-3.048837e+00,-3.048825e+00,-2.579227e+00,-2.602527e+00,-2.265666e+00,-2.367099e+00,2.171764e-01,3.951360e-01,8.190150e-01,1.174518e+00,1.364409e+00,1.590454e+00,1.953978e+00,2.517662e+00,3.056603e+02,8.369146e-01,-5.061724e-02,3.189593e+00,-3.613237e-01,-5.918871e+00,6.264940e-01,4.081779e-01,2.768533e+00,-3.038236e+00,-3.642390e+00,1.560962e+01,5.336401e+00,-5.425912e+00,8.678541e-01,5.096782e+00,-2.478546e+00,-2.141795e+00,-1.842870e-01,1.051033e-01,5.044315e-01,6.382110e-01,1.072294e+00,3.927745e-01,8.285936e-01,2.424520e-01,2.400766e-02,3.283645e-02,4.223567e-02,-3.826552e-02,-6.032647e-02,-2.663227e-02,-1.114222e-01,-5.974753e-02,7.789612e-01,1.031552e-02,3.102920e+02,7.406473e-03,5.667704e-03,8.612566e-02,-1.893158e+00,-3.019047e-04,-1.494583e-03,2.007931e-02
222,2.220000,3.506881e-01,-2.422264e+01,-7.092626e+00,-1.153151e+01,-7.065839e+00,-1.199846e+01,-1.423761e+01,-2.433196e+01,-2.863775e+01,-6.189985e+00,-1.300580e+01,-3.523764e+01,-1.037234e+00,-1.606908e+01,-7.242864e+00,-8.747576e-01,-1.464047e+00,-1.501197e+00,-2.226998e+00,-1.922320e+00,-1.049077e+00,-1.951465e+00,-1.039820e+00,-2.038456e+00,2.506573e-01,4.502577e-01,8.868040e-01,1.082527e+00,1.292173e+00,1.526017e+00,1.792863e+00,2.494783e+00,3.060156e+02,8.516869e-01,-8.673099e-02,3.213507e+00,-6.203013e-02,-6.381408e+00,-1.180580e+00,-3.819235e-01,5.152567e+00,-2.126149e+00,-3.466058e+00,1.531882e+01,4.115796e+00,-3.299351e+00,-1.797171e+00,2.454240e+00,-1.522909e+00,-2.702243e+00,-1.672214e-01,1.624670e-01,6.389877e-01,9.128882e-01,1.092065e+00,3.492467e-01,7.936749e-01,2.768361e-01,2.961198e-02,4.918792e-02,3.359224e-02,-5.554978e-02,-6.668695e-02,-3.907344e-02,-9.166483e-02,-2.723591e-02,-3.772156e-01,7.208955e-03,3.070815e+02,7.183275e-03,5.105782e-03,1.112617e-01,-3.845755e+00,-5.820782e-04,-1.455363e-03,7.745673e-03
223,2.230000,3.057813e-01,-2.114609e+01,-6.892296e+00,-1.821208e+01,-8.118957e+00,-1.330604e+01,-7.984510e+00,-2.564270e+01,-2.923773e+01,1.124941e+01,-1.037920e+01,-3.719963e+01,-3.888533e+00,-1.540462e+01,-5.634049e+00,-4.003273e+00,-1.660942e+00,-1.235321e+00,-1.480613e+00,-9.162278e-01,1.304334e-01,-1.562633e+00,-2.704735e-01,-1.764595e+00,2.906696e-01,5.125222e-01,9.158928e-01,1.035879e+00,1.205753e+00,1.475633e+00,1.749351e+00,2.475366e+00,3.049371e+02,8.509758e-01,-7.093189e-02,2.333181e+00,4.994164e-01,-4.707545e+00,-2.764058e+00,-4.881154e-01,7.161270e+00,-5.286160e-01,-2.376393e+00,9.055829e+00,2.704748e+00,1.201301e+00,-3.359891e+00,-1.721220e+00,2.499638e-01,-2.147337e+00,-9.056469e-02,1.569006e-01,5.636894e-01,9.709476e-01,7.746471e-01,1.368240e-01,4.497735e-01,2.836524e-01,2.757065e-02,5.048735e-02,1.103580e-02,-5.732109e-02,-4.385902e-02,-2.408371e-02,-1.847048e-02,1.958168e-02,-1.621433e+00,2.959907e-03,3.017018e+02,6.202960e-03,3.796473e-03,1.045119e-01,-5.354065e+00,4.274764e-04,-5.514268e-04,-7.872766e-03
224,2.240000,2.034335e-01,-2.004204e+01,-6.030982e+00,-2.090145e+01,-1.342285e+01,-1.257969e+01,1.346910e+00,-2.486392e+01,-3.033297e+01,1.311159e+01,-9.650922e+00,-3.402435e+01,-1.076616e+01,-1.987226e+01,-5.215900e+00,-4.941527e+00,-1.657403e+00,-1.117717e+00,-1.069284e+00,5.798803e-02,5.157170e-01,-1.756679e+00,-3.102852e-01,-1.530373e+00,3.107572e-01,5.575715e-01,9.092672e-01,9.891145e-01,1.178835e+00,1.458058e+00,1.758599e+00,2.565464e+00,3.025919e+02,8.526855e-01,-3.737679e-02,1.214756e+00,8.320051e-01,-2.217204e+00,-3.377007e+00,-2.803054e-01,8.341562e+00,1.749915e+00,-2.086858e+00,8.849187e-02,8.331612e-01,5.477138e+00,-3.143947e+00,-4.896613e+00,1.695602e+00,-1.833512e-01,-8.859289e-03,5.378018e-02,3.894354e-01,8.467223e-01,3.668054e-01,-6.997551e-02,1.130705e-01,2.412912e-01,1.906532e-02,4.299728e-02,-1.824098e-02,-5.010592e-02,-2.311184e-02,-1.980305e-04,1.436619e-02,-1.055725e-02,-2.715951e+00,-4.216433e-04,2.955560e+02,7.365448e-03,2.771666e-03,7.351819e-02,-5.999475e+00,7.855043e-04,7.953695e-05,-1.364830e-02
225,2.250000,2.282723e-01,-1.934795e+01,-4.547368e+00,-2.124521e+01,-1.654709e+01,-1.370537e+01,1.120473e+01,-2.193174e+01,-3.213549e+01,7.471594e+00,-1.028132e+01,-2.335505e+01,-1.327092e+01,-2.862621e+01,-2.266731e+00,-4.624477e+00,-1.596355e+00,-1.094450e+00,-8.092473e-01,8.157596e-01,5.116115e-01,-2.015800e+00,-3.815657e-01,-1.202878e+00,3.249798e-01,5.939159e-01,8.629624e-01,9.346189e-01,1.201783e+00,1.504014e+00,1.878758e+00,2.580230e+00,2.992650e+02,8.512148e-01,5.484402e-03,5.957212e-01,1.059412e+00,-4.780645e-01,-3.685993e+00,-1.495898e-01,7.222464e+00,2.661393e+00,-3.042081e+00,-5.940894e+00,1.121967e+00,7.008935e+00,-1.199427e+00,-5.549269e+00,2.106889e+00,7.377299e-01,4.118475e-02,-1.684473e-02,2.799625e-01,6.870843e-01,1.238085e-01,-1.629515e-01,-7.344790e-02,1.648703e-01,1.294229e-02,3.352055e-02,-2.975862e-02,-4.532420e-02,2.385449e-03,2.194124e-02,4.660759e-02,-2.075317e-02,-3.563361e+00,-1.992089e-03,2.892844e+02,9.452769e-03,4.077628e-03,6.563362e-02,-6.105591e+00,1.506185e-03,1.141209e-03,-7.323809e-03
226,2.260000,2.025586e-01,-1.904793e+01,-4.105065e+00,-2.110097e+01,-1.973681e+01,-1.320032e+01,1.787559e+01,-1.743786e+01,-3.762317e+01,-3.858616e+00,-8.888928e+00,-1.477425e+01,-1.206578e+01,-3.394135e+01,-4.485114e-01,-1.480912e+00,-1.540637e+00,-1.302731e+00,-6.155034e-01,1.445297e+00,5.943608e-01,-2.074759e+00,-4.189214e-01,-1.112859e+00,3.288288e-01,6.245472e-01,8.220643e-01,8.826274e-01,1.178599e+00,1.510836e+00,1.799990e+00,2.389564e+00,2.952719e+02,8.494592e-01,6.985487e-02,3.000669e-01,1.287893e+00,6.148823e-01,-3.429916e+00,1.921990e-01,4.599364e+00,2.679560e+00,-2.717986e+00,-6.612134e+00,2.363468e+00,5.409402e+00,1.232412e+00,-3.475598e+00,2.837877e+00,7.117635e-01,1.691201e-02,-1.906557e-02,2.446072e-01,4.499223e-01,2.738634e-02,-1.816452e-01,-1.598713e-01,1.238089e-02,1.212455e-02,2.212619e-02,-2.739416e-02,-3.318376e-02,6.682491e-03,2.530479e-02,4.888439e-02,-3.398113e-02,-4.187518e+00,-5.297756e-03,2.832928e+02,9.485892e-03,5.362889e-03,6.245938e-02,-6.059995e+00,1.658055e-03,1.206331e-03,1.603358e-04
227,2.270000,3.336407e-01,-1.866454e+01,-2.558197e+00,-2.050265e+01,-2.339194e+01,-1.374367e+01,1.986347e+01,-1.604876e+01,-4.080304e+01,-9.969956e+00,-5.150357e+00,-1.178001e+01,-9.235859e+00,-3.611642e+01,2.516703e+00,-2.044932e+00,-1.513401e+00,-1.227038e+00,-3.076904e-01,1.825539e+00,7.101539e-01,-2.218350e+00,-5.833949e-01,-1.149001e+00,3.463452e-01,6.466370e-01,8.107011e-01,8.625014e-01,1.217799e+00,1.558950e+00,1.961693e+00,2.459550e+00,2.907803e+02,8.426285e-01,1.048476e-01,2.678337e-02,1.474735e+00,1.582161e+00,-2.776009e+00,4.673989e-01,1.106165e+00,1.613606e+00,-7.073406e-01,-3.233517e+00,3.619601e+00,1.772126e+00,1.365736e+00,3.876694e-01,2.959103e+00,6.539439e-02,-3.039055e-02,4.326643e-02,1.941776e-01,1.104323e-01,-6.673898e-02,-2.068097e-01,-2.416524e-01,-1.479659e-01,8.836105e-03,4.170519e-03,-1.384371e-02,-1.199411e-02,1.390479e-02,1.730045e-02,5.423122e-02,2.353272e-02,-4.684491e+00,-8.732414e-03,2.773055e+02,1.267366e-02,8.206905e-03,7.342228e-02,-6.175433e+00,2.334415e-03,8.904479e-04,5.204565e-03
228,2.280000,5.000237e-01,-1.888341e+01,-5.861010e-01,-1.819832e+01,-2.715001e+01,-1.159954e+01,2.001436e+01,-1.440760e+01,-3.958913e+01,-1.122831e+01,-3.990629e-01,-1.276487e+01,-6.621623e+00,-3.350515e+01,6.581768e+00,-2.672482e+00,-1.614320e+00,-1.146751e+00,-9.702653e-02,1.802710e+00,5.533775e-01,-2.563629e+00,-1.008727e+00,-1.495407e+00,3.606973e-01,6.418418e-01,7.984271e-01,8.592544e-01,1.204240e+00,1.557114e+00,1.961553e+00,2.455899e+00,2.858966e+02,8.304899e-01,9.435435e-02,-2.608992e-01,1.210107e+00,2.506380e+00,-8.814484e-01,7.100471e-01,-2.064508e+00,-7.605022e-01,2.441875e+00,1.710460e+00,3.706399e+00,-1.656436e+00,-3.157057e-01,3.624789e+00,2.767937e+00,-3.776844e-01,-6.727443e-02,7.709818e-02,4.674235e-02,-2.489914e-01,-1.651224e-01,-2.233597e-01,-2.708195e-01,-1.898872e-01,2.033192e-03,-1.872353e-02,2.637410e-03,8.284504e-03,1.792179e-02,1.110951e-02,4.549436e-02,7.300954e-02,-5.128680e+00,-1.379635e-02,2.712455e+02,1.404527e-02,6.738683e-03,7.042553e-02,-6.461267e+00,2.868797e-03,2.137103e-04,6.168058e-03
229,2.290000,6.037778e-01,-1.929630e+01,1.066825e+00,-1.478573e+01,-2.672053e+01,-1.216877e+01,1.566617e+01,-1.537884e+01,-3.468921e+01,-5.011143e+00,3.571750e+00,-1.549911e+01,-9.164316e+00,-2.690597e+01,9.013645e+00,-3.701720e+00,-1.711466e+00,-9.561078e-01,-9.759787e-02,1.189215e+00,1.984082e-01,-2.805413e+00,-1.294925e+00,-1.751433e+00,3.532261e-01,6.061212e-01,8.055625e-01,8.863349e-01,1.258487e+00,1.567377e+00,2.069133e+00,2.664726e+00,2.805302e+02,8.170374e-01,7.967412e-03,-5.148197e-01,4.107761e-02,3.289916e+00,2.034701e+00,6.738772e-01,-4.622441e+00,-3.245367e+00,4.988587e+00,4.269109e+00,2.793226e+00,-4.049859e+00,-2.559241e+00,5.892701e+00,7.946317e-01,-9.823364e-01,-6.608208e-02,1.077676e-02,-2.030901e-01,-5.854417e-01,-2.498587e-01,-1.294658e-01,-2.054716e-01,-8.174620e-02,-1.069353e-02,-3.695144e-02,1.856585e-02,2.391629e-02,2.050749e-02,9.750843e-04,-1.631436e-02,5.856628e-02,-5.615628e+00,-2.103838e-02,2.644309e+02,1.884515e-02,7.841971e-03,8.767337e-02,-7.076453e+00,3.733791e-03,-4.902352e-05,1.239397e-03
230,2.300000,5.392618e-01,-2.003655e+01,1.329570e-01,-1.142753e+01,-2.247976e+01,-1.043754e+01,9.651696e+00,-2.157533e+01,-2.847070e+01,2.214279e+00,5.282015e+00,-2.119688e+01,-1.368008e+01,-2.042263e+01,1.014270e+01,-2.540940e+00,-1.777977e+00,-1.052705e+00,-4.868379e-01,5.185022e-01,2.462158e-02,-2.898026e+00,-1.417254e+00,-1.761078e+00,3.355544e-01,5.511875e-01,8.378207e-01,9.121332e-01,1.247864e+00,1.562170e+00,1.973742e+00,2.652024e+00,2.747536e+02,7.932730e-01,-8.161128e-02,-7.668806e-01,-1.428306e+00,4.052579e+00,4.263841e+00,6.007378e-01,-5.866620e+00,-5.821107e+00,6.767328e+00,3.412758e+00,-8.246708e-03,-4.965637e+00,-2.220239e+00,6.688424e+00,-2.798815e+00,-2.029015e+00,-3.698788e-02,-9.790464e-02,-4.775502e-01,-8.391176e-01,-3.019813e-01,-2.441201e-02,-1.230605e-01,1.583000e-01,-2.075051e-02,-4.651649e-02,2.309238e-02,3.503898e-02,1.494385e-02,-2.827799e-03,-5.801297e-02,2.786684e-03,-5.650815e+00,-7.458683e-02,2.574237e+02,2.074413e-02,6.613908e-03,8.617413e-02,-2.317785e+01,2.139105e-03,-3.115144e-04,-6.758057e-03
231,2.310000,3.538587e-01,-2.066207e+01,-2.712338e+00,-7.438465e+00,-1.555357e+01,-1.095529e+01,1.932595e+00,-2.869173e+01,-2.141932e+01,4.654294e+00,5.975235e+00,-2.781330e+01,-1.850284e+01,-1.319417e+01,4.709393e+00,-7.022385e+00,-1.761983e+00,-1.220176e+00,-1.128235e+00,-4.595657e-01,-2.747614e-01,-2.698481e+00,-1.406489e+00,-1.424896e+00,3.054490e-01,5.072070e-01,8.838336e-01,9.556435e-01,1.298524e+00,1.561298e+00,1.874027e+00,2.654319e+00,2.682737e+02,7.560451e-01,-1.282929e-01,-1.177119e+00,-2.991781e+00,4.883645e+00,3.841037e+00,1.376938e+00,-4.511846e+00,-4.873597e+00,8.560179e+00,-6.342155e-01,-2.409798e+00,-4.087825e+00,5.880426e-01,5.518851e+00,-5.647418e+00,-2.965330e+00,-1.185221e-01,-3.389190e-01,-6.477953e-01,-9.778578e-01,-4.518834e-01,-1.900659e-02,-1.413406e-01,4.007142e-01,-2.188756e-02,-3.590915e-02,1.109547e-02,4.154542e-02,-3.184795e-04,-8.588386e-03,-8.670551e-02,-5.931769e-02,-4.939887e+00,-1.471142e-01,2.488341e+02,2.799319e-02,8.024175e-03,7.174497e-02,-4.636079e+01,-1.358690e-03,-1.289616e-03,-1.820135e-02
232,2.320000,2.169268e-01,-2.203493e+01,-5.838049e+00,-1.609058e+00,-1.141429e+01,-9.202587e+00,-2.451948e+00,-3.685669e+01,-1.238744e+01,1.002760e+00,-1.642039e+00,-3.143596e+01,-1.305356e+01,-6.918923e+00,-5.260179e+00,-1.115722e+01,-1.774001e+00,-1.504240e+00,-1.969459e+00,-1.568488e+00,-7.199442e-01,-2.739156e+00,-1.568247e+00,-8.671759e-01,2.808332e-01,4.587165e-01,8.747535e-01,9.997950e-01,1.258940e+00,1.546015e+00,1.769041e+00,2.475036e+00,2.637708e+02,4.880519e-01,-9.599067e-02,-1.703118e+00,-4.397546e+00,5.761045e+00,1.380963e+00,2.203229e+00,-1.899181e+00,-7.977797e-01,9.428633e+00,-5.037390e+00,-2.048668e+00,-4.262678e-01,4.496965e+00,3.889362e+00,-5.539515e+00,-1.984425e+00,-3.976976e-01,-6.024066e-01,-7.295658e-01,-1.003712e+00,-7.081029e-01,-1.009846e-01,-2.135102e-01,5.939555e-01,-2.260203e-02,-1.265390e-02,-1.205642e-02,4.197093e-02,-6.832445e-03,-7.745695e-03,-7.188070e-02,-8.975606e-02,-3.381439e+00,-1.738481e-01,1.631546e+02,2.016678e-02,5.090009e-03,4.459945e-02,-6.839201e+01,-5.714108e-03,-1.909615e-03,-2.266393e-02
233,2.330000,1.234809e-01,-2.418270e+01,-1.090658e+01,4.723263e+00,-1.304808e+01,-5.901550e+00,-8.412361e-01,-3.210614e+01,7.004642e-02,-7.576462e+00,-5.015215e+00,-3.081870e+01,-6.537363e+00,-6.063561e+00,-1.152200e+01,-1.422023e+01,-2.306065e+00,-2.424936e+00,-2.595263e+00,-2.656579e+00,-1.688726e+00,-2.979881e+00,-1.926131e+00,-1.948135e-01,2.711488e-01,4.728110e-01,8.425735e-01,1.050231e+00,1.251356e+00,1.532513e+00,1.737956e+00,2.456632e+00,2.613221e+02,2.340771e-01,-2.966466e-02,-1.963133e+00,-5.437406e+00,5.745884e+00,-1.648101e+00,2.800404e+00,-2.283301e-01,5.326716e+00,8.850024e+00,-6.170313e+00,1.324317e+00,4.684035e+00,7.540848e+00,1.747819e+00,-1.712117e+00,3.466247e-01,-7.749551e-01,-7.605003e-01,-6.618205e-01,-8.326675e-01,-8.843840e-01,-1.667989e-01,-2.484504e-01,6.458518e-01,-2.020422e-02,1.540563e-02,-2.069345e-02,4.439596e-02,5.416727e-03,4.933691e-03,-2.782873e-02,-5.446491e-02,-1.635172e+00,-1.445093e-01,7.976149e+01,1.234037e-02,2.155843e-03,1.745393e-02,-6.608228e+01,-7.615316e-03,-2.113836e-03,-1.880894e-02
234,2.340000,1.744974e-01,-2.679182e+01,-1.775765e+01,1.129683e+01,-1.682768e+01,-1.948261e+00,1.542708e+00,-2.385703e+01,7.927776e+00,-1.685729e+01,5.338993e-01,-2.182552e+01,2.822013e+00,-4.541121e+00,-9.439172e+00,-8.864143e+00,-3.494424e+00,-3.462358e+00,-3.401153e+00,-3.401550e+00,-2.808911e+00,-3.262249e+00,-2.224984e+00,5.936577e-01,2.396943e-01,5.051160e-01,7.981687e-01,1.074694e+00,1.237286e+00,1.537834e+00,1.682374e+00,2.302087e+00,2.613221e+02,1.850163e-01,3.731102e-02,-1.777160e+00,-5.672881e+00,4.693974e+00,-3.017727e+00,1.720496e+00,-1.099178e+00,9.719068e+00,6.269236e+00,-4.036249e+00,6.166529e+00,8.042852e+00,7.702100e+00,6.872515e-01,3.143567e+00,2.597186e+00,-1.048279e+00,-6.832930e-01,-5.078133e-01,-6.104671e-01,-8.946332e-01,-9.775507e-02,-1.731683e-01,5.555600e-01,-1.535017e-02,2.822354e-02,-1.434730e-02,4.187940e-02,4.070874e-02,1.963646e-02,5.013120e-03,-3.157258e-03,-4.897278e-01,-6.551321e-02,0,0,0,0,-4.060708e+01,-5.267394e-03,-1.233586e-03,-1.066528e-02
235,2.350000,2.267501e-01,-2.809928e+01,-2.393956e+01,1.483801e+01,-2.108737e+01,-5.804319e-01,-1.206383e+00,-8.557983e+00,1.267320e+01,-1.726725e+01,1.150885e+01,-9.198341e+00,1.126362e+01,-5.643980e+00,-1.761697e+00,-6.435801e+00,-4.776547e+00,-4.043618e+00,-3.721491e+00,-3.706372e+00,-3.652198e+00,-3.270929e+00,-2.320373e+00,1.073946e+00,2.249974e-01,5.610353e-01,8.186588e-01,1.140174e+00,1.336435e+00,1.590057e+00,1.778216e+00,2.468469e+00,2.613221e+02,1.850163e-01,5.859879e-02,-1.215125e+00,-4.347311e+00,2.967054e+00,-2.356787e+00,-1.679453e-01,-3.312413e+00,1.023455e+01,3.074090e+00,2.557182e-03,6.928346e+00,6.752163e+00,5.480081e+00,-5.560538e-01,5.278777e+00,3.222875e+00,-9.397553e-01,-3.910702e-01,-2.692315e-01,-4.157721e-01,-6.677014e-01,3.098769e-02,-3.923299e-02,3.073158e-01,5.104244e-04,1.779438e-02,-4.304337e-03,3.964417e-02,5.939166e-02,2.083024e-02,1.570009e-02,2.018466e-02,0,-4.681542e-02,0,0,0,0,-1.595230e+01,-2.468075e-03,-4.311685e-04,-3.490786e-03
236,2.360000,3.518473e-01,-2.896244e+01,-2.768596e+01,1.680344e+01,-2.248328e+01,-3.260668e+00,-7.765264e+00,-3.542995e-02,1.265717e+01,-1.433309e+01,2.092857e+01,-2.031873e+00,1.655646e+01,-3.692456e+00,5.577499e+00,-2.063506e+00,-5.780154e+00,-4.111363e+00,-3.945412e+00,-4.095926e+00,-4.211374e+00,-3.082407e+00,-2.236968e+00,1.276245e+00,2.271581e-01,5.557220e-01,8.149743e-01,1.164221e+00,1.419944e+00,1.615425e+00,1.773976e+00,2.453331e+00,2.613221e+02,1.850163e-01,3.787842e-02,-6.605402e-01,-2.631938e+00,7.985748e-01,-9.889029e-01,-1.951392e+00,-4.077556e+00,7.321790e+00,6.906179e-01,1.602633e+00,4.562674e+00,2.298158e+00,1.062621e+00,-1.986345e+00,3.856330e+00,1.747027e+00,-6.176647e-01,-1.647185e-01,-6.156223e-02,-2.728305e-01,-3.696933e-01,1.522613e-01,7.128181e-02,7.205514e-02,2.585000e-02,4.702687e-03,5.959117e-03,3.746478e-02,6.002032e-02,1.248746e-02,3.536775e-02,4.177849e-02,0,-5.550488e-02,0,0,0,0,0,0,0,0
237,2.370000,3.277998e-01,-2.917302e+01,-2.767898e+01,1.680523e+01,-2.200422e+01,-6.085073e+00,-1.274931e+01,7.155811e+00,1.307580e+01,-8.825776e+00,1.942918e+01,-6.954702e+00,1.399582e+01,-9.268163e+00,7.363544e+00,-1.506175e+00,-5.861977e+00,-4.055784e+00,-3.669292e+00,-4.388251e+00,-4.326001e+00,-2.914864e+00,-2.116304e+00,1.000472e+00,2.799690e-01,5.364799e-01,8.126490e-01,1.203689e+00,1.456985e+00,1.597868e+00,1.770655e+00,2.481933e+00,2.613221e+02,0,-1.288872e-02,-2.124603e-01,-1.334243e+00,-5.830756e-01,9.460157e-01,-2.998055e+00,-2.019237e+00,2.956155e+00,-4.467622e-01,5.392176e-01,1.010972e+00,-8.977379e-01,-2.374481e+00,-2.811968e+00,5.769855e-01,2.900857e-01,-2.565084e-01,-6.864677e-02,1.048279e-03,-1.571299e-01,-1.349488e-01,2.267593e-01,2.075275e-01,-2.706132e-02,3.705260e-02,-9.869754e-04,1.191924e-02,3.243484e-02,3.828586e-02,-1.029897e-03,5.059848e-02,1.856866e-02,0,-5.550488e-02,0,0,0,0,0,0,0,0
238,2.380000,3.133646e-01,-2.955766e+01,-2.904764e+01,1.430609e+01,-2.131378e+01,-8.952901e+00,-1.307361e+01,4.895021e+00,1.117957e+01,-1.306487e+01,1.938710e+01,-1.145655e+01,6.769018e+00,-1.266075e+01,5.279861e+00,-2.593821e+00,-6.040033e+00,-4.279868e+00,-3.735064e+00,-4.424763e+00,-4.320477e+00,-2.678975e+00,-1.970609e+00,9.906704e-01,3.414585e-01,5.409072e-01,8.309692e-01,1.230260e+00,1.477112e+00,1.596365e+00,1.862994e+00,2.504247e+00,2.613221e+02,0,-4.315295e-02,2.600685e-01,-1.002356e+00,-1.258395e+00,2.137655e+00,-2.876284e+00,7.693772e-01,-1.163384e+00,-2.891652e-01,-1.757084e+00,-8.324705e-01,-3.646032e-01,-2.540859e+00,-2.354475e+00,-1.731483e+00,-1.125171e+00,-3.656721e-02,-5.167394e-02,-4.449785e-02,-1.141748e-02,5.150042e-02,2.571782e-01,3.190470e-01,6.200828e-02,3.440773e-02,8.294582e-03,2.629623e-02,3.161559e-02,1.995171e-02,-4.236949e-03,9.051409e-02,4.527635e-02,0,-3.700325e-02,0,0,0,0,0,0,0,0
239,2.390000,1.815479e-01,-2.886398e+01,-2.992994e+01,1.317131e+01,-1.694205e+01,-1.272459e+01,-8.648398e+00,3.757568e+00,1.117819e+01,-1.520527e+01,1.733444e+01,-8.974694e+00,4.284927e+00,-1.521967e+01,1.272050e+00,-4.720215e+00,-5.929150e+00,-4.302599e+00,-3.821424e+00,-4.327603e+00,-4.272391e+00,-2.338848e+00,-1.415915e+00,1.081427e+00,3.531102e-01,5.635079e-01,8.702576e-01,1.269328e+00,1.499281e+00,1.594437e+00,1.986700e+00,2.535854e+00,2.613221e+02,0,-4.053060e-02,6.640953e-01,-1.051595e+00,-3.943501e-01,3.231157e+00,-2.522796e+00,2.313025e+00,-3.339836e+00,6.690218e-01,-2.659894e+00,-3.938679e-01,1.864652e+00,-4.117923e-01,-1.391357e-01,-1.329516e+00,-1.043702e+00,6.164508e-02,-8.653688e-03,-1.296790e-01,1.287632e-02,1.114783e-01,2.634430e-01,3.998931e-01,2.319047e-01,1.257749e-02,1.071425e-02,3.243942e-02,2.236598e-02,7.267547e-03,-7.294369e-03,7.476056e-02,4.531090e-02,0,0,0,0,0,0,0,0,0,0
240,2.400000,2.092085e-01,-2.781662e+01,-3.157226e+01,1.232842e+01,-1.432609e+01,-1.432233e+01,-5.968836e+00,-4.153230e+00,1.216015e+01,-1.992876e+01,1.781359e+01,-2.844893e+00,8.707610e+00,-1.248908e+01,-3.417110e-02,-6.082344e+00,-5.929403e+00,-4.246325e+00,-4.091835e+00,-4.183338e+00,-3.980677e+00,-2.084524e+00,-9.919281e-01,1.545809e+00,3.626262e-01,5.836809e-01,9.176512e-01,1.289479e+00,1.498555e+00,1.595956e+00,2.118524e+00,2.652752e+00,2.613221e+02,0,-8.559918e-03,6.969137e-01,-6.454067e-01,5.686512e-01,3.241391e+00,-1.436670e+00,9.579130e-01,-2.287327e+00,1.714870e+00,-1.618642e+00,2.693148e-01,2.655640e+00,1.561951e+00,1.071406e+00,7.243749e-01,-7.453175e-02,1.093189e-01,4.388743e-02,-1.132907e-01,-5.835586e-02,1.195616e-01,2.404895e-01,2.984976e-01,2.244410e-01,-6.859773e-03,1.765335e-03,1.868601e-02,1.690718e-02,-1.708817e-03,-1.186181e-02,4.028964e-03,9.687471e-03,0,3.947140e-02,0,0,0,0,0,0,0,0
241,2.410000,1.772249e-01,-2.672306e+01,-3.167464e+01,1.582232e+01,-9.342280e+00,-1.601434e+01,-4.736578e+00,-5.019241e+00,1.593062e+01,-1.869330e+01,1.824660e+01,-1.937267e+00,1.096756e+01,-1.004968e+01,3.372980e+00,-4.980426e+00,-5.609066e+00,-4.115824e+00,-4.139301e+00,-4.444582e+00,-3.938509e+00,-1.894874e+00,-6.061790e-01,1.882426e+00,3.322726e-01,5.686643e-01,9.315050e-01,1.285909e+00,1.482601e+00,1.561601e+00,2.016693e+00,2.634235e+00,2.613221e+02,0,2.144896e-02,1.573597e-01,-1.131056e-01,8.909809e-01,2.169010e+00,1.688149e-01,-1.827658e+00,-9.185235e-02,8.942679e-01,5.850258e-02,9.135054e-01,1.220395e+00,6.577564e-01,9.685729e-01,2.232656e+00,4.394020e-01,7.989564e-02,1.998310e-02,-9.419646e-02,-1.591387e-01,5.722320e-02,1.529058e-01,4.003711e-02,2.842787e-02,-1.994841e-02,-5.635512e-03,8.546221e-03,1.476257e-02,-1.647842e-03,-8.407021e-03,-6.123575e-02,-2.178175e-02,0,5.920709e-02,0,0,0,0,0,0,0,0
242,2.420000,2.727265e-01,-2.714355e+01,-3.140232e+01,1.582384e+01,-8.906705e+00,-1.449138e+01,-1.023995e+01,-2.153208e+00,1.737770e+01,-1.941406e+01,2.027760e+01,-1.697060e+00,1.123745e+01,-9.888718e+00,7.851271e+00,-2.836374e+00,-5.653480e+00,-4.153819e+00,-4.142579e+00,-4.658053e+00,-3.889610e+00,-1.698514e+00,-8.829889e-01,1.712376e+00,3.175784e-01,5.471557e-01,8.937755e-01,1.306506e+00,1.476908e+00,1.553474e+00,1.868142e+00,2.503494e+00,2.613221e+02,1.973570e-01,1.945629e-02,-7.588116e-01,8.316559e-01,3.209535e-01,4.164844e-01,1.603098e+00,-4.014927e+00,2.419831e+00,-1.195909e+00,2.820968e+00,5.340052e-01,-4.036196e-01,-1.870632e+00,-6.699225e-01,1.110569e+00,-2.245199e-01,1.354980e-02,-3.521919e-03,-3.653326e-02,-2.065280e-01,-5.415692e-02,-2.434235e-02,-2.591645e-01,-3.449787e-01,-2.008546e-02,-1.189206e-02,-2.595562e-03,6.307912e-03,8.859897e-03,2.853811e-03,-9.037982e-02,-4.112218e-02,0,5.920709e-02,0,0,0,0,0,0,0,0
243,2.430000,2.570337e-01,-2.841371e+01,-3.058043e+01,1.587850e+01,-8.806687e+00,-1.179599e+01,-1.565113e+01,2.298296e+00,1.304075e+01,-1.517011e+01,2.066997e+01,-3.446636e+00,6.308788e+00,-1.167699e+01,8.492608e+00,-4.146190e+00,-5.667633e+00,-4.248937e+00,-4.267034e+00,-4.885939e+00,-4.031808e+00,-1.767324e+00,-1.270199e+00,1.140283e+00,2.758920e-01,5.535929e-01,9.249265e-01,1.334628e+00,1.501865e+00,1.573643e+00,1.805712e+00,2.501575e+00,2.613221e+02,1.973570e-01,1.523320e-02,-1.710711e+00,2.005179e+00,-6.414706e-01,-9.504312e-01,2.709860e+00,-3.999657e+00,1.916809e+00,-3.526801e+00,4.213190e+00,-1.874192e+00,-9.954166e-01,-3.009907e+00,-1.449462e+00,-2.692319e-01,-8.136209e-01,-1.585078e-02,-5.625110e-02,-5.802450e-02,-1.761505e-01,-1.221649e-01,-2.949437e-01,-4.924034e-01,-6.957909e-01,-1.518957e-02,-7.245583e-03,1.936555e-05,-5.717850e-03,1.100874e-02,1.525213e-02,-4.544740e-02,2.594590e-03,0,0,0,0,0,0,0,0,0,0
244,2.440000,2.665856e-01,-3.076535e+01,-2.796108e+01,1.390510e+01,-1.251146e+01,-8.416017e+00,-2.058619e+01,4.287155e+00,7.625535e+00,-7.585516e+00,1.927193e+01,-4.108307e+00,1.683837e+00,-1.502504e+01,2.958860e+00,-7.622061e+00,-5.832371e+00,-4.197378e+00,-4.210635e+00,-4.995299e+00,-4.204812e+00,-2.270011e+00,-1.955741e+00,1.919871e-01,2.903892e-01,5.317563e-01,9.079626e-01,1.296659e+00,1.533223e+00,1.604204e+00,1.772115e+00,2.513472e+00,2.613221e+02,1.973570e-01,-6.936979e-03,-2.343654e+00,3.430187e+00,-9.622919e-01,-1.384171e+00,1.768013e+00,-1.161749e+00,4.740989e-02,-3.382854e+00,4.519641e+00,-4.371658e+00,-3.252606e-01,-2.065095e+00,-1.177008e+00,-6.936917e-01,-1.070807e+00,1.340852e-02,-4.380465e-02,-3.888173e-02,-1.293186e-01,-2.251641e-01,-5.774716e-01,-5.613678e-01,-8.895513e-01,-1.541382e-02,-8.978206e-03,-1.459890e-02,-3.417405e-02,-7.107973e-04,5.183482e-03,1.377147e-02,4.480173e-02,0,-5.920709e-02,0,0,0,0,0,0,0,0
245,2.450000,2.564614e-01,-3.346572e+01,-2.336936e+01,1.357434e+01,-1.229206e+01,-5.502718e+00,-1.956174e+01,1.344625e+00,3.172697e+00,-3.541620e+00,9.378474e+00,-5.708727e+00,6.948356e-01,-1.472883e+01,4.473026e+00,-6.655687e+00,-5.598875e+00,-4.375300e+00,-4.395395e+00,-5.156711e+00,-4.391733e+00,-3.083844e+00,-2.531821e+00,-8.363343e-01,2.699194e-01,5.401360e-01,9.245083e-01,1.262243e+00,1.509488e+00,1.612497e+00,1.837469e+00,2.642219e+00,2.613221e+02,0,-9.784450e-03,-2.522546e+00,4.259937e+00,-1.506614e+00,-1.240104e+00,-7.312737e-02,1.958659e+00,-1.881921e+00,-1.490149e+00,3.019895e+00,-4.779207e+00,6.790444e-01,-5.410938e-02,3.323500e-01,1.120755e+00,-1.069889e-02,5.614996e-03,-3.795896e-02,-5.761909e-03,-6.128249e-02,-2.512735e-01,-6.795028e-01,-5.298542e-01,-8.894961e-01,-8.187791e-03,-9.401244e-03,-2.779434e-02,-5.079903e-02,-1.558065e-02,-6.103563e-03,4.812903e-02,4.539492e-02,0,-5.920709e-02,0,0,0,0,0,0,0,0
246,2.460000,2.383278e-01,-3.633581e+01,-1.785692e+01,1.216447e+01,-1.408487e+01,-8.797948e+00,-1.409339e+01,-1.439323e+00,5.397459e+00,-2.630101e+00,4.065056e+00,-2.192318e+00,3.718952e+00,-1.424783e+01,6.392603e+00,-6.935658e+00,-5.620817e+00,-4.309660e+00,-4.272807e+00,-5.169260e+00,-4.835468e+00,-3.927612e+00,-3.059017e+00,-1.747073e+00,2.434956e-01,5.089931e-01,8.209901e-01,1.171828e+00,1.469543e+00,1.559965e+00,1.921121e+00,2.657181e+00,2.613221e+02,0,-3.018630e-02,-2.034586e+00,3.677015e+00,-1.814172e+00,-8.828499e-01,-2.502578e+00,3.744874e+00,-2.390377e+00,1.891176e-01,2.073222e+00,-2.315868e+00,1.445984e+00,1.880342e+00,1.092030e+00,2.481574e+00,-1.983172e-01,-7.011662e-02,2.798796e-02,4.198432e-02,5.298614e-04,-2.444026e-01,-5.652558e-01,-2.978030e-01,-6.551059e-01,-3.740549e-04,-9.718830e-03,-2.581276e-02,-4.864823e-02,-1.417932e-02,-9.211290e-03,7.228438e-02,3.495488e-02,0,-3.947140e-02,0,0,0,0,0,0,0,0
247,2.470000,2.222403e-01,-3.824121e+01,-1.433283e+01,9.215747e+00,-1.422050e+01,-1.197066e+01,-9.104236e+00,-4.248068e+00,6.704042e+00,-2.548344e+00,4.377368e+00,-1.009409e+00,5.020683e+00,-1.040384e+01,1.237951e+01,-4.542886e+00,-5.745335e+00,-4.382591e+00,-4.264758e+00,-5.105371e+00,-4.972847e+00,-4.336037e+00,-3.367831e+00,-2.337668e+00,2.583998e-01,5.179683e-01,8.294411e-01,1.143048e+00,1.455802e+00,1.565245e+00,1.971855e+00,2.656695e+00,2.613221e+02,0,-2.951111e-02,-1.186421e+00,2.297549e+00,-2.434478e+00,-3.484491e-01,-3.367669e+00,2.937677e+00,-1.815836e+00,7.507104e-01,2.495517e+00,1.288372e+00,1.413664e+00,2.020619e+00,7.408332e-01,2.027178e+00,-1.554801e+00,-1.665841e-01,1.052467e-01,9.414043e-02,4.161811e-02,-1.176906e-01,-2.749993e-01,-5.641670e-02,-3.822927e-01,1.470683e-02,-1.511835e-02,-1.577333e-02,-3.581619e-02,-1.039202e-02,-4.274249e-04,2.318891e-02,-3.475447e-02,0,0,0,0,0,0,0,0,0,0
248,2.480000,1.327646e-01,-3.855053e+01,-1.409427e+01,7.013532e+00,-1.596149e+01,-1.769494e+01,-7.090579e+00,-4.868381e+00,6.805450e+00,2.283953e+00,1.019314e+01,7.719515e-01,8.922623e+00,-1.172739e+01,1.141349e+01,-9.670048e+00,-6.109724e+00,-4.053793e+00,-4.066032e+00,-5.018320e+00,-5.136267e+00,-4.470194e+00,-3.026750e+00,-2.332876e+00,2.942787e-01,4.942460e-01,8.264324e-01,1.113016e+00,1.489169e+00,1.581774e+00,2.066344e+00,2.681008e+00,2.613221e+02,0,-2.988468e-02,-3.768730e-01,1.005507e+00,-2.133313e+00,8.567680e-01,-2.003097e+00,1.807961e+00,-1.101072e+00,-1.748946e-01,2.304836e+00,1.693833e+00,1.344599e-01,1.097211e+00,-6.091088e-01,4.158444e-01,-2.889617e+00,-9.233012e-02,8.410001e-02,3.913746e-02,4.957914e-02,2.286081e-02,-4.124641e-02,1.311873e-01,-1.653806e-01,8.776119e-03,-1.227024e-02,-4.991287e-03,-1.978750e-02,-2.523098e-02,1.007731e-02,-3.710840e-02,-8.879814e-02,0,4.180296e-02,0,0,0,0,0,0,0,0
249,2.490000,1.616874e-01,-3.829046e+01,-1.376294e+01,3.977414e+00,-1.309600e+01,-1.789257e+01,-8.374764e+00,-6.020028e+00,6.222253e+00,6.478938e+00,1.275629e+01,-1.225393e-01,8.196095e+00,-1.228489e+01,1.209847e+01,-1.306250e+01,-6.187342e+00,-3.977000e+00,-4.028080e+00,-5.024090e+00,-4.829786e+00,-4.187550e+00,-2.830037e+00,-2.454896e+00,3.180620e-01,4.719178e-01,8.429205e-01,1.112568e+00,1.447714e+00,1.599455e+00,1.880802e+00,2.456533e+00,2.613221e+02,0,-5.779510e-03,-8.361359e-02,5.601541e-01,-1.353745e+00,2.001676e+00,3.385541e-01,8.606922e-01,-7.316493e-01,-6.746392e-01,4.189818e-01,1.680227e-01,-4.370336e-01,-1.500868e-01,-1.331778e+00,-1.029254e+00,-2.642642e+00,4.942637e-02,-1.638665e-02,-7.024946e-02,1.971908e-02,8.176003e-02,7.137861e-02,9.093595e-02,-1.041833e-01,-1.267917e-02,-8.295950e-03,-1.178184e-02,-1.041772e-02,-4.258971e-02,1.122761e-03,-9.435461e-02,-1.175129e-01,0,1.074550e-01,0,0,0,0,0,0,0,0
250,2.500000,1.191808e-01,-3.819555e+01,-1.311433e+01,4.117067e+00,-1.036329e+01,-1.585248e+01,-5.418321e+00,-6.058705e+00,4.763880e+00,4.380437e+00,8.344761e+00,-1.963453e+00,7.617302e+00,-1.635285e+01,8.612344e+00,-1.712394e+01,-5.861464e+00,-4.091956e+00,-4.195458e+00,-4.962004e+00,-4.792695e+00,-4.208088e+00,-2.671977e+00,-2.515362e+00,2.575451e-01,4.706671e-01,7.892939e-01,1.088130e+00,1.347432e+00,1.593246e+00,1.781106e+00,2.313271e+00,2.613221e+02,2.090148e-01,1.356334e-02,-2.204864e-01,3.738151e-01,-5.892588e-01,2.185949e+00,2.017736e+00,2.068834e-01,-2.831094e-01,-8.704098e-01,-2.449362e+00,-1.825529e+00,-8.119804e-01,-8.778583e-01,-3.211444e-01,-1.083110e+00,-5.701446e-03,1.395564e-01,-1.676644e-01,-1.828311e-01,-1.966791e-02,6.177940e-02,7.333846e-02,-8.200257e-02,-1.236740e-01,-2.586057e-02,6.531429e-03,-7.352537e-03,5.638301e-03,-3.518505e-02,-3.334999e-04,-9.582217e-02,-7.229233e-02,0,1.745338e-01,0,0,0,0,0,0,0,0
251,2.510000,2.001347e-01,-3.883677e+01,-1.202203e+01,3.895254e+00,-7.011225e+00,-1.119912e+01,-5.636903e+00,-7.311153e+00,4.351631e+00,-1.501677e+00,6.141673e+00,-1.826875e+00,4.922910e+00,-1.475000e+01,8.633814e+00,-1.402915e+01,-5.622333e+00,-4.445443e+00,-4.551292e+00,-5.034934e+00,-4.735834e+00,-4.110197e+00,-3.090538e+00,-2.767342e+00,2.133708e-01,4.882780e-01,7.891011e-01,1.103402e+00,1.313722e+00,1.565122e+00,1.642701e+00,2.252999e+00,2.613221e+02,4.327675e-01,1.151282e-02,-2.978393e-01,-2.126679e-01,-4.486825e-01,6.655842e-01,1.208153e+00,-1.096767e+00,4.439648e-01,-3.804528e-01,-3.419147e+00,-1.078215e+00,8.130898e-01,2.295100e-01,9.804840e-01,-6.269159e-02,2.620773e+00,3.553353e-02,-1.648838e-01,-1.487113e-01,-1.781778e-02,-2.163715e-02,7.663999e-02,-1.665885e-01,-8.618806e-02,-1.366081e-02,1.424015e-02,8.301103e-03,2.589593e-02,1.142733e-02,1.945913e-03,-1.644634e-02,3.280454e-02,0,1.770255e-01,0,0,0,0,0,0,0,0
252,2.520000,1.813577e-01,-3.937981e+01,-1.309565e+01,4.108318e+00,-8.074129e+00,-1.095298e+01,-7.425092e+00,-5.638365e+00,3.388712e+00,-5.972549e+00,4.372807e+00,-2.435783e+00,6.169924e+00,-1.210056e+01,7.730267e+00,-9.215229e+00,-5.694446e+00,-4.657894e+00,-4.718582e+00,-5.111238e+00,-4.874346e+00,-4.142178e+00,-3.306513e+00,-2.795023e+00,2.173215e-01,5.187231e-01,8.165794e-01,1.145790e+00,1.380240e+00,1.597273e+00,1.706284e+00,2.421314e+00,2.613221e+02,6.562850e-01,1.083804e-02,-1.646107e-01,-9.075799e-01,-8.102045e-01,-1.015821e+00,-6.983750e-01,-2.656476e+00,5.284058e-01,-5.404433e-01,-2.610100e+00,9.828329e-01,1.447603e+00,6.284256e-01,2.542957e+00,7.712331e-01,3.454259e+00,-1.098561e-01,-6.040974e-02,-3.654718e-02,-4.105091e-03,-4.240837e-02,1.236559e-01,-1.488709e-01,-1.154366e-02,1.614049e-02,1.228469e-02,2.702847e-02,3.554457e-02,5.249912e-02,1.172056e-02,2.969244e-02,8.687270e-02,0,1.108444e-01,0,0,0,0,0,0,0,0
253,2.530000,1.881631e-01,-3.918753e+01,-1.483562e+01,1.738377e+00,-1.091265e+01,-1.430155e+01,-1.285521e+01,-4.010374e+00,5.007574e+00,-5.440304e+00,9.351192e+00,4.179075e+00,1.006733e+01,-9.508618e+00,1.222605e+01,-3.912988e+00,-6.093183e+00,-4.518450e+00,-4.510075e+00,-5.038562e+00,-4.897146e+00,-3.837305e+00,-3.345712e+00,-2.746006e+00,2.698698e-01,5.190906e-01,8.707833e-01,1.213218e+00,1.488447e+00,1.607171e+00,1.835981e+00,2.566534e+00,2.613221e+02,6.614922e-01,-9.233502e-03,3.640160e-01,-1.278273e+00,-9.412440e-01,-2.563684e+00,-2.218528e+00,-2.706797e+00,3.809110e-01,-6.454099e-01,-1.125378e+00,1.981208e+00,1.728047e+00,9.486257e-01,2.140481e+00,5.521907e-01,2.367486e+00,-1.451680e-01,1.079835e-01,1.327390e-01,9.816217e-02,-7.614327e-03,1.429276e-01,-1.228163e-02,1.178018e-01,3.522996e-02,4.349226e-03,2.414610e-02,2.925353e-02,5.502031e-02,1.796873e-02,7.976574e-02,9.571960e-02,0,-2.223235e-03,0,0,0,0,0,0,0,0
254,2.540000,1.793569e-01,-3.884323e+01,-1.624544e+01,1.144484e+00,-1.349168e+01,-1.779314e+01,-1.509155e+01,-5.067066e+00,1.733693e+00,-6.700748e+00,1.165417e+01,2.271587e+00,8.187218e+00,-6.258755e+00,1.067239e+01,-4.910721e+00,-6.175320e+00,-4.357501e+00,-4.398802e+00,-4.980715e+00,-4.924080e+00,-3.726254e+00,-3.288745e+00,-2.583748e+00,3.099981e-01,5.166842e-01,8.835952e-01,1.210945e+00,1.522565e+00,1.630824e+00,1.832928e+00,2.590867e+00,2.613221e+02,6.488742e-01,-9.375364e-03,8.626240e-01,-1.051634e+00,-4.865673e-01,-2.676360e+00,-1.713959e+00,-1.639454e+00,6.217071e-01,-9.147913e-01,-7.230794e-01,6.966610e-01,9.182259e-01,2.009869e-01,9.671604e-01,2.639697e-01,1.068841e+00,-6.305971e-02,1.494640e-01,2.133305e-01,1.856380e-01,5.948400e-02,1.428763e-01,8.258219e-02,1.835701e-01,3.515012e-02,6.313622e-04,6.716615e-03,1.157101e-02,2.413108e-02,8.585239e-03,4.895704e-02,4.209518e-02,0,-1.126436e-01,0,0,0,0,0,0,0,0
255,2.550000,1.549676e-01,-3.728498e+01,-1.683850e+01,6.709512e-01,-1.712087e+01,-1.887168e+01,-1.533766e+01,-5.692248e+00,1.952092e+00,-6.764468e+00,1.240703e+01,4.459676e+00,8.657392e+00,-6.968492e+00,9.923706e+00,-4.343970e+00,-6.107736e+00,-4.055722e+00,-4.047487e+00,-4.609384e+00,-4.749038e+00,-3.603521e+00,-3.160830e+00,-2.283970e+00,3.431822e-01,5.110435e-01,8.763237e-01,1.217093e+00,1.517661e+00,1.638190e+00,1.978208e+00,2.646820e+00,2.613221e+02,4.253567e-01,-1.553847e-02,1.227662e+00,-8.237454e-01,3.767876e-01,-2.329880e+00,7.690086e-02,1.425429e-01,2.223103e+00,-2.173574e-01,-6.139871e-01,-1.463925e+00,3.077874e-01,2.388184e-01,-7.119375e-01,1.740753e-01,6.684842e-02,1.347942e-02,9.432564e-02,2.378346e-01,2.509354e-01,1.145493e-01,1.073443e-01,1.438518e-01,2.269924e-01,2.491663e-02,3.790247e-03,-1.511111e-02,-8.233356e-03,-1.030012e-02,3.174150e-03,1.247460e-02,-2.267873e-02,0,-1.760724e-01,0,0,0,0,0,0,0,0
256,2.560000,1.510786e-01,-3.601796e+01,-1.735238e+01,2.209194e+00,-1.835182e+01,-1.723771e+01,-1.438114e+01,-1.688893e+00,3.424970e-01,-8.925864e+00,6.328192e+00,2.015046e+00,7.879830e+00,-8.534817e+00,1.020129e+01,-3.655532e+00,-6.002468e+00,-4.141938e+00,-3.883223e+00,-4.397637e+00,-4.650980e+00,-3.544689e+00,-2.986043e+00,-2.108190e+00,3.564158e-01,5.259034e-01,8.473923e-01,1.201708e+00,1.486288e+00,1.624690e+00,1.879956e+00,2.591646e+00,2.613221e+02,2.111347e-01,-1.066571e-02,1.143782e+00,-6.859716e-01,7.843679e-01,-8.751410e-01,2.266650e+00,1.205102e+00,3.600445e+00,8.551971e-01,-1.786832e-01,-3.344832e+00,-3.401942e-02,6.741266e-01,-1.945960e+00,1.286007e+00,-2.020215e-01,3.701840e-02,-6.420679e-02,1.655008e-01,2.032697e-01,1.541245e-01,1.061274e-01,1.545091e-01,1.813394e-01,1.247410e-02,1.102963e-02,-1.846045e-02,-9.812867e-03,-2.371210e-02,-8.445144e-03,-2.672734e-02,-5.099871e-02,-7.270813e-01,-1.223133e-01,0,0,0,0,1.451314e+01,0,0,0
257,2.570000,1.246099e-01,-3.446185e+01,-1.840087e+01,3.089960e+00,-2.013198e+01,-1.419476e+01,-1.249770e+01,5.416055e+00,4.616385e+00,-7.397682e+00,4.694553e+00,5.846282e+00,1.141512e+01,-1.193027e+01,1.333198e+01,-4.206340e+00,-6.112212e+00,-4.154603e+00,-3.578691e+00,-4.075425e+00,-4.460949e+00,-3.391366e+00,-2.777804e+00,-1.848823e+00,3.712441e-01,5.334322e-01,8.133292e-01,1.176670e+00,1.455084e+00,1.626109e+00,1.874840e+00,2.452750e+00,2.613221e+02,0,4.929699e-03,7.636436e-01,9.740829e-03,1.167354e+00,1.383394e+00,3.938641e+00,1.742315e+00,1.677271e+00,5.847213e-01,1.877955e-01,-3.341120e+00,-1.399238e+00,1.229525e-01,-2.243279e+00,2.632301e-01,-1.549175e+00,1.928751e-01,-1.210637e-01,-5.621767e-03,7.586651e-02,1.795767e-01,5.089495e-02,8.343682e-02,8.676217e-02,-7.838505e-03,1.434102e-02,-5.402350e-03,-1.118770e-02,-1.988837e-02,-9.962464e-03,-4.091747e-02,-4.811168e-02,-2.345462e+00,2.295699e-02,0,0,0,0,3.635309e+01,0,0,1.741613e-02
258,2.580000,1.412072e-01,-3.453588e+01,-1.889411e+01,3.856819e+00,-1.636182e+01,-8.798344e+00,-1.048601e+01,7.381006e+00,4.677532e+00,-7.277557e+00,-1.213754e+00,1.408187e+00,1.017899e+01,-1.350766e+01,1.539829e+01,-5.989644e+00,-5.987990e+00,-4.629094e+00,-3.805696e+00,-4.231347e+00,-4.297502e+00,-3.301695e+00,-2.707712e+00,-1.894624e+00,3.583377e-01,5.606380e-01,8.227902e-01,1.182092e+00,1.435293e+00,1.594639e+00,1.750975e+00,2.432908e+00,2.576867e+02,2.499859e-01,1.033346e-02,6.589527e-01,1.346256e+00,1.086300e+00,3.266819e+00,4.974397e+00,1.051790e+00,-3.726302e+00,-9.147012e-01,4.384189e-02,-2.809866e+00,-3.752142e+00,1.696571e-01,-1.269174e+00,-1.371436e+00,-3.481989e+00,5.147163e-01,8.032928e-02,-1.427334e-01,5.999565e-03,3.290493e-01,-1.871562e-03,-1.184254e-02,3.327560e-03,-2.677434e-02,1.037055e-03,2.194026e-02,-8.301293e-03,-1.306199e-02,-1.036541e-02,1.579070e-03,1.458666e-02,-4.600424e+00,1.682489e-01,7.256572e+01,0,0,0,5.832059e+01,7.150264e-03,1.376840e-02,3.814019e-02
259,2.590000,1.845518e-01,-3.420781e+01,-1.601893e+01,5.683910e+00,-1.119890e+01,-3.398160e+00,-8.573647e+00,-1.840843e+00,2.708181e+00,-6.649643e+00,-5.275961e-01,-2.233084e+00,8.122576e+00,-1.569846e+01,8.641358e+00,-1.092279e+01,-5.150600e+00,-4.417462e+00,-4.114359e+00,-4.313197e+00,-4.027894e+00,-3.470543e+00,-2.882811e+00,-1.956942e+00,3.030288e-01,5.653813e-01,8.616130e-01,1.170962e+00,1.443717e+00,1.603403e+00,1.838111e+00,2.485631e+00,2.514125e+02,5.207161e-01,2.614302e-02,9.856579e-01,3.083230e+00,5.072982e-01,4.184548e+00,4.816421e+00,-9.532623e-01,-9.178779e+00,-3.354881e+00,-1.198162e+00,-1.999210e+00,-5.386683e+00,8.176527e-02,8.699954e-01,-3.743600e+00,-5.087239e+00,8.781235e-01,4.874114e-01,-1.634133e-01,5.602985e-02,5.384707e-01,2.270501e-02,-9.299226e-02,-9.007646e-02,-3.778677e-02,-2.488286e-02,4.719783e-02,-1.278275e-02,-1.224263e-02,-1.019835e-02,1.795927e-02,4.769571e-02,-6.198744e+00,2.174176e-01,1.454826e+02,0,0,8.708066e-02,5.869222e+01,1.160362e-02,2.107209e-02,5.610259e-02
260,2.600000,1.727749e-01,-3.285022e+01,-1.181207e+01,6.343719e+00,-6.484269e+00,2.235969e+00,-1.108421e+01,-1.669196e+01,-3.276907e+00,-9.080674e+00,-5.110063e+00,-1.270598e+01,1.037439e+01,-1.299659e+01,5.689420e+00,-1.770725e+01,-3.909693e+00,-3.608862e+00,-4.329056e+00,-4.248753e+00,-3.222261e+00,-3.514458e+00,-2.992752e+00,-2.037493e+00,2.566518e-01,5.151141e-01,9.329517e-01,1.163055e+00,1.426662e+00,1.584216e+00,1.906216e+00,2.648139e+00,2.432748e+02,7.920213e-01,2.286834e-02,1.772115e+00,3.878719e+00,-8.976902e-01,3.270299e+00,3.433002e+00,-2.936026e+00,-1.142193e+01,-4.104926e+00,-1.922455e+00,-1.581272e+00,-4.411183e+00,3.553421e-01,3.286248e+00,-3.840568e+00,-4.848529e+00,1.004095e+00,8.811445e-01,3.211975e-03,2.585743e-01,7.661150e-01,1.718674e-01,-5.680051e-02,-8.183733e-02,-3.008222e-02,-5.184268e-02,4.916922e-02,-2.246785e-02,-2.944260e-02,-1.457794e-02,7.610106e-03,1.480458e-02,-6.195662e+00,1.430322e-01,2.188616e+02,3.575132e-02,6.884199e-02,1.471606e-01,3.736728e+01,1.221459e-02,2.222572e-02,3.968529e-02
261,2.610000,2.395411e-01,-3.037639e+01,-6.525745e+00,4.383001e+00,-4.148018e+00,4.370181e+00,-1.696491e+01,-2.844136e+01,-8.180799e+00,-1.248694e+01,-3.353341e+00,-1.403004e+01,1.172625e+01,-7.835834e+00,-5.315864e-01,-2.378373e+01,-2.760743e+00,-2.227662e+00,-4.134078e+00,-3.786572e+00,-2.306216e+00,-3.171459e+00,-3.100246e+00,-2.227771e+00,2.331532e-01,4.317799e-01,9.942376e-01,1.122274e+00,1.398187e+00,1.580329e+00,1.887016e+00,2.583613e+00,2.375344e+02,8.160701e-01,4.453235e-02,2.259362e+00,3.505041e+00,-2.553809e+00,1.594762e+00,9.238957e-01,-3.123912e+00,-9.387851e+00,-3.444650e+00,-1.816103e+00,-1.351227e+00,-2.319244e+00,-1.716767e+00,4.470935e+00,-3.379246e+00,-2.797776e+00,8.387640e-01,9.252914e-01,2.451508e-01,4.541271e-01,7.877675e-01,3.282676e-01,4.610191e-02,-3.353786e-02,-9.917269e-03,-5.052380e-02,3.150608e-02,-2.383686e-02,-4.051230e-02,-2.138689e-02,-2.211029e-02,-2.314272e-02,-5.027817e+00,5.985688e-02,2.203132e+02,4.014244e-02,7.093946e-02,2.069326e-01,1.589719e+01,2.079926e-03,2.331972e-03,4.766458e-03
262,2.620000,2.280542e-01,-2.759101e+01,-4.247112e+00,1.882283e-02,-3.535768e+00,4.482498e+00,-2.097051e+01,-3.642839e+01,-1.040261e+01,-1.397119e+01,-7.707243e+00,-1.474925e+01,1.015386e+01,-1.007742e+00,7.819178e-01,-2.380182e+01,-2.162444e+00,-1.318271e+00,-3.779777e+00,-3.201787e+00,-1.327766e+00,-2.591900e+00,-2.882998e+00,-2.168397e+00,2.428644e-01,3.682253e-01,1.002324e+00,1.094097e+00,1.310845e+00,1.533286e+00,1.764573e+00,2.457940e+00,2.336475e+02,8.174698e-01,7.239269e-02,2.080544e+00,2.476732e+00,-3.048906e+00,-3.375373e-01,-9.817648e-01,-6.471260e-01,-5.639573e+00,-2.319548e+00,-3.276413e-01,-3.253039e-01,-1.001011e+00,-4.521175e+00,3.292608e+00,-2.653566e+00,-5.433649e-01,5.308524e-01,6.495105e-01,3.959017e-01,5.635827e-01,5.830055e-01,2.695422e-01,1.047061e-01,3.174064e-02,4.125719e-03,-2.088826e-02,3.900164e-03,-2.443613e-02,-3.292240e-02,-9.755671e-03,-9.198785e-04,-3.137248e-02,-3.545276e+00,-1.220387e-03,2.219868e+02,4.100171e-02,7.565885e-02,1.385005e-01,9.023377e-01,-9.295806e-03,-1.864257e-02,-1.610873e-02
263,2.630000,3.795739e-01,-2.554060e+01,-2.276207e+00,-3.922688e+00,-4.699336e+00,9.805409e-02,-1.925006e+01,-3.891188e+01,-1.095222e+01,-1.328490e+01,-5.985140e+00,-1.280767e+01,-3.509963e-01,6.617873e-01,-5.801123e+00,-2.186439e+01,-1.830404e+00,-9.363006e-01,-3.163245e+00,-2.566044e+00,-1.036304e+00,-2.290484e+00,-2.707179e+00,-2.059180e+00,2.603362e-01,3.862068e-01,9.844573e-01,1.086257e+00,1.299064e+00,1.521934e+00,1.798381e+00,2.465017e+00,2.310871e+02,8.072763e-01,7.739364e-02,1.128233e+00,1.338564e+00,-2.396399e+00,-1.402306e+00,-8.853416e-01,2.492418e+00,-1.484985e+00,-2.131389e+00,4.449224e-01,8.285395e-01,-1.691652e+00,-6.163253e+00,5.224845e-02,-1.158596e+00,6.820270e-01,2.272003e-01,1.550564e-01,3.291842e-01,5.210483e-01,2.553463e-01,5.488548e-02,5.838585e-02,1.693308e-02,6.087774e-03,1.612396e-02,-1.903312e-02,-2.564793e-02,-1.623105e-02,1.141560e-03,3.123124e-02,-6.215262e-03,-2.540863e+00,-9.938044e-03,2.234059e+02,7.774437e-03,8.251426e-03,1.152430e-01,4.723557e-01,-1.002449e-02,-2.044656e-02,-2.089710e-02
264,2.640000,4.647219e-01,-2.486540e+01,-1.553175e+00,-4.747967e+00,-7.896296e+00,-5.367918e-01,-1.317727e+01,-3.965456e+01,-1.348894e+01,-1.031990e+01,-5.420683e+00,-1.832222e+01,-6.192867e+00,-7.823650e-01,-4.943644e+00,-2.138375e+01,-1.720600e+00,-1.006990e+00,-2.834964e+00,-2.041104e+00,-9.421899e-01,-2.607235e+00,-2.665755e+00,-1.963085e+00,2.636889e-01,4.334594e-01,9.573427e-01,1.058884e+00,1.311611e+00,1.564635e+00,1.945934e+00,2.550575e+00,2.287721e+02,7.903163e-01,5.549910e-02,-1.409731e-01,7.927069e-01,-1.015424e+00,-1.088383e+00,6.979700e-01,4.013234e+00,2.944366e+00,-1.805627e+00,1.325150e-01,1.916648e+00,-1.813450e+00,-6.069508e+00,-4.696096e+00,-9.541085e-02,8.114712e-01,7.639243e-02,-2.826002e-01,1.274054e-01,3.347971e-01,-9.942832e-02,-1.258808e-01,-8.591256e-02,-1.401525e-01,-5.283785e-03,3.957990e-02,-2.612683e-02,-2.052765e-02,1.104332e-02,1.490760e-02,5.571020e-02,1.108768e-02,-1.803070e+00,-8.661198e-03,2.218270e+02,5.456289e-03,6.973160e-03,1.124618e-01,4.103302e-01,-1.172841e-04,-1.201309e-02,3.284575e-03
265,2.650000,5.081754e-01,-2.609804e+01,-1.179896e+00,-5.215601e+00,-8.979285e+00,2.453117e+00,-8.399443e+00,-3.425320e+01,-1.729458e+01,-1.208797e+01,-3.539239e-01,-2.070182e+01,-1.091666e+01,-7.687280e+00,-3.461785e+00,-2.158263e+01,-1.845664e+00,-1.608021e+00,-2.960563e+00,-1.761672e+00,-1.222273e+00,-2.889364e+00,-2.916938e+00,-2.245761e+00,2.531798e-01,4.797827e-01,9.215627e-01,1.011641e+00,1.316648e+00,1.570363e+00,1.952492e+00,2.506219e+00,2.272678e+02,7.799566e-01,-3.103322e-03,-1.115387e+00,3.176369e-01,3.834654e-01,3.655264e-01,2.306107e+00,3.490615e+00,6.130839e+00,-8.219431e-01,-1.489498e+00,1.528381e+00,-7.235433e-01,-4.981696e+00,-8.868139e+00,9.968487e-01,6.618168e-01,5.604400e-02,-5.569125e-01,-1.210598e-01,7.142323e-02,-3.650407e-01,-1.268809e-01,-1.873547e-01,-2.606983e-01,-1.847027e-02,3.336433e-02,-2.905693e-02,-1.344953e-02,1.934819e-02,2.582300e-03,1.603318e-02,-8.628368e-04,-9.945587e-01,-1.504642e-03,2.227549e+02,7.792728e-03,3.049496e-03,1.154665e-01,1.430975e+00,1.026423e-02,6.525806e-03,7.153085e-03
266,2.660000,4.412490e-01,-2.801716e+01,-8.317327e-01,-4.411839e+00,-6.837711e+00,6.794816e+00,-6.329648e+00,-2.403590e+01,-1.625957e+01,-1.390708e+01,-9.396136e-01,-1.986942e+01,-1.491085e+01,-2.031369e+01,-8.648055e-01,-1.988534e+01,-1.772852e+00,-2.395412e+00,-3.244091e+00,-1.929987e+00,-1.731923e+00,-2.921864e+00,-3.207681e+00,-2.775869e+00,2.200236e-01,5.193369e-01,9.031371e-01,1.028766e+00,1.357269e+00,1.583610e+00,1.966069e+00,2.492777e+00,2.265418e+02,7.878237e-01,-2.611649e-02,-1.304860e+00,8.039987e-02,1.230559e+00,1.676649e+00,2.106266e+00,1.811036e+00,6.939034e+00,1.905765e-01,-3.513292e+00,-1.122687e-01,1.542679e+00,-3.935516e+00,-1.048599e+01,-8.811722e-02,6.727562e-02,1.529256e-01,-5.473878e-01,-2.237572e-01,-1.367559e-01,-5.085249e-01,-2.150440e-03,-1.814062e-01,-2.661913e-01,-2.514695e-02,1.681292e-02,-2.752528e-02,7.980227e-04,2.892290e-02,-1.314296e-02,-1.375211e-02,1.472242e-02,-7.164307e-02,5.295700e-03,2.243640e+02,4.040615e-02,1.819439e-02,1.548116e-01,2.697092e+00,1.075592e-02,8.954143e-03,5.276855e-03
267,2.670000,3.757938e-01,-2.954166e+01,-1.048744e+00,-2.173425e+00,-3.400996e+00,7.962784e+00,-5.220797e+00,-1.606702e+01,-1.367662e+01,-1.893880e+01,-5.837708e-01,-1.565179e+01,-2.090048e+01,-3.391324e+01,-2.856299e+00,-1.930451e+01,-1.524058e+00,-3.026652e+00,-3.563981e+00,-2.264486e+00,-2.466640e+00,-2.767574e+00,-3.372989e+00,-2.956279e+00,1.898174e-01,5.100897e-01,8.662754e-01,1.034068e+00,1.372976e+00,1.525358e+00,1.868479e+00,2.489602e+00,2.272294e+02,8.009994e-01,-1.336377e-02,-7.947903e-01,-7.172746e-03,1.675844e+00,1.824473e+00,6.123849e-01,3.355255e-01,4.915462e+00,8.460050e-01,-4.024671e+00,-2.684172e+00,1.780762e+00,-1.712648e+00,-8.416689e+00,-6.203428e-01,-4.805670e-01,2.562126e-01,-3.059222e-01,-1.518059e-01,-2.338448e-01,-4.511048e-01,7.013550e-02,-7.411265e-02,-1.342057e-01,-2.214017e-02,-1.301106e-02,-2.820102e-02,-3.730357e-03,1.872062e-02,-3.013910e-02,-3.985492e-02,-2.816119e-02,7.366180e-01,6.681579e-03,2.292923e+02,4.162065e-02,3.526984e-02,1.298335e-01,3.161403e+00,7.917366e-04,5.278633e-03,-7.527609e-03
268,2.680000,4.003303e-01,-2.966789e+01,-1.216751e+00,-1.162594e-01,-2.302193e+00,7.239705e+00,-5.711416e+00,-1.405248e+01,-1.434503e+01,-2.446094e+01,-5.867103e+00,-1.313385e+01,-2.087853e+01,-4.009932e+01,-5.686973e+00,-2.218643e+01,-1.116775e+00,-3.034614e+00,-3.652041e+00,-2.473476e+00,-2.862631e+00,-2.678882e+00,-3.344760e+00,-2.938783e+00,1.696353e-01,5.023705e-01,8.473600e-01,1.051660e+00,1.428062e+00,1.521423e+00,1.919179e+00,2.632496e+00,2.284330e+02,8.062734e-01,1.485925e-02,-7.134342e-02,1.370413e-01,1.688479e+00,1.019340e+00,-9.823387e-01,-7.721267e-01,2.670190e+00,1.182295e+00,-3.981397e+00,-3.900820e+00,7.324191e-01,6.262628e-01,-3.853201e+00,-1.582405e-01,-3.790085e-01,2.631434e-01,-1.810536e-02,2.069092e-02,-2.242163e-01,-2.876497e-01,9.090779e-02,7.016301e-03,1.085744e-02,-1.263960e-02,-3.287191e-02,-2.953363e-02,-1.162129e-02,8.633733e-04,-3.415117e-02,-6.382287e-02,-8.632171e-02,1.326312e+00,1.645833e-03,2.320437e+02,4.232192e-02,3.563371e-02,1.316625e-01,3.095398e+00,-8.332704e-03,-4.165803e-03,-1.617742e-02
269,2.690000,4.618159e-01,-2.924663e+01,-1.023251e+00,1.015831e+00,-2.124679e+00,5.292597e+00,-7.030931e+00,-1.466760e+01,-1.402182e+01,-2.693439e+01,-1.131104e+01,-1.516580e+01,-1.649606e+01,-3.987790e+01,-4.152415e+00,-2.283492e+01,-8.926393e-01,-2.818031e+00,-3.515617e+00,-2.659152e+00,-2.912443e+00,-2.660177e+00,-3.218962e+00,-2.835333e+00,1.676731e-01,4.232106e-01,8.084462e-01,9.815425e-01,1.374855e+00,1.450760e+00,1.776662e+00,2.295554e+00,2.300053e+02,8.041397e-01,1.954482e-02,3.721285e-01,3.743719e-01,1.312659e+00,2.679127e-01,-1.968730e+00,-5.158144e-01,2.043271e+00,2.298947e+00,-2.123494e+00,-4.517686e+00,-1.282256e+00,1.949646e+00,-2.242855e-01,1.017062e+00,4.022318e-01,1.977567e-01,1.160314e-01,1.986580e-01,-1.812368e-01,-1.116683e-01,5.365593e-02,6.552782e-02,6.902671e-02,-3.915809e-03,-3.425556e-02,-2.428255e-02,-3.300154e-03,-1.027844e-02,-2.020229e-02,-5.623430e-02,-1.149186e-01,1.652563e+00,-7.382691e-04,2.347220e+02,1.079352e-02,2.072300e-02,8.940297e-02,2.631310e+00,-8.547905e-03,-8.861735e-03,-7.602082e-03
270,2.700000,4.725341e-01,-2.852139e+01,-1.592730e-01,2.435927e+00,-2.379170e+00,3.218216e+00,-9.285214e+00,-1.138466e+01,-1.017549e+01,-2.981627e+01,-1.508008e+01,-1.645032e+01,-1.398175e+01,-3.659737e+01,-1.007950e+00,-2.001518e+01,-7.728446e-01,-2.590249e+00,-3.164818e+00,-2.853736e+00,-2.947270e+00,-2.521023e+00,-3.249613e+00,-2.782055e+00,1.678978e-01,3.984169e-01,7.843836e-01,9.969225e-01,1.360647e+00,1.450152e+00,1.692863e+00,2.158193e+00,2.317855e+02,7.944827e-01,3.284475e-03,6.378229e-01,7.072991e-01,7.583541e-01,-1.029905e+00,-3.059746e+00,5.828597e-01,2.004365e+00,3.029158e+00,-1.980558e-01,-3.162196e+00,-2.171516e+00,9.130769e-01,9.227539e-01,1.511768e+00,1.323751e+00,1.040979e-01,1.684042e-01,3.670245e-01,-4.459312e-02,-1.845818e-02,-1.386726e-02,8.357169e-02,1.036122e-01,1.697010e-03,-1.814769e-02,-1.840419e-02,7.041305e-03,-1.458042e-02,1.015615e-03,-3.384211e-02,-4.984565e-02,1.892006e+00,2.293825e-03,2.371261e+02,1.415619e-02,4.638792e-03,9.413976e-02,2.610341e+00,-5.835395e-03,-6.999317e-03,-8.936658e-04
271,2.710000,4.374160e-01,-2.825426e+01,2.943767e-01,3.113775e+00,-2.022944e+00,1.298784e-01,-6.012969e+00,-7.184577e+00,-4.266655e+00,-2.687861e+01,-1.856572e+01,-2.040483e+01,-1.460065e+01,-3.678565e+01,-1.105008e-01,-1.837897e+01,-7.072393e-01,-2.668677e+00,-2.814302e+00,-2.980540e+00,-2.982662e+00,-2.578224e+00,-3.092923e+00,-2.689510e+00,1.711071e-01,3.907887e-01,7.763508e-01,1.044936e+00,1.355291e+00,1.459982e+00,1.700466e+00,2.152160e+00,2.338160e+02,8.032034e-01,-4.618689e-03,9.230440e-01,8.921512e-01,-3.436028e-01,-2.677355e+00,-4.168700e+00,1.843819e+00,1.507427e+00,2.904012e+00,2.165347e+00,-2.050881e+00,-1.468670e+00,-7.402900e-01,3.350658e-01,1.330832e+00,8.609617e-01,8.037043e-03,2.418634e-01,5.270294e-01,1.733032e-01,5.687969e-02,-5.121253e-02,1.652413e-01,1.336214e-01,1.195314e-02,8.774462e-03,-1.580647e-02,1.323829e-02,-6.568825e-03,2.005495e-02,1.049135e-02,5.704002e-02,2.077104e+00,9.554523e-03,2.399076e+02,1.296399e-02,6.458620e-03,1.105845e-01,2.632388e+00,-5.608525e-04,-2.320943e-03,3.199029e-03
272,2.720000,4.289527e-01,-2.697495e+01,1.660930e+00,2.626539e+00,-7.502586e+00,-5.477665e+00,-3.306098e+00,-7.772169e+00,-4.076827e+00,-2.547911e+01,-1.805075e+01,-2.137191e+01,-1.726085e+01,-3.703168e+01,-1.490894e-01,-1.779565e+01,-6.889850e-01,-2.267269e+00,-2.167576e+00,-2.535748e+00,-2.919812e+00,-2.789195e+00,-2.989921e+00,-2.493633e+00,1.764033e-01,4.278430e-01,7.713867e-01,1.055170e+00,1.364942e+00,1.521890e+00,1.788067e+00,2.454964e+00,2.359877e+02,8.182107e-01,4.047927e-03,1.232065e+00,1.061642e+00,-1.391788e+00,-4.555380e+00,-5.353149e+00,1.791656e+00,5.365191e-01,2.199461e+00,3.994127e+00,-1.028082e+00,-2.844435e-01,-1.323488e+00,-3.345825e-01,1.874040e+00,3.736587e-01,-8.896205e-02,3.893405e-01,6.872146e-01,3.744408e-01,1.151021e-01,-4.395194e-02,2.439775e-01,1.526675e-01,2.663001e-02,1.883774e-02,-2.288970e-02,-4.431164e-03,-4.629529e-03,1.735452e-02,2.678049e-02,8.483303e-02,2.206074e+00,1.499711e-02,2.425026e+02,1.205971e-02,7.769313e-03,1.166034e-01,2.592992e+00,-1.769650e-03,6.296522e-04,-1.690999e-03
273,2.730000,4.605132e-01,-2.540463e+01,2.527404e+00,-7.974887e-01,-1.294975e+01,-1.120296e+01,-8.013929e-01,-8.936710e+00,-2.551090e+00,-1.827624e+01,-2.008011e+01,-2.004835e+01,-1.855795e+01,-3.798542e+01,2.072314e+00,-1.963987e+01,-8.943839e-01,-1.770204e+00,-1.379091e+00,-1.951630e+00,-2.641774e+00,-2.782154e+00,-2.522601e+00,-2.311436e+00,2.231860e-01,4.523698e-01,7.359123e-01,1.018610e+00,1.339863e+00,1.515166e+00,1.781517e+00,2.432368e+00,2.382897e+02,8.400483e-01,8.025685e-03,1.349594e+00,1.089060e+00,-2.134806e+00,-5.145970e+00,-5.761523e+00,3.858438e-01,-8.455048e-02,1.617741e+00,3.974348e+00,-5.540487e-01,1.068655e+00,-5.065607e-01,-6.512165e-01,2.430365e+00,-3.619499e-02,-1.568605e-01,5.006748e-01,7.330656e-01,4.514120e-01,1.401887e-01,5.550857e-02,2.660025e-01,1.303970e-01,3.981974e-02,2.011763e-02,-3.124166e-02,-1.507149e-02,-9.746313e-04,4.680431e-03,3.138497e-02,6.457493e-02,2.282436e+00,1.384832e-02,2.451957e+02,9.037501e-03,7.553020e-03,9.416628e-02,2.511525e+00,-1.639363e-03,-7.465938e-05,-9.369664e-03
274,2.740000,4.812252e-01,-2.378589e+01,4.032425e+00,-2.567384e+00,-1.969267e+01,-1.788111e+01,-2.932720e+00,-7.825996e+00,-3.596791e-02,-1.414682e+01,-1.946329e+01,-1.805078e+01,-1.862054e+01,-3.767039e+01,7.270842e+00,-1.751643e+01,-1.124083e+00,-1.092784e+00,-4.463504e-01,-1.495986e+00,-2.542204e+00,-2.638818e+00,-2.314886e+00,-2.207754e+00,2.750084e-01,4.618150e-01,6.901544e-01,9.879296e-01,1.345213e+00,1.509333e+00,1.786240e+00,2.442254e+00,2.405790e+02,8.510458e-01,1.738295e-02,1.096003e+00,8.723936e-01,-2.026097e+00,-4.618634e+00,-4.744819e+00,-7.905865e-01,-7.842173e-02,1.029462e+00,2.583721e+00,-8.843991e-01,1.321341e+00,6.790371e-02,-9.403995e-01,1.915103e+00,-1.944651e-01,-1.412098e-01,4.460356e-01,6.192586e-01,3.873300e-01,1.060247e-01,1.024395e-01,1.854037e-01,7.101803e-02,4.026652e-02,1.228501e-02,-2.996962e-02,-1.497796e-02,6.059670e-03,-7.920658e-03,4.845228e-02,3.988802e-02,2.339185e+00,1.024629e-02,2.474470e+02,7.271180e-03,7.239852e-03,9.389388e-02,2.509419e+00,-1.373837e-03,-3.050529e-04,-8.847693e-03
275,2.750000,4.514081e-01,-2.310083e+01,4.553931e+00,-4.963295e+00,-2.165775e+01,-2.247602e+01,-4.270440e+00,-7.580415e+00,1.801620e+00,-1.267301e+01,-2.062969e+01,-1.672212e+01,-1.645361e+01,-3.972237e+01,8.331360e+00,-1.869956e+01,-1.273993e+00,-7.525455e-01,-9.587060e-03,-1.243361e+00,-2.470523e+00,-2.375870e+00,-2.100428e+00,-2.180465e+00,3.209033e-01,4.743909e-01,6.607587e-01,1.003199e+00,1.360283e+00,1.489663e+00,1.858304e+00,2.481390e+00,2.429325e+02,8.560274e-01,1.819376e-02,8.999637e-01,7.208954e-01,-1.771525e+00,-3.869861e+00,-3.087835e+00,-1.502366e+00,-3.718158e-01,-4.421630e-01,8.821936e-02,-1.177047e+00,1.058147e+00,-4.900170e-03,-8.007519e-01,-2.933086e-01,-1.464445e-01,-4.603325e-02,3.445155e-01,4.499995e-01,3.443270e-01,8.873081e-02,8.408294e-02,4.906902e-02,3.857458e-02,2.821230e-02,7.814887e-03,-1.790137e-02,-1.566505e-02,1.103679e-02,-4.938400e-03,6.905472e-02,6.195819e-02,2.383167e+00,5.508644e-03,2.499931e+02,7.161438e-03,6.350053e-03,7.509096e-02,2.515114e+00,-2.823885e-04,-3.095935e-05,-1.004243e-02
276,2.760000,5.204200e-01,-2.264684e+01,5.009634e+00,-5.421041e+00,-2.624175e+01,-2.356523e+01,-5.524507e+00,-8.842425e+00,-1.105873e+00,-1.536212e+01,-2.219795e+01,-1.642832e+01,-1.797351e+01,-4.086520e+01,6.296900e+00,-1.923813e+01,-1.205230e+00,-5.459207e-01,2.439646e-01,-9.532323e-01,-2.475314e+00,-2.480140e+00,-2.273989e+00,-2.204029e+00,3.288773e-01,4.782575e-01,6.591154e-01,9.879860e-01,1.385030e+00,1.495039e+00,1.991934e+00,2.629893e+00,2.453622e+02,8.614526e-01,4.829974e-02,9.093239e-01,5.350690e-01,-1.685954e+00,-3.127765e+00,-9.141659e-01,-8.780209e-01,-8.902027e-01,-1.772213e+00,-8.245488e-01,-1.759544e+00,1.359727e+00,-2.362866e-01,-3.268543e-01,-2.492385e+00,1.437714e-01,4.726075e-02,2.357901e-01,3.007575e-01,3.680651e-01,1.441883e-01,3.471909e-02,-1.238155e-02,5.197520e-02,1.603477e-02,5.741468e-03,-4.237914e-03,-2.450659e-02,-2.524853e-04,-9.569931e-03,4.616157e-02,5.557699e-02,2.412360e+00,3.453142e-03,2.526510e+02,6.128555e-03,6.845532e-03,8.190264e-02,2.499954e+00,1.991408e-04,-3.823978e-05,-1.199245e-02
277,2.770000,5.318846e-01,-2.147433e+01,5.643276e+00,-8.228284e+00,-2.902451e+01,-2.380007e+01,-7.017329e+00,-1.028757e+01,-4.226953e+00,-1.722749e+01,-2.459801e+01,-1.556884e+01,-1.890597e+01,-4.039177e+01,1.092741e+00,-1.951125e+01,-1.083977e+00,-3.210577e-01,5.257486e-01,-5.013722e-01,-2.231565e+00,-2.441078e+00,-2.297705e+00,-2.120426e+00,3.373131e-01,4.832230e-01,6.619249e-01,9.402567e-01,1.375139e+00,1.497621e+00,2.023943e+00,2.648340e+00,2.478139e+02,8.623881e-01,4.166208e-02,1.105806e+00,5.461571e-01,-1.736717e+00,-2.398994e+00,3.768206e-01,-1.621597e-01,-9.770152e-01,-2.186877e+00,-8.170145e-01,-1.251709e+00,1.778395e+00,-6.132984e-02,5.307045e-01,-3.182553e+00,1.277955e+00,9.228218e-02,1.921520e-01,2.491873e-01,4.179898e-01,2.159414e-01,3.311033e-02,-1.579216e-02,7.870491e-02,8.467662e-03,4.032222e-03,3.990263e-03,-3.708423e-02,-2.054341e-02,-1.632934e-02,-2.007859e-02,6.036687e-03,2.385889e+00,1.939106e-03,2.551693e+02,8.196872e-03,7.595384e-03,4.994974e-02,2.306484e+00,1.234784e-04,3.341832e-05,-1.110755e-02
278,2.780000,6.824856e-01,-2.005252e+01,6.163098e+00,-9.364657e+00,-3.164812e+01,-2.178991e+01,-5.949380e+00,-1.092343e+01,-5.882745e+00,-1.599232e+01,-2.627685e+01,-1.182878e+01,-1.857579e+01,-3.896997e+01,-1.571773e+00,-1.639173e+01,-9.827870e-01,-1.295770e-01,7.897694e-01,-2.665556e-02,-1.940742e+00,-2.432618e+00,-2.278156e+00,-1.977897e+00,3.469774e-01,4.861062e-01,6.683817e-01,8.968678e-01,1.336522e+00,1.457504e+00,1.934229e+00,2.636664e+00,2.502001e+02,8.651311e-01,2.296580e-02,1.045944e+00,4.718643e-01,-1.685091e+00,-1.270927e+00,6.905201e-01,7.509874e-01,-1.296606e+00,-1.462599e+00,-6.563536e-01,-3.904581e-01,2.342910e+00,4.361410e-01,5.316208e-01,-2.551804e+00,2.219095e+00,7.730024e-02,1.431443e-01,1.876574e-01,4.027917e-01,2.359208e-01,7.996468e-02,1.587846e-02,8.492330e-02,7.669783e-03,5.450875e-03,7.231593e-03,-3.360887e-02,-3.203104e-02,-2.132828e-02,-5.433164e-02,-3.835261e-02,2.295160e+00,3.056705e-04,2.573587e+02,7.749168e-03,6.425988e-03,4.650223e-02,2.022975e+00,-2.352724e-04,-3.863971e-04,-8.693239e-03
279,2.790000,5.786857e-01,-1.886896e+01,6.707984e+00,-1.167507e+01,-3.094954e+01,-2.147957e+01,-4.868802e+00,-1.142499e+01,-6.744329e+00,-1.644299e+01,-2.484879e+01,-1.012992e+01,-1.645912e+01,-3.801647e+01,-3.647069e+00,-1.373298e+01,-9.238033e-01,4.271092e-05,9.634471e-01,3.832997e-01,-1.658102e+00,-2.234079e+00,-2.177306e+00,-1.900006e+00,3.541915e-01,4.906276e-01,6.760768e-01,8.633368e-01,1.281819e+00,1.426783e+00,1.786764e+00,2.508188e+00,2.524430e+02,8.638837e-01,-3.306300e-02,6.324848e-01,2.697441e-01,-9.735879e-01,-3.844227e-01,7.489500e-01,1.128026e+00,-1.362372e+00,-1.024428e+00,-1.335162e+00,9.422754e-01,2.217579e+00,-1.044104e-01,2.074295e-01,-1.143736e+00,2.407768e+00,5.529580e-02,6.231232e-02,8.033755e-02,2.906502e-01,1.575919e-01,7.521401e-02,-1.766980e-02,3.435625e-02,4.436058e-03,6.566617e-03,8.840811e-03,-1.994631e-02,-2.582681e-02,-1.227539e-02,-5.481957e-02,-4.340231e-02,2.154778e+00,-1.151431e-03,2.591717e+02,6.968524e-03,6.726917e-03,3.725341e-02,1.733615e+00,-8.529242e-04,-3.339936e-04,-1.693523e-03
280,2.800000,6.118484e-01,-1.871980e+01,6.836602e+00,-1.212310e+01,-3.163387e+01,-2.127288e+01,-2.843834e+00,-1.475675e+01,-7.160181e+00,-1.903614e+01,-2.402486e+01,-7.433237e+00,-1.701623e+01,-3.939475e+01,-4.092212e+00,-1.103179e+01,-8.988151e-01,9.250539e-03,9.634023e-01,6.183900e-01,-1.582441e+00,-2.183816e+00,-2.254796e+00,-1.889623e+00,3.587870e-01,5.018096e-01,6.881974e-01,8.584016e-01,1.271535e+00,1.423816e+00,1.838866e+00,2.508206e+00,2.545234e+02,8.622332e-01,-8.299947e-02,6.604080e-02,-3.213725e-02,1.003779e-01,1.552927e-01,6.668373e-01,1.079766e+00,-1.589478e+00,-8.018391e-01,-1.785454e+00,1.905182e+00,1.371129e+00,-8.969148e-01,-5.809940e-01,3.157643e-01,1.928414e+00,3.742103e-02,-2.595519e-02,-3.704919e-02,1.105782e-01,3.522593e-02,9.912347e-03,-5.261283e-02,-2.213383e-03,-3.363520e-04,5.817607e-03,9.321207e-03,-6.284088e-03,-3.995478e-03,6.855035e-03,6.857038e-04,-3.584933e-03,1.983421e+00,-2.051997e-03,2.607647e+02,5.566366e-03,5.347779e-03,4.478461e-02,1.469327e+00,-6.978681e-04,-2.474302e-04,4.803866e-04
281,2.810000,4.018882e-01,-1.897826e+01,6.655245e+00,-1.171700e+01,-3.095374e+01,-2.031384e+01,-2.929973e+00,-1.518277e+01,-8.710378e+00,-2.238139e+01,-2.101263e+01,-6.678718e+00,-2.020780e+01,-3.914223e+01,-3.365719e+00,-1.015238e+01,-8.494835e-01,-7.890991e-02,8.406198e-01,6.293562e-01,-1.622755e+00,-2.189409e+00,-2.397734e+00,-1.992782e+00,3.535886e-01,5.082044e-01,6.962211e-01,8.597582e-01,1.278498e+00,1.453088e+00,1.797527e+00,2.495557e+00,2.564262e+02,8.580800e-01,-4.587059e-02,-4.721561e-01,-2.199574e-01,1.535198e+00,2.642250e-01,9.067421e-01,1.124238e+00,-1.480876e+00,-4.369899e-01,-8.947943e-01,2.335714e+00,3.472462e-02,-1.244058e+00,-7.419472e-01,1.690755e+00,1.449361e+00,2.769538e-02,-9.797557e-02,-1.189111e-01,-1.072367e-01,-8.958588e-02,-1.347086e-01,-9.010942e-02,-2.232995e-02,-5.905104e-03,-1.056808e-03,2.817279e-03,-2.366674e-03,-7.130980e-04,8.217907e-03,1.258826e-03,2.230880e-02,1.780658e+00,-1.820165e-03,2.621343e+02,5.023651e-03,6.464520e-03,4.234093e-02,1.172394e+00,-4.306606e-04,-3.075188e-04,2.208577e-03
282,2.820000,3.558871e-01,-1.966766e+01,6.028781e+00,-8.841804e+00,-3.086955e+01,-1.903859e+01,-1.519968e+00,-1.699193e+01,-8.908916e+00,-2.195039e+01,-1.866902e+01,-6.698732e+00,-2.118602e+01,-4.131205e+01,-1.336266e-01,-8.539960e+00,-8.328417e-01,-2.198767e-01,6.659371e-01,4.032073e-01,-1.782285e+00,-2.405391e+00,-2.431006e+00,-1.942576e+00,3.455971e-01,5.064059e-01,7.049156e-01,8.672367e-01,1.318206e+00,1.478627e+00,1.932276e+00,2.625055e+00,2.581256e+02,8.577730e-01,-1.058889e-02,-7.542650e-01,-4.091183e-01,2.256655e+00,5.645884e-01,9.081459e-01,9.318721e-01,-1.002895e+00,-3.260565e-02,4.208952e-01,1.960443e+00,-1.339686e+00,-6.033176e-01,-4.686626e-01,2.273808e+00,1.216215e+00,7.298035e-03,-1.448335e-01,-1.569360e-01,-2.754699e-01,-1.508620e-01,-2.071240e-01,-7.244460e-02,-1.387974e-02,-9.817576e-03,-9.353599e-03,-5.258339e-03,-3.596270e-03,-1.230145e-02,-1.850164e-03,-3.451171e-02,2.749062e-03,1.537292e+00,-1.023889e-03,2.632240e+02,5.232263e-03,5.320035e-03,4.636040e-02,8.072022e-01,-1.997597e-04,-3.855470e-04,1.331551e-03
283,2.830000,4.773134e-01,-2.075581e+01,6.012108e+00,-5.639733e+00,-3.001057e+01,-1.806301e+01,9.045374e-02,-1.771178e+01,-8.054911e+00,-1.945983e+01,-1.584814e+01,-1.032354e+01,-2.059451e+01,-4.076755e+01,2.827414e+00,-7.732090e+00,-8.183131e-01,-3.752716e-01,5.176243e-01,-4.529260e-02,-2.006109e+00,-2.796834e+00,-2.539748e+00,-1.985179e+00,3.312609e-01,4.830454e-01,6.818041e-01,8.470859e-01,1.254919e+00,1.440468e+00,1.746353e+00,2.561308e+00,2.595452e+02,8.570129e-01,4.918451e-02,-8.763285e-01,-4.458968e-01,2.005540e+00,8.381697e-01,2.503324e-01,8.629456e-01,-4.960729e-01,2.169414e-01,3.429033e-01,4.705864e-01,-1.842788e+00,-9.543037e-02,3.643173e-01,1.516705e+00,9.922464e-01,-1.101780e-02,-1.712048e-01,-1.673643e-01,-3.313686e-01,-1.815136e-01,-2.033974e-01,-5.402057e-02,-1.035228e-02,-1.065687e-02,-7.715386e-03,-6.243706e-03,1.113495e-02,-1.494644e-02,7.611525e-03,-2.716380e-02,-1.071677e-02,1.255234e+00,-6.385207e-04,2.638040e+02,4.982272e-03,5.203195e-03,4.750840e-02,4.090637e-01,4.036007e-04,-5.643319e-04,5.653303e-04
284,2.840000,5.211914e-01,-2.160236e+01,5.112579e+00,-3.878465e+00,-2.928251e+01,-1.785757e+01,3.053133e-01,-1.850672e+01,-7.650942e+00,-1.839245e+01,-1.680489e+01,-1.230925e+01,-1.983946e+01,-4.092540e+01,4.180259e+00,-6.160861e+00,-8.779101e-01,-5.667363e-01,3.402199e-01,-4.216352e-01,-2.145074e+00,-2.915724e+00,-2.546012e+00,-1.962823e+00,3.208629e-01,4.676211e-01,6.691142e-01,8.467564e-01,1.221817e+00,1.420876e+00,1.691894e+00,2.489076e+00,2.606504e+02,8.576472e-01,2.692719e-02,-7.709419e-01,-4.185186e-01,9.894804e-01,1.292133e+00,-1.490690e-01,5.770434e-01,3.732023e-01,1.372948e-02,-7.811842e-01,-1.128546e+00,-1.169227e+00,-3.160324e-01,1.371151e+00,6.288099e-02,7.651361e-01,-1.355283e-02,-1.855890e-01,-1.785583e-01,-2.691330e-01,-1.535167e-01,-9.665074e-02,-4.121835e-02,-2.926958e-02,-1.119316e-02,-1.286718e-03,-2.607340e-03,2.100749e-02,-1.002657e-02,1.802536e-02,-2.716341e-02,-3.751140e-02,9.631470e-01,-1.531959e-03,2.639659e+02,4.588258e-03,4.050707e-03,4.885863e-02,8.688049e-02,7.227624e-04,-7.705018e-05,-2.228417e-03
285,2.850000,5.651586e-01,-2.239256e+01,4.883862e+00,-4.170969e+00,-2.755641e+01,-1.965269e+01,4.721147e-01,-1.690574e+01,-8.254658e+00,-2.244585e+01,-1.959176e+01,-1.308740e+01,-2.135824e+01,-3.751397e+01,2.060865e+00,-6.380697e+00,-8.820384e-01,-7.615039e-01,1.666568e-01,-6.150658e-01,-2.348929e+00,-2.951230e+00,-2.610333e+00,-2.034420e+00,3.126713e-01,4.890199e-01,6.829033e-01,9.256731e-01,1.251960e+00,1.520021e+00,1.781899e+00,2.509963e+00,2.614400e+02,8.549502e-01,-2.946502e-02,-5.906349e-01,-2.750803e-01,2.640660e-01,1.555130e+00,2.316742e-02,3.469686e-01,7.243438e-01,4.189916e-02,-1.488648e+00,-2.451602e+00,1.785460e-02,-6.480087e-01,1.754297e+00,-1.001384e+00,5.728441e-01,8.778483e-03,-1.752583e-01,-1.802117e-01,-1.790817e-01,-1.155926e-01,5.051470e-03,-3.419886e-02,-4.000231e-02,-1.120351e-02,6.243867e-03,5.497003e-03,2.911536e-02,1.659082e-02,2.993137e-02,3.779344e-02,-5.885673e-03,6.994354e-01,-2.431470e-03,2.638087e+02,7.363658e-03,4.277525e-03,4.391847e-02,-9.173584e-02,1.022208e-03,3.345922e-04,-9.448252e-04
286,2.860000,4.466004e-01,-2.270399e+01,4.500311e+00,-4.628784e+00,-2.563597e+01,-1.898910e+01,1.174419e+00,-1.552894e+01,-8.740396e+00,-2.436331e+01,-2.243993e+01,-1.116294e+01,-2.238432e+01,-3.608309e+01,5.640528e-01,-5.389977e+00,-8.687432e-01,-9.547054e-01,-5.137064e-02,-6.575710e-01,-2.378459e+00,-2.811447e+00,-2.601805e+00,-2.064303e+00,2.989261e-01,4.969851e-01,6.913293e-01,9.329805e-01,1.269552e+00,1.528977e+00,1.778686e+00,2.463171e+00,2.619940e+02,8.511446e-01,-4.222388e-02,-4.252957e-01,3.428364e-03,1.966221e-01,1.796036e+00,4.382353e-01,-9.278224e-02,3.603090e-01,9.330783e-02,-5.176260e-01,-2.365082e+00,2.810402e-01,-3.831772e-01,1.382459e+00,-1.067183e+00,3.543057e-01,4.815561e-02,-1.185265e-01,-1.650625e-01,-1.574021e-01,-7.568903e-02,3.256490e-02,-2.179801e-02,-5.942469e-02,-1.205686e-02,2.993131e-03,5.581790e-03,2.619774e-02,2.438821e-02,2.635689e-02,5.146855e-02,1.440535e-02,4.947998e-01,-2.580333e-03,2.636560e+02,7.655383e-03,5.397619e-03,3.701328e-02,-1.190918e-01,3.226847e-04,5.955646e-04,4.192042e-03
287,2.870000,3.672838e-01,-2.315817e+01,4.942840e+00,-3.944244e+00,-2.405820e+01,-1.738141e+01,1.390744e+00,-1.557896e+01,-7.300688e+00,-2.391764e+01,-2.528863e+01,-1.080743e+01,-2.256212e+01,-3.441722e+01,-3.714055e-01,-5.253312e+00,-7.790042e-01,-1.057579e+00,-1.876390e-01,-8.227332e-01,-2.467380e+00,-2.823715e+00,-2.682846e+00,-2.134450e+00,2.862118e-01,4.995828e-01,6.981816e-01,9.495506e-01,1.314005e+00,1.536074e+00,1.891924e+00,2.544832e+00,2.623706e+02,8.481069e-01,-4.234364e-02,-3.246618e-01,1.008866e-01,5.467662e-01,1.709670e+00,9.232199e-01,-1.189458e+00,-6.944224e-01,4.020278e-01,8.870266e-01,-1.492002e+00,-6.793061e-01,2.969925e-01,-8.258667e-02,-1.288921e-01,-1.895220e-01,7.489011e-02,-4.923980e-02,-1.344187e-01,-2.064786e-01,-3.961406e-02,2.973726e-02,-2.030597e-02,-6.603005e-02,-1.152612e-02,-5.158037e-03,3.411371e-03,2.267706e-02,2.627733e-02,1.236393e-02,7.605442e-02,3.875520e-02,3.665588e-01,-1.139408e-03,2.635003e+02,8.559749e-03,6.202700e-03,4.870695e-02,-1.816101e-02,-6.938566e-04,-1.024974e-04,1.330618e-02
288,2.880000,4.090094e-01,-2.334603e+01,5.100232e+00,-3.008717e+00,-2.205144e+01,-1.680203e+01,-6.179125e-01,-1.736857e+01,-7.661388e+00,-2.024468e+01,-2.578187e+01,-1.204404e+01,-2.115340e+01,-3.556148e+01,6.048119e-02,-4.953024e+00,-6.886492e-01,-1.011331e+00,-3.079445e-01,-1.104812e+00,-2.464294e+00,-2.816657e+00,-2.618746e+00,-2.209931e+00,2.738084e-01,4.773053e-01,6.893840e-01,9.658063e-01,1.312736e+00,1.544634e+00,1.894224e+00,2.543668e+00,2.626591e+02,8.481672e-01,5.825805e-03,-3.066723e-01,1.273359e-01,6.022674e-01,1.805258e+00,4.535934e-01,-2.446429e+00,-1.187807e+00,5.912156e-01,1.432466e+00,-3.886667e-01,-2.232490e+00,9.383503e-01,-1.424942e+00,9.147528e-01,-1.230441e+00,7.615926e-02,1.039346e-02,-8.358916e-02,-2.729658e-01,-3.070738e-02,2.808242e-02,-3.433847e-03,-7.439499e-02,-8.035076e-03,-9.073499e-03,3.945827e-06,3.221776e-02,2.371968e-02,1.316731e-02,9.858391e-02,5.463648e-02,3.032654e-01,4.329979e-04,2.635247e+02,5.603635e-03,6.065942e-03,6.742460e-02,1.133759e-01,-1.181614e-03,-8.746082e-04,1.575406e-02
289,2.890000,3.722359e-01,-2.369485e+01,5.088335e+00,-2.247171e+00,-2.080033e+01,-1.613012e+01,-4.579012e+00,-1.945804e+01,-6.784023e+00,-2.007003e+01,-2.538081e+01,-1.604338e+01,-2.048873e+01,-3.818771e+01,1.668190e+00,-7.546783e+00,-5.976349e-01,-9.793898e-01,-3.771496e-01,-1.423838e+00,-2.504082e+00,-2.799939e+00,-2.703393e+00,-2.291756e+00,2.675996e-01,4.730696e-01,7.009328e-01,1.022645e+00,1.361755e+00,1.574012e+00,2.104402e+00,2.663490e+00,2.629402e+02,8.507419e-01,4.868114e-03,-2.520615e-01,5.691066e-02,1.130446e-01,1.766459e+00,-8.530693e-02,-3.186460e+00,-7.063505e-01,8.426263e-01,8.893463e-01,2.470036e-01,-3.014881e+00,8.378643e-01,-2.293914e+00,1.767988e+00,-2.024080e+00,5.225764e-02,3.102485e-02,-2.280518e-02,-2.641478e-01,-5.113840e-04,8.390198e-02,1.050475e-02,-8.037257e-02,-3.834793e-03,-9.291640e-03,-4.843158e-03,2.969018e-02,1.364651e-02,-3.328037e-03,6.742769e-02,3.596361e-02,2.809021e-01,8.193612e-04,2.637836e+02,4.920248e-03,3.430876e-03,9.524370e-02,2.138031e-01,-1.281580e-03,-1.279333e-03,1.190633e-02
290,2.900000,4.732534e-01,-2.396902e+01,5.064243e+00,-2.465982e+00,-1.823862e+01,-1.734677e+01,-8.072848e+00,-1.952843e+01,-6.042650e+00,-1.912478e+01,-2.433718e+01,-1.970741e+01,-1.872927e+01,-4.132256e+01,4.118019e+00,-1.039544e+01,-5.786316e-01,-9.418325e-01,-3.745612e-01,-1.721848e+00,-2.513645e+00,-2.682923e+00,-2.608701e+00,-2.357625e+00,2.680568e-01,4.648742e-01,6.899734e-01,1.057522e+00,1.364276e+00,1.575844e+00,2.165367e+00,2.677024e+00,2.632255e+02,8.519921e-01,-7.843059e-03,-1.445141e-01,9.516807e-02,-3.813112e-01,1.573243e+00,-4.974579e-01,-3.258553e+00,9.294069e-01,1.291206e+00,2.422333e-02,-1.232040e-01,-2.199374e+00,3.324425e-01,-1.701853e+00,1.550207e+00,-1.534846e+00,2.502546e-02,3.177686e-02,5.352888e-02,-1.929225e-01,1.885381e-02,1.591094e-01,4.684448e-03,-9.601369e-02,7.824212e-04,-5.231291e-03,-1.149458e-02,2.415922e-02,8.994078e-03,-1.849810e-02,1.854184e-02,1.517639e-02,2.820709e-01,4.231393e-04,2.640813e+02,3.567062e-03,2.410490e-03,9.251523e-02,2.855805e-01,-5.928428e-04,-9.097125e-04,2.965907e-03
291,2.910000,3.595023e-01,-2.410698e+01,5.245388e+00,-3.650388e+00,-1.713231e+01,-1.753557e+01,-1.081409e+01,-1.803078e+01,-3.896926e+00,-2.003086e+01,-2.477596e+01,-2.205015e+01,-1.958487e+01,-4.300626e+01,6.439767e+00,-1.265250e+01,-5.727248e-01,-9.372039e-01,-2.683566e-01,-1.834954e+00,-2.445261e+00,-2.471072e+00,-2.635345e+00,-2.462466e+00,2.699136e-01,4.593401e-01,6.736711e-01,1.052144e+00,1.356468e+00,1.503829e+00,2.093491e+00,2.657972e+00,2.634919e+02,8.502913e-01,-1.604921e-02,2.630406e-02,1.951938e-01,-5.332749e-01,9.226071e-01,-7.780754e-01,-2.746063e+00,2.090871e+00,1.645692e+00,-2.756027e-01,-8.246357e-01,-2.435953e-01,-5.993099e-01,-2.317390e-02,4.596634e-01,-1.697997e-01,4.779303e-03,5.125282e-02,1.198984e-01,-9.449744e-02,3.289523e-02,1.901069e-01,-1.889291e-02,-9.079220e-02,4.937840e-03,-4.810989e-04,-1.324880e-02,2.564158e-02,4.311883e-03,-5.520606e-03,-2.216418e-02,-9.720063e-03,3.148071e-01,-1.279414e-04,2.642910e+02,3.170134e-03,1.633761e-03,9.569329e-02,4.130279e-01,-2.872760e-04,-1.158532e-04,-6.108309e-03
292,2.920000,3.761609e-01,-2.386253e+01,5.497546e+00,-4.213665e+00,-1.601923e+01,-1.858660e+01,-1.379314e+01,-1.343516e+01,-2.648908e+00,-2.014315e+01,-2.670031e+01,-2.003752e+01,-1.994312e+01,-4.166147e+01,5.425725e+00,-1.007439e+01,-5.759769e-01,-8.735401e-01,-9.469662e-02,-1.863866e+00,-2.399435e+00,-2.185543e+00,-2.629348e+00,-2.604645e+00,2.765635e-01,4.580136e-01,6.455420e-01,1.071853e+00,1.360350e+00,1.487235e+00,1.992388e+00,2.622309e+00,2.637936e+02,8.505082e-01,8.592862e-03,2.660971e-01,6.717014e-03,7.414033e-02,-3.822966e-01,-4.240299e-01,-1.999746e+00,2.098345e+00,2.060221e+00,-7.599398e-01,-8.892097e-01,1.046536e+00,-7.300968e-01,1.180726e+00,-7.943662e-01,1.465173e+00,-5.378330e-03,6.984396e-02,1.577480e-01,-9.174585e-03,3.172705e-02,1.698916e-01,-7.235482e-02,-8.826518e-03,7.306108e-03,2.737412e-03,-1.290534e-02,1.787094e-02,4.723859e-03,1.077270e-03,-2.624836e-02,-1.014903e-02,3.907623e-01,6.774068e-04,2.646989e+02,3.514478e-03,2.415937e-03,8.202934e-02,6.186432e-01,6.336203e-04,6.641957e-04,-1.007365e-02
293,2.930000,3.405361e-01,-2.361657e+01,5.847653e+00,-4.039705e+00,-1.729698e+01,-1.940059e+01,-1.544918e+01,-1.205031e+01,-2.524317e-01,-2.093886e+01,-2.832242e+01,-1.709630e+01,-2.287836e+01,-3.813412e+01,3.312654e+00,-8.556307e+00,-5.750657e-01,-7.572719e-01,8.241003e-02,-1.825316e+00,-2.396711e+00,-2.098095e+00,-2.787534e+00,-2.622208e+00,2.880355e-01,4.740944e-01,6.569045e-01,1.143688e+00,1.385277e+00,1.590714e+00,2.080070e+00,2.642247e+00,2.642302e+02,8.508441e-01,4.703220e-02,4.880932e-01,-2.488366e-01,7.665595e-01,-1.434853e+00,-1.510662e-01,-6.208887e-01,1.062108e+00,2.148286e+00,-5.222260e-01,-4.786430e-01,1.557035e+00,4.784592e-01,1.553351e+00,-1.018556e+00,1.829510e+00,-2.033737e-02,8.779429e-02,1.574103e-01,5.944023e-02,2.002890e-02,1.000460e-01,-5.043528e-02,1.153262e-01,9.034229e-03,4.569524e-03,-9.292031e-03,1.277540e-02,5.406475e-03,1.244953e-02,1.339319e-02,2.526569e-03,4.889038e-01,1.973409e-03,2.655399e+02,3.510160e-03,2.848887e-03,6.994510e-02,7.833588e-01,1.054908e-03,1.012171e-03,-1.284795e-02
294,2.940000,5.257008e-01,-2.288374e+01,4.796696e+00,-1.900622e+00,-2.006776e+01,-1.853441e+01,-1.575403e+01,-1.202694e+01,2.436211e+00,-2.247048e+01,-2.701000e+01,-1.695165e+01,-2.073301e+01,-3.785499e+01,1.709744e+00,-5.117679e+00,-6.043528e-01,-6.825787e-01,2.387955e-01,-1.772540e+00,-2.379285e+00,-2.019954e+00,-2.894380e+00,-2.321887e+00,2.955264e-01,4.711841e-01,6.338300e-01,1.101105e+00,1.373490e+00,1.537788e+00,2.040836e+00,2.634141e+00,2.648102e+02,8.551027e-01,4.349691e-02,4.968025e-01,-4.260558e-01,1.027586e+00,-2.122818e+00,2.265194e-01,8.502769e-01,-1.094783e-01,1.404237e+00,-5.206110e-01,2.544296e-01,8.840803e-01,2.349829e+00,8.160324e-01,-1.617393e-01,8.441992e-01,-3.820558e-02,7.060912e-02,1.049618e-01,1.241981e-01,-2.232552e-04,4.581785e-03,-1.415429e-02,1.819349e-01,8.240575e-03,4.378435e-03,-4.385442e-03,-1.556480e-03,3.325868e-03,4.421628e-03,3.334184e-02,1.036279e-02,5.629700e-01,3.033805e-03,2.665500e+02,6.565150e-03,5.123906e-03,5.502110e-02,7.851715e-01,1.260333e-03,8.178407e-04,-6.406170e-03
295,2.950000,5.198933e-01,-2.215591e+01,4.351630e+00,-9.741118e-01,-2.228231e+01,-1.831699e+01,-1.293808e+01,-1.342435e+01,4.301946e+00,-2.147832e+01,-2.701433e+01,-1.580791e+01,-1.679763e+01,-3.714274e+01,3.204976e+00,-5.983309e+00,-6.602237e-01,-5.937131e-01,3.519489e-01,-1.583416e+00,-2.355191e+00,-2.053637e+00,-2.755005e+00,-2.027214e+00,3.056032e-01,4.756025e-01,6.330669e-01,1.101395e+00,1.376930e+00,1.540800e+00,2.136234e+00,2.664689e+00,2.654281e+02,8.578611e-01,3.743411e-02,4.415600e-01,-2.255785e-01,4.531984e-01,-2.125488e+00,-3.332559e-01,2.072137e+00,-2.680572e-01,-4.143798e-01,5.305805e-02,-1.026875e-01,4.100880e-01,3.925843e+00,6.324059e-01,3.919349e-01,-5.126067e-01,-4.832308e-02,6.669682e-02,8.069014e-02,2.199444e-01,-2.041261e-02,-8.723204e-02,7.505360e-02,1.383781e-01,6.674358e-03,3.039181e-03,-4.062193e-03,-2.171365e-02,-1.965010e-03,-9.553027e-03,1.314800e-02,6.141472e-03,5.860291e-01,3.426600e-03,2.672822e+02,6.919339e-03,5.340632e-03,4.495764e-02,6.552124e-01,4.627314e-04,-1.139818e-05,8.019858e-03
296,2.960000,5.039668e-01,-2.210885e+01,4.115278e+00,-6.085342e-01,-2.414065e+01,-1.799580e+01,-1.079730e+01,-1.329554e+01,2.095086e+00,-2.247647e+01,-2.608221e+01,-1.626132e+01,-1.123434e+01,-3.807700e+01,4.670868e+00,-7.139896e+00,-7.244258e-01,-6.022739e-01,2.953431e-01,-1.363826e+00,-2.421311e+00,-2.184863e+00,-2.716384e+00,-1.992467e+00,3.089825e-01,4.791517e-01,6.355336e-01,1.085217e+00,1.381153e+00,1.534300e+00,2.131016e+00,2.662902e+00,2.660095e+02,8.621687e-01,-3.721213e-03,3.142687e-01,1.747228e-01,-7.457466e-01,-2.005936e+00,-1.663169e+00,2.628387e+00,-4.760789e-01,-2.680892e+00,-3.991776e-02,-7.054144e-01,8.252382e-02,2.896615e+00,1.222841e+00,-2.547835e-01,-1.906250e+00,-4.075780e-02,8.515056e-02,8.564918e-02,3.153633e-01,-2.523239e-02,-1.741670e-01,1.238673e-01,4.945245e-02,5.524492e-03,4.263309e-03,1.911074e-03,-3.466814e-02,-4.335761e-03,1.876640e-03,-1.301975e-02,5.051851e-04,5.739411e-01,2.889180e-03,2.677536e+02,8.111555e-03,5.259268e-03,6.249222e-02,5.376709e-01,-7.419059e-04,-8.848443e-04,1.597218e-02
297,2.970000,5.385737e-01,-2.179621e+01,5.060469e+00,-2.419757e+00,-2.588798e+01,-2.133618e+01,-7.566861e+00,-1.275630e+01,-2.153768e+00,-2.067057e+01,-2.929975e+01,-1.539103e+01,-7.998477e+00,-3.486109e+01,3.791766e+00,-1.010823e+01,-7.566445e-01,-4.639402e-01,4.575869e-01,-9.299510e-01,-2.477761e+00,-2.451800e+00,-2.501264e+00,-2.095027e+00,3.146792e-01,4.853065e-01,6.357418e-01,1.043063e+00,1.371621e+00,1.544693e+00,2.100720e+00,2.658574e+00,2.665607e+02,8.644441e-01,-2.026618e-03,4.196776e-01,3.004412e-01,-1.809368e+00,-1.712743e+00,-2.960754e+00,2.867239e+00,-4.729664e-01,-4.236556e+00,-4.476539e-01,-2.198929e-01,-5.427189e-02,4.979602e-01,2.459558e+00,-1.955021e+00,-1.662071e+00,-3.281635e-02,1.166415e-01,1.315688e-01,3.821256e-01,1.749907e-02,-1.868148e-01,1.593734e-01,3.984654e-02,4.706278e-03,2.283454e-03,1.364940e-03,-6.114306e-02,-1.311550e-02,-6.829643e-03,-5.570660e-02,-1.047335e-02,5.464813e-01,1.618123e-03,2.682142e+02,5.050615e-03,2.724214e-03,1.063088e-01,4.640747e-01,-1.182807e-03,-1.069653e-03,1.371841e-02
298,2.980000,4.977546e-01,-2.149224e+01,5.315890e+00,-4.906533e+00,-2.829461e+01,-2.534067e+01,-5.297706e+00,-1.474136e+01,-7.740391e+00,-2.307394e+01,-2.939436e+01,-1.674747e+01,-1.064951e+01,-3.288161e+01,1.424319e-01,-1.258647e+01,-7.599313e-01,-3.217124e-01,6.142223e-01,-5.224559e-01,-2.444162e+00,-2.691707e+00,-2.401914e+00,-2.040718e+00,3.186109e-01,4.876486e-01,6.420479e-01,9.569299e-01,1.354466e+00,1.545225e+00,1.993494e+00,2.639724e+00,2.671136e+02,8.662571e-01,7.797307e-03,5.286360e-01,1.782618e-01,-2.189172e+00,-1.033087e+00,-2.831479e+00,3.073347e+00,-6.790164e-01,-4.625413e+00,-3.088684e-01,1.533954e+00,4.185217e-01,-2.097819e+00,3.599266e+00,-2.755884e+00,-7.363037e-01,-3.987253e-02,1.103596e-01,1.220810e-01,3.600566e-01,9.886913e-02,-1.490231e-01,1.669084e-01,8.334838e-02,5.370924e-03,1.534092e-03,6.753874e-03,-6.351069e-02,-1.079484e-02,-9.040833e-04,-5.408006e-02,-9.495497e-03,4.822113e-01,-6.262779e-04,2.687724e+02,3.789983e-03,2.007893e-03,1.042064e-01,2.894043e-01,-9.782379e-04,-6.276433e-04,-1.781546e-03
299,2.990000,5.128664e-01,-2.036583e+01,5.253530e+00,-7.871954e+00,-2.876904e+01,-2.944833e+01,-1.351685e+00,-1.506627e+01,-1.196310e+01,-2.341786e+01,-2.645772e+01,-1.583619e+01,-1.460025e+01,-2.744264e+01,-4.305909e+00,-1.157038e+01,-8.065526e-01,-1.507865e-01,8.503535e-01,-9.347364e-02,-2.256270e+00,-2.734289e+00,-2.115372e+00,-1.803856e+00,3.243204e-01,4.827713e-01,6.366344e-01,8.598234e-01,1.324696e+00,1.501189e+00,1.926462e+00,2.623911e+00,2.676085e+02,8.639075e-01,1.798785e-02,4.369694e-01,-1.949452e-01,-1.454045e+00,-7.311459e-02,-1.109844e+00,3.021326e+00,-1.017479e+00,-4.050518e+00,5.173691e-01,4.107493e+00,1.064724e+00,-3.122647e+00,3.080413e+00,-1.935587e+00,1.067023e+00,-6.336458e-02,4.391078e-02,1.390237e-02,2.444539e-01,1.596632e-01,-1.061476e-01,1.292448e-01,1.373732e-01,5.017906e-03,-4.887581e-05,1.664464e-02,-4.556664e-02,-6.217599e-03,2.984929e-03,-2.491509e-02,-2.527642e-03,3.323944e-01,-4.491752e-03,2.690932e+02,3.166092e-03,1.618054e-03,9.269259e-02,-1.170563e-01,4.407077e-04,1.670790e-04,-1.412925e-02
300,3.000000,5.558070e-01,-2.018086e+01,4.910057e+00,-8.828296e+00,-2.786555e+01,-2.809712e+01,1.461843e+00,-1.553563e+01,-1.612732e+01,-2.264717e+01,-1.983346e+01,-1.394613e+01,-1.842255e+01,-2.378989e+01,-5.059715e+00,-1.009034e+01,-8.988344e-01,-2.070527e-01,7.093651e-01,1.821865e-02,-2.037710e+00,-2.788734e+00,-2.074787e+00,-1.721311e+00,3.310165e-01,4.880898e-01,6.688566e-01,8.592837e-01,1.350641e+00,1.551531e+00,1.947745e+00,2.632756e+00,2.678966e+02,8.593056e-01,1.999553e-02,5.819492e-02,-6.645973e-01,1.646186e-01,2.967157e-01,1.100604e+00,2.214360e+00,-1.608585e+00,-3.115120e+00,1.809031e+00,5.569919e+00,1.295005e+00,-3.191565e+00,1.409170e+00,-7.925186e-02,2.152294e+00,-9.365658e-02,-5.228375e-02,-1.327411e-01,8.071469e-02,1.430817e-01,-1.315238e-01,4.432063e-02,1.423418e-01,4.288810e-03,2.549499e-04,2.389916e-02,-1.730163e-02,4.955363e-03,1.439979e-02,1.426020e-02,6.530452e-03,4.236756e-02,-1.268915e-02,2.687611e+02,4.162627e-03,2.674132e-03,6.039261e-02,-8.277283e-01,9.958755e-04,4.783363e-04,-1.346571e-02
301,3.010000,5.994867e-01,-2.026706e+01,4.288660e+00,-7.729102e+00,-2.646808e+01,-2.550717e+01,4.159996e+00,-1.744656e+01,-1.821290e+01,-1.829711e+01,-1.354274e+01,-1.146808e+01,-1.972519e+01,-2.400488e+01,-3.285096e+00,-6.021181e+00,-1.004016e+00,-3.017162e-01,4.795274e-01,2.198105e-02,-1.882671e+00,-2.934024e+00,-2.018604e+00,-1.567864e+00,3.335660e-01,4.848416e-01,7.055606e-01,8.640531e-01,1.342446e+00,1.556464e+00,1.999019e+00,2.649420e+00,2.678311e+02,8.454611e-01,-3.255741e-02,-6.661846e-01,-1.239367e+00,2.284156e+00,7.135442e-01,2.267047e+00,5.702048e-01,-2.678802e+00,-1.848580e+00,2.657437e+00,5.618566e+00,4.545287e-01,-3.229681e+00,-3.385147e-01,1.354275e+00,2.460601e+00,-1.212234e-01,-1.651380e-01,-3.177280e-01,-2.029720e-01,-9.467482e-04,-2.100138e-01,-5.825067e-02,1.263401e-01,-1.374933e-03,-4.330349e-03,2.185356e-02,4.398644e-03,-7.662141e-03,1.958236e-02,8.864438e-03,-8.383989e-03,-2.650543e-01,-7.188094e-02,2.676346e+02,7.067832e-03,3.226490e-03,5.756946e-02,-1.893382e+01,5.088748e-04,2.164925e-04,-1.413451e-02
302,3.020000,5.544221e-01,-2.125065e+01,2.475339e+00,-4.154866e+00,-2.796151e+01,-2.180823e+01,3.018253e+00,-2.159414e+01,-2.019109e+01,-1.658916e+01,-8.002256e+00,-1.245650e+01,-2.404486e+01,-2.755465e+01,-7.642335e-01,-4.599598e+00,-1.129483e+00,-5.076663e-01,1.359300e-01,-1.766098e-01,-1.915554e+00,-3.249458e+00,-2.228696e+00,-1.447005e+00,3.354322e-01,4.878882e-01,7.270806e-01,8.683069e-01,1.370368e+00,1.589586e+00,2.028516e+00,2.659622e+00,2.672141e+02,8.120346e-01,-6.731761e-02,-1.446736e+00,-2.271130e+00,4.024629e+00,1.398004e+00,3.119837e+00,-1.921137e+00,-1.754589e+00,2.941744e-01,2.331891e+00,4.492643e+00,-1.460974e+00,-3.009087e+00,-1.774927e-01,1.497555e+00,1.621332e+00,-2.067546e-01,-3.614299e-01,-5.349758e-01,-5.538541e-01,-2.240669e-01,-2.256446e-01,-1.573843e-01,1.016927e-01,-1.109796e-02,-6.917423e-03,1.529588e-02,2.006472e-02,-1.187111e-02,1.522672e-02,-2.116936e-02,-2.490840e-02,-4.605194e-01,-1.529658e-01,2.653630e+02,6.818490e-03,3.595356e-03,5.443946e-02,-4.541314e+01,-8.857641e-04,-4.335252e-04,-1.206485e-02
303,3.030000,3.507718e-01,-2.316186e+01,2.740560e-01,1.212111e+00,-2.515335e+01,-2.125754e+01,7.211338e-01,-2.543103e+01,-1.917411e+01,-1.315968e+01,-4.280490e+00,-1.430836e+01,-2.793749e+01,-2.725284e+01,3.177280e-01,-2.012749e+00,-1.297345e+00,-8.261698e-01,-4.515688e-01,-1.010919e+00,-2.322083e+00,-3.553996e+00,-2.329672e+00,-1.309308e+00,3.152379e-01,4.612203e-01,7.167902e-01,8.773050e-01,1.276522e+00,1.580074e+00,1.930398e+00,2.568558e+00,2.666245e+02,5.281383e-01,-6.871031e-02,-2.191046e+00,-3.507851e+00,4.472474e+00,2.514697e+00,4.239473e+00,-4.000467e+00,1.607227e+00,3.563109e+00,1.931108e+00,3.643417e+00,-2.360125e+00,-1.297067e+00,1.663623e+00,1.399788e+00,2.058063e-01,-4.429237e-01,-6.248137e-01,-7.608297e-01,-8.954408e-01,-4.250571e-01,-1.283251e-01,-2.320923e-01,4.316877e-02,-1.809509e-02,-2.677679e-03,1.668662e-02,4.051206e-02,-8.991003e-03,1.050597e-02,-7.234202e-02,-6.638896e-02,-4.284271e-01,-1.844641e-01,1.761231e+02,4.382534e-03,2.239905e-03,2.499659e-02,-7.131810e+01,-1.987770e-03,-9.048536e-04,-1.532236e-02
304,3.040000,3.435764e-01,-2.596714e+01,-4.438294e+00,6.824240e+00,-2.153290e+01,-1.462275e+01,-6.424410e+00,-2.031634e+01,-1.417584e+01,-1.355643e+01,-2.001364e+00,-1.983086e+01,-2.936183e+01,-2.305338e+01,6.266487e-01,-3.987897e+00,-1.785943e+00,-1.751975e+00,-1.499966e+00,-2.234602e+00,-2.938339e+00,-3.606972e+00,-2.706175e+00,-1.342126e+00,2.846907e-01,4.653133e-01,7.397212e-01,9.529813e-01,1.324247e+00,1.615860e+00,1.876208e+00,2.548645e+00,2.661974e+02,2.531382e-01,-4.006182e-02,-2.618572e+00,-4.523209e+00,3.449027e+00,2.954612e+00,4.999183e+00,-4.153916e+00,5.873355e+00,7.076080e+00,1.958937e+00,2.623264e+00,-9.561024e-01,2.659811e+00,2.944518e+00,1.408367e+00,-4.026712e-01,-7.871565e-01,-8.661793e-01,-8.769169e-01,-1.018848e+00,-5.244703e-01,-2.725697e-03,-2.355749e-01,4.356527e-03,-1.643987e-02,8.070519e-03,2.300869e-02,6.667577e-02,1.182336e-02,1.002097e-03,-8.112413e-02,-6.987014e-02,-2.460632e-01,-1.117994e-01,8.745116e+01,1.076455e-03,9.997991e-04,1.635479e-02,-7.068492e+01,-1.801951e-03,-9.430617e-04,-1.338755e-02
305,3.050000,3.613580e-01,-2.886404e+01,-9.793778e+00,9.143717e+00,-1.710890e+01,-7.902544e+00,-1.112101e+01,-1.004932e+01,-3.404979e+00,-1.015794e+01,1.673903e+00,-1.958153e+01,-2.355205e+01,-1.793740e+01,3.018400e+00,-5.298000e+00,-2.890404e+00,-2.803630e+00,-2.506673e+00,-3.426227e+00,-3.496564e+00,-3.396893e+00,-2.940325e+00,-1.404460e+00,2.684612e-01,4.827406e-01,7.826734e-01,1.024276e+00,1.320551e+00,1.595857e+00,1.713463e+00,2.372964e+00,2.661974e+02,2.025887e-01,-1.760800e-02,-2.668670e+00,-4.553891e+00,1.260860e+00,1.429237e+00,3.449210e+00,-2.868330e+00,8.343534e+00,8.321085e+00,2.516035e+00,2.136347e+00,2.084529e+00,6.895030e+00,3.175210e+00,1.710071e+00,-4.774202e-01,-1.109918e+00,-8.680626e-01,-7.337679e-01,-8.390533e-01,-5.156493e-01,2.838545e-02,-1.864952e-01,-6.389077e-02,4.298151e-04,1.660226e-02,2.193130e-02,7.210763e-02,2.904924e-02,-8.920789e-04,-6.424659e-02,-7.004912e-02,-8.542480e-02,-6.197780e-03,0,0,0,0,-4.396973e+01,-9.841522e-04,-5.479608e-04,-6.634798e-03
306,3.060000,3.488199e-01,-3.149242e+01,-1.510679e+01,9.124465e+00,-1.721067e+01,-3.489807e+00,-1.183026e+01,8.178616e-02,7.304746e+00,-8.295346e+00,2.136866e+00,-1.460043e+01,-1.293853e+01,-1.748978e+01,4.927268e+00,-4.970328e+00,-4.268735e+00,-3.849833e+00,-3.221102e+00,-4.063194e+00,-3.950665e+00,-3.341638e+00,-3.101243e+00,-1.377646e+00,2.766212e-01,5.174807e-01,8.091825e-01,1.128200e+00,1.407470e+00,1.586705e+00,1.731363e+00,2.408069e+00,2.661974e+02,4.158124e-01,-3.981592e-02,-2.459186e+00,-3.069254e+00,-6.216565e-01,-5.082130e-03,-1.705658e-01,-2.192740e-01,7.728456e+00,7.051974e+00,3.284717e+00,1.352297e+00,5.651803e+00,8.974202e+00,1.623110e+00,9.745100e-01,9.060526e-03,-1.144988e+00,-6.002355e-01,-4.458494e-01,-5.114938e-01,-4.639173e-01,-6.283955e-02,-9.679012e-02,-1.615054e-01,1.872639e-02,1.225853e-02,4.383582e-03,5.886042e-02,2.063140e-02,-1.004970e-02,-2.617716e-02,-2.789707e-02,0,5.707482e-02,0,0,0,0,-1.749023e+01,-2.152909e-04,-1.999598e-04,-3.270959e-03
307,3.070000,2.601101e-01,-3.374257e+01,-1.716116e+01,6.366297e+00,-2.016828e+01,-9.577962e+00,-1.091759e+01,6.087580e+00,1.169102e+01,-3.210046e+00,4.332131e+00,-6.500924e+00,-1.673992e+00,-1.415859e+01,6.717775e+00,-3.908634e+00,-5.605541e+00,-4.117554e+00,-3.259840e+00,-4.291890e+00,-4.394166e+00,-3.544736e+00,-3.064614e+00,-1.611002e+00,3.214218e-01,5.181479e-01,7.917161e-01,1.150234e+00,1.380157e+00,1.590191e+00,1.681588e+00,2.288601e+00,2.661974e+02,4.158124e-01,-6.716942e-02,-2.025764e+00,-1.174917e+00,-1.343410e+00,-6.732941e-01,-3.269257e+00,1.020370e+00,4.723000e+00,3.718841e+00,3.288593e+00,1.015377e+00,5.843667e+00,7.750350e+00,9.170124e-01,8.755415e-01,1.323872e-01,-8.718224e-01,-2.650642e-01,-1.848644e-01,-2.607397e-01,-3.912330e-01,-1.758707e-01,-2.988071e-02,-2.498946e-01,2.679198e-02,-1.245081e-04,-1.193869e-02,3.282864e-02,1.601673e-02,-6.918681e-03,1.150067e-02,2.155089e-03,0,4.826441e-03,0,0,0,0,0,0,0,0
308,3.080000,1.951208e-01,-3.582381e+01,-1.610087e+01,5.104667e+00,-2.002862e+01,-1.463787e+01,-7.622488e+00,1.025749e+01,1.353603e+01,-6.067922e-01,3.431007e+00,1.887860e+00,4.570153e+00,-1.682723e+01,3.649511e+00,-4.637277e+00,-6.153316e+00,-4.096191e+00,-3.352629e+00,-4.359239e+00,-4.809124e+00,-3.847248e+00,-3.127981e+00,-2.046382e+00,3.518424e-01,5.089023e-01,7.571178e-01,1.184305e+00,1.397602e+00,1.568445e+00,1.761260e+00,2.451341e+00,2.661974e+02,4.319005e-01,-5.848473e-02,-1.358221e+00,2.076456e-01,-1.022266e+00,6.885795e-02,-3.289619e+00,6.301384e-01,7.332131e-01,9.000514e-01,2.241421e+00,1.188459e+00,2.498461e+00,4.125646e+00,1.397695e+00,1.315256e+00,2.349405e-01,-4.086235e-01,-4.398756e-02,-6.420021e-02,-1.669898e-01,-2.336594e-01,-1.801009e-01,-3.375764e-02,-2.401391e-01,1.967197e-02,-8.883965e-03,-1.833365e-02,3.517544e-03,-4.490912e-03,-1.350601e-02,4.061711e-03,-1.250930e-02,0,-5.914065e-02,0,0,0,0,0,0,0,0
309,3.090000,1.023604e-01,-3.682717e+01,-1.517132e+01,4.436568e+00,-1.906640e+01,-1.867480e+01,-8.123042e+00,8.477828e+00,1.207358e+01,2.440752e+00,6.103720e+00,1.392662e+00,6.445358e+00,-1.368361e+01,8.034986e+00,-4.802590e+00,-6.307226e+00,-4.005772e+00,-3.365232e+00,-4.581903e+00,-5.023499e+00,-4.023442e+00,-3.076360e+00,-2.319566e+00,3.648106e-01,4.864073e-01,7.490123e-01,1.160367e+00,1.405569e+00,1.570394e+00,1.756018e+00,2.362103e+00,2.661974e+02,2.186769e-01,-3.344756e-02,-4.679539e-01,-9.163475e-03,-1.568766e-02,8.303536e-01,-8.930353e-01,-1.466146e+00,-2.517683e+00,-7.260475e-01,9.960114e-01,1.085209e+00,-2.249669e+00,1.541503e+00,2.325583e+00,2.666046e+00,4.716558e-01,-3.853831e-02,-2.251930e-02,-8.120322e-02,-1.920480e-01,-2.253251e-02,-6.708779e-02,-7.667852e-03,-6.739125e-02,8.960843e-04,-1.215924e-02,-1.243898e-02,-1.260803e-02,-1.388854e-02,-1.586899e-02,-1.856496e-02,-6.300137e-02,0,-6.055121e-02,0,0,0,0,0,0,0,0
310,3.100000,1.352711e-01,-3.674123e+01,-1.506348e+01,4.977999e+00,-1.741732e+01,-1.538948e+01,-1.007684e+01,2.552728e+00,1.161372e+01,8.636061e-02,7.193369e+00,-6.054920e+00,3.630023e+00,-1.073879e+01,1.084494e+01,-3.348647e+00,-5.961010e+00,-4.125661e+00,-3.489408e+00,-4.753136e+00,-4.804295e+00,-4.002790e+00,-3.264158e+00,-2.224060e+00,3.532867e-01,4.889311e-01,7.388661e-01,1.140721e+00,1.372309e+00,1.529074e+00,1.714457e+00,2.308771e+00,2.661974e+02,2.186769e-01,-6.158170e-03,3.012257e-01,-9.637606e-01,3.119597e-01,1.309857e+00,1.797341e+00,-3.134045e+00,-3.771947e+00,-1.210097e+00,-1.837044e-02,7.321643e-01,-4.813990e+00,4.978308e-01,3.382248e+00,2.522924e+00,-6.798506e-02,9.714260e-02,-8.094969e-02,-1.460454e-01,-1.779615e-01,1.926986e-01,1.039143e-01,2.886083e-02,1.106384e-01,-1.363828e-02,-1.238316e-04,1.675264e-02,-1.104763e-02,-1.688894e-02,-7.972693e-03,-2.895168e-02,-8.437769e-02,-1.579895e-01,1.066565e-02,0,0,0,0,1.711453e+01,0,0,0
311,3.110000,1.227971e-01,-3.562363e+01,-1.772567e+01,6.351192e+00,-1.732216e+01,-1.366733e+01,-1.702115e+01,-2.648453e+00,9.021939e+00,1.423435e+00,7.876995e+00,-1.377788e+01,6.503590e+00,-5.574899e+00,1.645029e+01,-2.194670e+00,-5.894386e+00,-4.215415e+00,-3.597467e+00,-5.055181e+00,-4.509243e+00,-3.802404e+00,-3.034864e+00,-1.859119e+00,3.251801e-01,4.673373e-01,7.386470e-01,1.108985e+00,1.323360e+00,1.530531e+00,1.612165e+00,2.044879e+00,2.661974e+02,2.196681e-01,6.396326e-03,1.036579e+00,-7.765703e-01,-6.708269e-01,6.042647e-01,2.568119e+00,-2.323685e+00,-3.854820e+00,-2.220690e+00,-1.662393e-01,-2.535652e-01,-4.458169e+00,-3.399423e-01,2.107392e+00,-2.556438e-02,-1.673039e+00,2.014518e-01,3.355203e-02,-6.547670e-02,7.493267e-02,4.255148e-01,1.911861e-01,8.176403e-02,1.467879e-01,-1.732940e-02,5.906972e-03,3.463626e-02,-2.570748e-03,-6.625402e-03,6.284893e-03,-8.593356e-03,-2.154367e-02,-5.503021e-01,1.363993e-01,0,0,0,0,4.263897e+01,0,0,5.699317e-02
312,3.120000,1.541116e-01,-3.491945e+01,-1.964250e+01,5.707153e+00,-1.435146e+01,-8.154896e+00,-1.884366e+01,-3.039106e+00,9.011373e+00,-1.899858e-01,6.205191e+00,-1.459682e+01,7.030191e+00,-3.970350e+00,1.205648e+01,-6.281162e+00,-5.874023e+00,-4.396118e+00,-3.966739e+00,-5.012408e+00,-4.102759e+00,-3.438195e+00,-3.004425e+00,-1.723413e+00,3.034662e-01,5.178182e-01,8.460636e-01,1.154757e+00,1.354261e+00,1.548512e+00,1.688428e+00,2.188065e+00,2.654074e+02,4.847331e-01,2.856478e-03,1.895663e+00,1.122212e+00,-3.117794e+00,-9.544756e-01,1.777157e+00,1.013827e+00,-3.944038e+00,-3.484033e+00,5.159987e-01,-4.828246e-01,-4.112956e+00,-2.018371e+00,1.260329e+00,-3.476770e+00,-2.488901e+00,3.647949e-01,3.131366e-01,2.612593e-01,5.526786e-01,7.172335e-01,1.902936e-01,1.352995e-01,5.343736e-02,-3.921616e-03,1.091010e-02,4.808302e-02,-3.649795e-03,-1.040721e-03,2.342503e-02,5.010936e-02,8.214881e-02,-1.152023e+00,1.780313e-01,8.557267e+01,0,0,0,6.802876e+01,4.678170e-03,8.417357e-03,9.986130e-02
313,3.130000,1.249218e-01,-3.255516e+01,-1.676466e+01,7.178561e-01,-1.757800e+01,-9.451497e+00,-1.535806e+01,-8.000355e+00,2.271307e+00,1.747729e+00,5.329983e+00,-1.662723e+01,3.045563e+00,-6.530872e+00,7.301397e+00,-1.170153e+01,-5.343460e+00,-3.702784e+00,-3.453950e+00,-4.077604e+00,-3.246693e+00,-3.349808e+00,-2.797406e+00,-1.835950e+00,3.030738e-01,5.014986e-01,8.685948e-01,1.140495e+00,1.381466e+00,1.592099e+00,1.726065e+00,2.314738e+00,2.638408e+02,7.676451e-01,3.022774e-02,2.894454e+00,3.910320e+00,-5.793681e+00,-3.332508e+00,8.713983e-01,3.989681e+00,-4.163611e+00,-4.584858e+00,7.564794e-01,-7.657790e-01,-4.809839e+00,-4.623445e+00,2.463181e-01,-6.283391e+00,-1.921652e+00,6.487001e-01,6.756903e-01,7.472655e-01,1.089906e+00,1.008008e+00,1.628151e-01,1.087181e-01,-8.273926e-02,1.734309e-02,7.056070e-03,2.209160e-02,-2.577064e-02,-2.845192e-02,5.613911e-03,6.185378e-02,8.710728e-02,-1.682169e+00,1.621789e-01,1.704085e+02,0,0,2.849658e-01,6.771336e+01,8.214089e-03,1.400971e-02,1.112545e-01
314,3.140000,1.484911e-01,-2.879714e+01,-9.932923e+00,-7.794302e+00,-2.206178e+01,-8.611617e+00,-5.839251e+00,-1.449151e+01,-2.431125e+00,2.504207e+00,6.052752e+00,-2.519502e+01,-4.732819e+00,-3.959160e+00,-1.964458e+00,-1.103972e+01,-4.412499e+00,-2.816294e+00,-2.254870e+00,-2.478532e+00,-1.849402e+00,-3.277620e+00,-2.706390e+00,-1.968458e+00,3.447317e-01,5.264010e-01,9.143073e-01,1.106717e+00,1.338053e+00,1.615415e+00,1.908053e+00,2.584586e+00,2.616155e+02,8.348450e-01,3.606466e-02,3.480621e+00,5.059192e+00,-6.599577e+00,-4.438186e+00,4.349117e-02,4.448144e+00,-3.527528e+00,-3.897018e+00,6.328122e-01,-1.330759e+00,-5.330393e+00,-5.041274e+00,-2.032168e-01,-6.202638e+00,-2.554012e-01,7.731080e-01,8.254688e-01,1.045177e+00,1.266442e+00,1.051748e+00,1.914231e-01,1.303824e-01,-8.386010e-02,3.225932e-02,1.940450e-03,-7.228362e-03,-4.639033e-02,-5.814512e-02,-1.639657e-02,4.810591e-02,2.936778e-02,-1.855637e+00,8.273543e-02,2.549396e+02,2.339085e-02,4.208678e-02,3.568236e-01,4.199019e+01,9.406155e-03,1.498791e-02,3.434811e-02
315,3.150000,2.767460e-01,-2.421251e+01,-3.028861e+00,-1.586648e+01,-3.012954e+01,-9.081979e+00,-3.574950e+00,-1.774030e+01,-8.181103e+00,3.858736e+00,4.124320e+00,-3.252797e+01,-1.073213e+01,-4.348904e+00,-7.956193e+00,-9.423648e+00,-3.381647e+00,-1.626876e+00,-7.170744e-01,-8.725917e-01,-5.958831e-01,-3.068616e+00,-2.640291e+00,-2.150293e+00,3.912627e-01,4.983262e-01,8.149832e-01,1.004152e+00,1.189205e+00,1.525149e+00,1.811621e+00,2.282155e+00,2.596825e+02,8.555066e-01,4.534588e-02,2.996709e+00,3.912136e+00,-5.005009e+00,-2.891293e+00,1.440651e-01,2.641131e+00,-1.707774e+00,-1.560520e+00,-5.154279e-01,-2.763353e+00,-3.565302e+00,-3.417027e+00,-1.210924e+00,-4.219757e+00,5.286501e-01,6.597414e-01,6.293753e-01,8.700873e-01,9.654152e-01,7.464865e-01,2.622856e-01,1.230329e-01,-2.029842e-02,3.085944e-02,7.033759e-03,-1.614786e-02,-4.108841e-02,-6.027108e-02,-4.320215e-02,1.553600e-02,-1.516175e-02,-1.683460e+00,1.524125e-02,2.538834e+02,2.937502e-02,4.900514e-02,3.778605e-01,1.657957e+01,3.187670e-03,2.597797e-03,-6.739789e-02
316,3.160000,2.585227e-01,-2.168767e+01,-1.214438e+00,-1.899856e+01,-3.026662e+01,-8.122199e+00,-2.494496e+00,-1.580677e+01,-5.247510e+00,1.918572e+00,1.542276e-01,-3.329842e+01,-1.128734e+01,-6.077418e+00,-1.132791e+01,-8.697108e+00,-2.989390e+00,-1.306727e+00,-1.092938e-01,-2.827047e-01,-1.694231e-01,-2.621676e+00,-2.431071e+00,-1.985542e+00,4.206684e-01,5.291066e-01,8.367276e-01,9.909773e-01,1.159666e+00,1.500004e+00,1.886180e+00,2.351195e+00,2.582084e+02,8.544795e-01,9.950951e-03,1.722777e+00,1.675627e+00,-1.598227e+00,-1.237131e-01,-7.611685e-01,1.777448e-01,-4.353244e-01,4.052476e-01,-1.651599e+00,-2.789499e+00,-6.026480e-01,-1.177927e+00,-2.459987e+00,-1.530612e+00,2.322960e-01,4.227930e-01,3.260273e-01,4.066164e-01,3.724294e-01,2.111433e-01,2.460869e-01,1.336877e-01,9.271176e-02,1.425994e-02,3.114823e-03,-1.380539e-02,-2.173900e-02,-2.500544e-02,-3.442329e-02,-1.604035e-02,3.482652e-03,-1.339066e+00,-1.086280e-02,2.537862e+02,3.234326e-02,5.043700e-02,1.252932e-01,-3.058899e-01,-5.048190e-03,-1.191405e-02,-9.120033e-02
317,3.170000,2.966354e-01,-2.112634e+01,-1.563219e+00,-1.870506e+01,-2.793204e+01,-8.975881e+00,-3.824782e+00,-1.588159e+01,-4.123101e+00,-5.365925e-01,-5.537518e+00,-3.040205e+01,-1.076231e+01,-1.152636e+01,-9.115661e+00,-1.022958e+01,-2.756308e+00,-1.310690e+00,-1.763018e-01,-3.484411e-01,-3.542502e-01,-2.366352e+00,-2.319902e+00,-1.928900e+00,4.194026e-01,5.353146e-01,8.266454e-01,9.929232e-01,1.169304e+00,1.433794e+00,1.814682e+00,2.355624e+00,2.571271e+02,8.340341e-01,-2.065819e-02,1.166973e-01,-1.689197e-01,2.072999e+00,3.143641e+00,-1.593483e+00,-1.358920e+00,-2.494264e-01,1.414919e+00,-1.910394e+00,-1.342098e+00,9.305500e-01,3.953896e-01,-2.571720e+00,-1.448803e-01,3.646229e-01,2.081254e-01,1.403887e-02,-1.126372e-01,-2.604475e-01,-2.886867e-01,1.210478e-01,1.278054e-01,1.334690e-01,-7.332328e-03,-1.707697e-03,3.112048e-03,5.520141e-03,2.190292e-02,-5.887628e-03,-1.313567e-03,7.876863e-02,-1.020276e+00,-7.554609e-02,2.538831e+02,1.146214e-02,8.813876e-03,6.374159e-02,-1.707996e+01,-7.571078e-03,-1.434746e-02,-7.721670e-02
318,3.180000,1.883012e-01,-2.172634e+01,-2.287609e+00,-1.436615e+01,-2.377909e+01,-1.247051e+01,-4.825611e+00,-1.759749e+01,-2.433887e+00,-3.556123e+00,-3.063823e+00,-2.927122e+01,-1.060736e+01,-1.267037e+01,-9.037785e+00,-9.475275e+00,-2.611204e+00,-1.344250e+00,-4.921745e-01,-8.784600e-01,-9.145022e-01,-2.398317e+00,-2.198146e+00,-1.615596e+00,4.019615e-01,5.234809e-01,8.394492e-01,1.003637e+00,1.222976e+00,1.488977e+00,1.826321e+00,2.565264e+00,2.561979e+02,7.912672e-01,-7.989956e-03,-1.353517e+00,-1.146066e+00,4.854143e+00,4.739947e+00,-1.796987e+00,-2.929339e+00,-2.863216e-03,1.202184e+00,-1.479670e+00,2.745588e-01,6.830856e-01,6.039423e-01,-1.062752e+00,7.027876e-01,9.301817e-01,5.272908e-02,-2.146953e-01,-4.665357e-01,-7.423245e-01,-6.219492e-01,-7.314758e-02,2.551966e-02,6.444223e-02,-2.726586e-02,-1.723739e-02,-1.286173e-03,1.719031e-02,3.949574e-02,1.593982e-02,-2.360001e-02,5.412152e-02,-7.475937e-01,-1.547692e-01,2.534103e+02,7.106339e-03,2.612145e-03,5.788141e-02,-4.246966e+01,-6.875385e-03,-1.070744e-02,-2.584914e-02
319,3.190000,2.085659e-01,-2.360969e+01,-3.336874e+00,-7.817690e+00,-1.765510e+01,-1.487524e+01,-9.203995e+00,-1.809208e+01,-2.513318e+00,-2.955889e+00,-9.771476e-01,-2.988882e+01,-9.095166e+00,-1.391103e+01,-9.825660e+00,-7.211450e+00,-2.530113e+00,-1.537920e+00,-1.088820e+00,-1.876952e+00,-1.666777e+00,-2.575056e+00,-2.117727e+00,-1.667921e+00,3.639545e-01,4.926006e-01,8.291826e-01,1.025423e+00,1.267064e+00,1.501225e+00,1.834983e+00,2.568963e+00,2.555863e+02,5.093823e-01,-9.931475e-04,-2.632360e+00,-2.164573e+00,5.943038e+00,5.005007e+00,-1.195469e+00,-3.265456e+00,1.815678e+00,1.723604e+00,-7.297277e-01,1.036608e+00,8.915653e-01,1.829265e+00,8.830507e-01,2.383693e+00,1.502355e+00,-2.601023e-01,-4.898071e-01,-6.893546e-01,-1.031130e+00,-8.122052e-01,-2.158155e-01,-8.167782e-02,-4.061642e-02,-3.043028e-02,-1.910508e-02,-1.270670e-03,3.224744e-02,4.970030e-02,2.862973e-02,-1.260636e-02,3.873286e-02,-4.729629e-01,-2.216376e-01,1.686716e+02,4.138095e-03,1.180282e-03,2.548294e-02,-6.771327e+01,-2.840226e-03,-1.952327e-03,-1.701878e-02
320,3.200000,2.626077e-01,-2.721359e+01,-6.057943e+00,-1.715315e-01,-1.170536e+01,-1.415746e+01,-1.445159e+01,-1.471585e+01,-4.148118e-02,-4.270128e+00,-7.531638e-01,-3.013960e+01,-9.101196e+00,-1.019884e+01,-7.458977e+00,-5.555267e+00,-2.838841e+00,-2.266589e+00,-1.985714e+00,-3.230072e+00,-2.622906e+00,-2.883062e+00,-2.404560e+00,-1.793820e+00,3.120631e-01,4.642767e-01,8.290281e-01,1.060679e+00,1.308265e+00,1.545987e+00,1.758029e+00,2.515133e+00,2.552408e+02,2.429597e-01,1.483061e-02,-3.476657e+00,-3.361845e+00,4.976066e+00,3.795021e+00,-3.192539e-02,-1.258948e+00,4.090356e+00,2.341264e+00,5.084598e-01,1.369340e+00,2.966008e+00,2.931647e+00,1.311885e+00,4.411845e+00,1.681576e+00,-6.857039e-01,-7.734506e-01,-8.309392e-01,-1.016580e+00,-8.542088e-01,-3.001590e-01,-1.578490e-01,-1.182932e-01,-1.770977e-02,-3.058058e-03,5.524576e-04,3.809106e-02,4.514012e-02,1.741939e-02,-1.778778e-02,-1.105959e-02,-2.259705e-01,-2.091917e-01,8.404366e+01,1.628366e-03,7.166234e-04,1.517677e-02,-6.754921e+01,-1.835077e-03,-6.404572e-04,-1.412458e-02
321,3.210000,2.545164e-01,-3.154452e+01,-1.050092e+01,3.912824e+00,-8.943874e+00,-1.410975e+01,-1.533907e+01,-8.244029e+00,3.298717e+00,-3.828229e+00,-1.509807e+00,-2.551003e+01,-2.369068e+00,-8.346870e+00,2.013402e+00,-4.677813e+00,-3.943001e+00,-3.298557e+00,-2.876305e+00,-4.328286e+00,-3.561074e+00,-3.203058e+00,-2.625084e+00,-2.042870e+00,3.122004e-01,4.693913e-01,8.255026e-01,1.125639e+00,1.375161e+00,1.548437e+00,1.785796e+00,2.574354e+00,2.552408e+02,0,-1.648528e-02,-3.541148e+00,-3.875860e+00,2.943605e+00,1.535005e+00,1.649830e-01,1.303138e+00,4.813657e+00,2.253006e+00,1.079159e+00,1.957350e+00,5.316984e+00,3.511119e+00,6.483436e-01,5.009913e+00,1.197541e+00,-9.792695e-01,-8.471815e-01,-8.044222e-01,-7.629062e-01,-7.777733e-01,-3.306428e-01,-1.700185e-01,-1.089145e-01,-9.850174e-04,1.127653e-02,-4.226285e-03,3.364980e-02,3.322766e-02,8.657360e-03,-2.386407e-02,-2.667189e-02,-6.911011e-02,-1.261724e-01,0,0,0,0,-4.213868e+01,-9.904556e-04,-3.077188e-04,-6.614265e-03
322,3.220000,2.394790e-01,-3.514221e+01,-1.551481e+01,4.648921e+00,-9.159595e+00,-1.301288e+01,-8.052813e+00,-2.069737e+00,6.366417e+00,-5.776542e-01,4.049206e+00,-1.663058e+01,6.878228e-01,-8.893021e+00,7.101912e+00,-2.334215e+00,-5.333280e+00,-4.331185e+00,-3.753128e+00,-4.735695e+00,-4.238397e+00,-3.585112e+00,-2.733712e+00,-2.019588e+00,3.392897e-01,5.197952e-01,8.440515e-01,1.143984e+00,1.394629e+00,1.552468e+00,1.761975e+00,2.507271e+00,2.552408e+02,0,-3.573105e-02,-2.837554e+00,-3.157563e+00,7.742197e-01,-6.076765e-02,4.383869e-01,3.133650e+00,3.345977e+00,1.474357e+00,1.718344e+00,2.363742e+00,6.162671e+00,2.517268e+00,-1.435015e+00,2.825624e+00,9.001989e-01,-9.268913e-01,-6.831948e-01,-6.532474e-01,-4.034908e-01,-5.488051e-01,-3.025504e-01,-1.352416e-01,-1.036588e-01,6.713098e-03,1.974795e-02,-1.245028e-03,1.979368e-02,1.918804e-02,4.989266e-03,-1.144901e-02,-2.775509e-02,0,-8.588496e-03,0,0,0,0,-1.680873e+01,-3.256732e-04,-1.433247e-04,-3.035354e-03
323,3.230000,1.377038e-01,-3.735112e+01,-1.798774e+01,4.490110e+00,-1.125295e+01,-1.462261e+01,-5.887691e+00,-3.468471e-01,5.547765e+00,5.936711e-01,6.408419e+00,-1.005841e+01,3.565922e+00,-1.132222e+01,7.943459e+00,-2.834270e+00,-6.179242e+00,-4.741529e+00,-4.227224e+00,-4.938671e+00,-4.747898e+00,-3.877246e+00,-2.803243e+00,-2.099610e+00,3.454162e-01,5.212240e-01,8.005395e-01,1.152020e+00,1.390021e+00,1.541272e+00,1.713689e+00,2.439535e+00,2.552408e+02,0,-3.322476e-02,-1.817645e+00,-1.618572e+00,-1.796954e-01,-7.423062e-01,2.715812e-01,1.950415e+00,1.902857e+00,8.501078e-01,6.372492e-01,1.824735e+00,4.850568e+00,1.027869e+00,-2.409018e+00,-9.101820e-01,3.725366e-01,-5.882763e-01,-3.510985e-01,-3.977306e-01,-1.660114e-01,-3.300368e-01,-2.124648e-01,-1.454374e-01,-1.083978e-01,2.274513e-04,1.116639e-02,-7.340109e-03,8.134818e-03,6.075025e-04,5.643976e-03,-2.441736e-02,-4.000721e-02,0,6.000517e-02,0,0,0,0,0,0,0,0
324,3.240000,1.423588e-01,-3.849806e+01,-1.810235e+01,3.410924e+00,-1.085466e+01,-1.170909e+01,-3.509027e+00,-1.934552e+00,6.205782e+00,2.110644e+00,7.106434e+00,-7.052057e+00,5.176475e-01,-1.588624e+01,3.704114e+00,-1.976044e+00,-6.355177e+00,-4.961076e+00,-4.576491e+00,-4.942334e+00,-4.773520e+00,-4.058720e+00,-2.991688e+00,-2.283744e+00,3.290207e-01,5.371001e-01,8.352845e-01,1.146457e+00,1.396775e+00,1.574516e+00,1.736838e+00,2.443767e+00,2.552408e+02,2.000172e-01,-2.523025e-02,-7.188969e-01,-5.057383e-01,-5.529788e-01,-8.186926e-01,-4.233165e-01,-9.341536e-01,6.227418e-01,1.349477e+00,-1.452881e+00,4.913737e-01,1.784528e+00,4.162166e-01,-1.799397e+00,-2.621038e+00,2.086115e-02,-2.337969e-01,-5.159235e-02,-9.593067e-02,-6.789427e-02,-1.017382e-01,-3.600094e-02,-1.260423e-01,-5.214090e-02,-7.261425e-04,-1.045525e-04,1.055175e-03,9.320569e-03,-1.288998e-03,9.813297e-03,-1.432403e-02,-3.535543e-02,0,1.024862e-01,0,0,0,0,0,0,0,0
325,3.250000,1.369527e-01,-3.895482e+01,-1.730000e+01,3.633346e+00,-1.180787e+01,-1.340374e+01,-7.858890e+00,1.202664e+00,7.629574e+00,-1.986132e+00,6.085256e+00,-6.046452e+00,2.855362e+00,-1.689535e+01,-8.386094e-01,-2.994216e+00,-6.373434e+00,-4.739103e+00,-4.453277e+00,-5.055023e+00,-4.943697e+00,-4.028577e+00,-3.223283e+00,-2.452780e+00,3.184721e-01,5.165708e-01,7.931855e-01,1.165077e+00,1.377125e+00,1.565632e+00,1.676278e+00,2.406070e+00,2.552408e+02,2.000172e-01,-1.317564e-02,3.139778e-01,-3.775873e-01,-5.055649e-01,-8.258928e-01,-7.001313e-01,-3.201429e+00,6.519030e-01,2.520010e+00,-3.351047e+00,-6.787205e-01,-4.074162e-01,7.069365e-01,-1.185149e-01,-1.858845e+00,7.396741e-01,-1.507850e-02,8.799777e-02,1.472185e-01,-1.255684e-02,1.267581e-01,1.915382e-01,-6.332810e-02,9.127681e-02,6.767771e-03,-2.552122e-03,1.507342e-02,1.861521e-02,-2.227843e-03,8.642566e-03,-7.867801e-03,-2.588081e-02,-4.424439e-02,1.140474e-01,0,0,0,0,1.683907e+01,0,0,0
326,3.260000,1.137033e-01,-3.793484e+01,-1.838737e+01,2.312410e+00,-1.297560e+01,-1.573890e+01,-1.173798e+01,2.692165e-01,1.207290e+01,-6.552158e+00,6.667656e+00,-9.713917e+00,3.124186e+00,-1.510344e+01,-1.612243e+00,-2.149936e+00,-6.405169e+00,-4.590360e+00,-4.119755e+00,-5.016990e+00,-4.649189e+00,-3.689451e+00,-3.153904e+00,-2.103707e+00,3.491310e-01,5.215991e-01,8.530044e-01,1.184058e+00,1.394631e+00,1.589354e+00,1.709061e+00,2.347226e+00,2.552408e+02,4.124223e-01,-1.287546e-02,1.139116e+00,-3.202892e-01,-2.559077e-01,-3.550383e-01,-9.518917e-01,-4.741698e+00,-2.745350e-01,1.655714e+00,-4.744627e+00,-2.237720e+00,-1.954594e+00,1.134355e+00,7.180489e-01,-4.853285e-01,6.185672e-01,2.049821e-01,1.689484e-01,2.553454e-01,2.326017e-02,2.898214e-01,3.608950e-01,5.375323e-02,1.945690e-01,1.240711e-02,-3.113723e-03,2.327495e-02,2.914753e-02,-1.821220e-03,1.184571e-03,1.390183e-03,-8.515811e-03,-1.845123e-01,1.337270e-01,0,0,0,0,4.193481e+01,1.614715e-03,0,2.662958e-02
327,3.270000,8.615334e-02,-3.606284e+01,-1.973316e+01,2.511543e+00,-1.432195e+01,-1.610837e+01,-1.778036e+01,1.810784e+00,1.521426e+01,-1.183016e+01,3.234206e+00,-1.076456e+01,5.797335e+00,-1.230620e+01,1.307410e+00,9.510469e-01,-6.229639e+00,-4.486899e+00,-3.719500e+00,-4.964127e+00,-4.176273e+00,-3.104190e+00,-3.038776e+00,-1.733244e+00,3.691999e-01,5.162139e-01,8.670467e-01,1.226295e+00,1.379953e+00,1.577066e+00,1.688239e+00,2.358401e+00,2.550196e+02,4.640344e-01,-7.173687e-03,1.941753e+00,7.057794e-01,-1.185543e-01,1.316251e+00,-1.625019e-01,-4.615896e+00,-1.699157e+00,-4.945664e-01,-4.150851e+00,-2.966540e+00,-1.559448e+00,9.456805e-01,2.977601e-01,-3.018940e-01,3.449419e-01,5.369970e-01,3.471970e-01,2.620651e-01,1.347168e-01,4.479608e-01,4.662608e-01,1.931553e-01,1.623225e-01,4.284227e-03,-3.471136e-03,3.233261e-02,3.519162e-02,2.373540e-03,1.005864e-02,5.724515e-02,5.018447e-02,-4.250824e-01,1.530202e-01,8.419534e+01,0,0,0,6.691743e+01,1.963964e-02,1.987153e-02,7.115880e-02
328,3.280000,1.033811e-01,-3.424847e+01,-1.848722e+01,2.692287e+00,-1.137281e+01,-1.511624e+01,-2.225678e+01,-3.611287e+00,1.069201e+01,-1.669048e+01,-2.656641e+00,-1.446597e+01,4.718434e+00,-1.459057e+01,2.044624e-01,-8.558397e-01,-5.402164e+00,-4.242436e+00,-3.666653e+00,-4.871481e+00,-3.708125e+00,-2.716439e+00,-2.815176e+00,-1.670667e+00,3.656924e-01,5.217100e-01,9.147287e-01,1.261586e+00,1.386255e+00,1.574722e+00,1.737808e+00,2.425023e+00,2.544288e+02,7.366439e-01,5.015464e-03,2.575589e+00,2.513423e+00,-1.835461e-01,3.340502e+00,-6.805622e-01,-4.702282e+00,-2.398726e+00,-2.796152e+00,-2.894200e+00,-2.613527e+00,2.377842e-01,-1.787061e-01,-5.757393e-01,-1.938946e+00,-1.530454e+00,8.750849e-01,6.962118e-01,2.942005e-01,2.482183e-01,5.264683e-01,5.597001e-01,3.014843e-01,2.502527e-02,-1.251684e-02,-1.473335e-02,1.965664e-02,3.116820e-02,3.432572e-03,6.175471e-03,8.710668e-02,8.055861e-02,-6.756698e-01,1.183695e-01,1.675764e+02,8.073574e-03,0,1.331479e-01,6.663680e+01,2.955472e-02,3.325457e-02,9.418329e-02
329,3.290000,1.062454e-01,-3.108924e+01,-1.372118e+01,2.850636e+00,-6.028014e+00,-1.452758e+01,-2.567897e+01,-5.352871e+00,5.847187e+00,-1.767123e+01,-4.085296e+00,-1.146767e+01,6.786640e+00,-1.566298e+01,-3.256432e+00,-1.916554e+00,-4.189950e+00,-3.177080e+00,-3.369503e+00,-4.454194e+00,-3.174425e+00,-2.183779e+00,-2.426871e+00,-1.857688e+00,3.316126e-01,4.991597e-01,9.239864e-01,1.302271e+00,1.393181e+00,1.623241e+00,1.948130e+00,2.618094e+00,2.535214e+02,8.030073e-01,1.374612e-02,3.131706e+00,3.663853e+00,-9.615648e-01,4.116617e+00,-1.411068e+00,-5.434124e+00,-2.359203e+00,-1.912436e+00,-1.139495e+00,-1.329108e+00,2.082493e+00,-1.712569e+00,6.068031e-01,-2.159936e+00,-3.095358e+00,9.934391e-01,1.014364e+00,4.286498e-01,3.675088e-01,6.531233e-01,7.099457e-01,3.360458e-01,-3.025869e-02,-2.153583e-02,-2.821558e-02,1.103795e-02,2.389945e-02,8.663488e-03,2.499151e-03,9.816285e-02,6.745110e-02,-7.920624e-01,8.528380e-02,2.507990e+02,9.416140e-02,9.935766e-02,2.892201e-01,4.139890e+01,2.909208e-02,3.842550e-02,6.536483e-02
330,3.300000,1.287346e-01,-2.754369e+01,-8.826241e+00,1.225133e+00,-4.200542e-01,-1.993210e+01,-3.130009e+01,-8.142588e+00,2.775674e+00,-1.810262e+01,-2.740230e+00,-8.173444e+00,1.736003e+00,-1.630375e+01,-9.025052e+00,-8.368407e+00,-3.049588e+00,-1.764210e+00,-2.823751e+00,-4.030865e+00,-2.517771e+00,-1.351155e+00,-1.952435e+00,-1.916359e+00,3.053404e-01,4.564594e-01,9.228177e-01,1.301911e+00,1.405180e+00,1.597144e+00,2.014648e+00,2.620173e+00,2.526116e+02,8.347836e-01,1.231893e-02,3.121393e+00,3.170560e+00,-1.960838e+00,2.500300e+00,-1.786613e+00,-6.091239e+00,-1.364795e+00,1.004509e+00,-7.583987e-01,-5.676391e-01,4.328208e+00,-3.601962e+00,1.759447e+00,-9.002597e-01,-3.094873e+00,7.794722e-01,1.034436e+00,5.496129e-01,4.254527e-01,7.385175e-01,8.457702e-01,2.235996e-01,4.293724e-02,-1.640885e-02,-3.325878e-02,1.782548e-03,1.388035e-02,1.013269e-02,-2.328960e-02,4.341763e-02,2.561262e-02,-7.050644e-01,2.112843e-02,2.498821e+02,1.006929e-01,1.165941e-01,3.263064e-01,1.657199e+01,1.880372e-03,1.079095e-02,-1.307769e-02
331,3.310000,1.422072e-01,-2.375670e+01,-6.244382e+00,-1.562704e+00,7.847579e-01,-2.075578e+01,-4.042933e+01,-7.719580e+00,9.610244e+00,-1.682156e+01,-3.369540e+00,-3.498360e+00,-1.274294e+00,-8.415597e+00,-4.877513e+00,-1.076946e+01,-2.438731e+00,-6.541910e-01,-1.997702e+00,-3.546891e+00,-1.505834e+00,-2.371029e-01,-1.789917e+00,-1.761692e+00,2.916967e-01,4.077613e-01,9.181919e-01,1.325630e+00,1.413808e+00,1.578351e+00,2.040633e+00,2.598082e+00,2.519679e+02,8.413835e-01,1.988155e-02,2.363113e+00,1.653978e+00,-2.574330e+00,5.094600e-01,-1.206014e+00,-5.824736e+00,-1.130627e+00,1.873491e+00,-1.757047e+00,-9.045122e-01,3.966647e+00,-4.191650e+00,1.949621e+00,-3.031774e-01,-2.081474e+00,4.493121e-01,7.327036e-01,4.570704e-01,3.731493e-01,6.622986e-01,7.584217e-01,1.051301e-01,1.077063e-01,-6.037167e-03,-2.629269e-02,7.293463e-04,5.922139e-03,7.678282e-03,-4.198409e-02,-3.625206e-02,-2.248514e-02,-4.741699e-01,-5.383160e-02,2.500370e+02,9.915078e-02,1.338305e-01,2.302449e-01,-1.655851e+01,-2.571364e-02,-2.396272e-02,-6.871782e-02
332,3.320000,1.469949e-01,-2.230778e+01,-6.372818e+00,-4.905235e+00,-2.277699e+00,-2.093521e+01,-4.533780e+01,-9.251908e+00,1.383303e+01,-2.090730e+01,-5.852714e+00,3.190414e+00,-9.260905e+00,-9.417029e+00,-3.486296e+00,-1.190375e+01,-2.380413e+00,-3.317023e-01,-1.604489e+00,-3.197869e+00,-8.498333e-01,5.390736e-01,-2.015655e+00,-1.503979e+00,3.036061e-01,4.011153e-01,9.265387e-01,1.319308e+00,1.426605e+00,1.480720e+00,1.908645e+00,2.563092e+00,2.516803e+02,8.230979e-01,8.657095e-03,1.110410e+00,3.673332e-01,-1.788371e+00,8.135924e-02,2.211508e-01,-3.173263e+00,-1.185422e+00,-6.495532e-01,-2.762911e+00,-5.161371e-01,2.928000e+00,-1.622713e+00,5.568346e-01,1.384711e-02,2.286705e-01,1.914662e-01,3.277043e-01,1.350760e-01,2.106094e-01,3.577946e-01,4.044676e-01,5.375199e-02,6.968055e-02,-2.282733e-03,-1.703861e-02,7.466376e-03,7.271767e-04,4.611921e-03,-3.560305e-02,-5.151742e-02,-1.106408e-02,-2.263977e-01,-1.450293e-01,2.508173e+02,1.498074e-02,3.671833e-02,9.724704e-02,-4.142567e+01,-2.882516e-02,-3.430456e-02,-7.765485e-02
333,3.330000,1.965230e-01,-2.189163e+01,-6.678007e+00,-6.955828e+00,-2.551892e+00,-2.005610e+01,-4.778379e+01,-1.045134e+01,9.685964e+00,-2.505412e+01,-7.051615e+00,2.683640e+00,-8.673156e+00,-9.358239e+00,-7.541697e+00,-1.055625e+01,-2.277978e+00,-2.298158e-01,-1.693781e+00,-3.004946e+00,-6.969010e-01,6.632154e-01,-1.869610e+00,-1.525346e+00,3.022939e-01,3.953683e-01,9.257727e-01,1.323183e+00,1.420860e+00,1.471533e+00,1.819871e+00,2.534209e+00,2.516162e+02,5.396922e-01,2.274952e-02,-6.977879e-01,-1.890240e-01,4.653131e-01,9.773812e-01,1.224625e+00,1.774394e+00,-6.562697e-01,-4.560744e+00,-1.713437e+00,1.206833e+00,5.490876e-01,1.719810e+00,-1.316005e+00,1.316279e-01,1.176234e+00,-1.364334e-02,-1.322127e-01,-3.014716e-01,-6.212654e-02,-2.109189e-01,-2.225810e-01,1.627840e-02,-9.403767e-02,-9.482319e-03,-7.763437e-03,-9.479105e-04,-1.134220e-02,-8.618832e-06,-1.180638e-02,-5.335337e-02,-1.193214e-03,-6.497498e-02,-2.245382e-01,1.675388e+02,8.449271e-03,1.948193e-02,6.016066e-02,-6.668884e+01,-2.113645e-02,-3.021337e-02,-5.346625e-02
334,3.340000,1.448622e-01,-2.292417e+01,-6.772762e+00,-5.020161e+00,1.655067e+00,-1.917619e+01,-4.348917e+01,-1.270382e+01,-5.099516e-01,-2.780090e+01,-3.479878e+00,3.375558e+00,-2.678133e+00,-1.304825e+01,-7.623724e+00,-7.331659e+00,-2.172634e+00,-3.378760e-01,-2.300331e+00,-3.248791e+00,-1.133264e+00,2.210240e-01,-1.643829e+00,-1.686129e+00,2.886281e-01,3.774629e-01,9.563592e-01,1.306770e+00,1.424714e+00,1.472537e+00,1.867442e+00,2.596789e+00,2.516554e+02,2.604828e-01,3.170291e-02,-2.540027e+00,-3.213368e-01,2.712872e+00,8.519064e-01,2.425184e+00,6.788524e+00,7.031661e-01,-5.170655e+00,1.381530e+00,3.839345e+00,-7.180972e-01,4.484257e+00,-1.131416e+00,2.811513e+00,1.186743e+00,-3.101160e-01,-5.689163e-01,-6.065940e-01,-3.022231e-01,-7.543604e-01,-8.378919e-01,-1.612733e-01,-2.761462e-01,-2.377581e-02,5.515483e-03,-1.469138e-02,-2.552490e-02,3.801346e-04,2.165550e-02,-1.281465e-02,1.848993e-02,-1.034546e-03,-2.185888e-01,8.400288e+01,1.917799e-03,2.245520e-03,2.307427e-02,-6.691734e+01,-3.841076e-03,-9.291858e-03,-2.546547e-02
335,3.350000,2.570211e-01,-2.693744e+01,-6.989530e+00,8.213237e-01,3.705281e+00,-1.551216e+01,-3.248167e+01,-9.274974e+00,-6.021990e+00,-2.194195e+01,1.478205e+00,-8.454944e-01,4.033370e+00,-1.318001e+01,-2.150659e+00,-7.174334e+00,-2.610837e+00,-1.312168e+00,-3.157139e+00,-3.832062e+00,-2.418712e+00,-1.190983e+00,-1.894438e+00,-2.140805e+00,2.517741e-01,3.807703e-01,8.985421e-01,1.275188e+00,1.414710e+00,1.523410e+00,1.794468e+00,2.575267e+00,2.516554e+02,0,4.753631e-02,-3.952686e+00,-6.940541e-01,3.475534e+00,-1.834672e+00,2.624817e+00,1.069966e+01,2.229082e+00,-1.743541e+00,4.274985e+00,5.644331e+00,-3.586184e-01,3.239882e+00,-7.829437e-01,4.466689e+00,-4.156650e-01,-7.125101e-01,-9.212753e-01,-6.324252e-01,-3.796045e-01,-1.085385e+00,-1.204701e+00,-4.555494e-01,-3.193166e-01,-2.335224e-02,2.195694e-02,-3.503466e-02,-4.492943e-02,1.146212e-02,3.702406e-02,-4.463446e-03,1.897407e-02,7.855224e-03,-9.234520e-02,0,0,0,0,-4.190805e+01,-1.881634e-03,-4.120937e-03,-1.433956e-02
336,3.360000,2.752604e-01,-3.248501e+01,-7.823740e+00,4.770547e+00,-1.146753e+00,-1.108126e+01,-1.904624e+01,-6.324263e+00,-4.166271e+00,-1.555574e+01,9.079103e+00,1.364495e+00,6.807116e+00,-1.316322e+01,7.875750e+00,-7.660998e+00,-3.764563e+00,-2.635108e+00,-3.905780e+00,-4.295426e+00,-3.760730e+00,-2.723286e+00,-2.809607e+00,-2.576980e+00,2.099869e-01,4.359917e-01,8.666971e-01,1.215682e+00,1.431580e+00,1.563058e+00,1.857274e+00,2.635013e+00,2.516554e+02,0,3.445224e-02,-4.012383e+00,-1.128542e+00,2.053633e+00,-5.002044e+00,1.660911e+00,1.050596e+01,3.197073e+00,1.601126e+00,4.100024e+00,4.498749e+00,1.508091e-01,9.709719e-01,-1.167301e-01,3.953155e+00,-1.925991e+00,-9.329252e-01,-9.938005e-01,-4.141812e-01,-2.249935e-01,-1.017662e+00,-1.124984e+00,-5.774255e-01,-2.563382e-01,-7.277627e-03,4.089276e-02,-4.751252e-02,-5.816698e-02,1.470479e-02,3.410375e-02,-1.420817e-02,-2.838845e-02,0,1.036571e-02,0,0,0,0,-1.680058e+01,-3.835598e-04,-4.491040e-04,-4.614854e-03
337,3.370000,3.690054e-01,-3.687465e+01,-9.622788e+00,5.526487e+00,-1.032434e+01,-1.097948e+01,-6.506986e+00,-2.495709e+00,2.796416e+00,-9.801778e+00,1.489055e+01,1.896079e+00,2.783628e+00,-1.321547e+01,7.042013e+00,-1.246990e+01,-5.044564e+00,-3.687576e+00,-4.053183e+00,-4.379651e+00,-4.810095e+00,-3.888136e+00,-3.564468e+00,-2.676503e+00,2.248533e-01,4.758886e-01,7.954304e-01,1.144081e+00,1.474738e+00,1.611393e+00,1.802638e+00,2.609967e+00,2.516554e+02,2.082075e-01,-2.067927e-02,-2.842174e+00,-1.477825e+00,2.386827e-01,-5.985404e+00,-5.240725e-01,6.844962e+00,1.862690e+00,2.452764e+00,2.059168e+00,1.838998e+00,1.192302e+00,-9.796123e-02,-9.136418e-01,2.014539e+00,-2.649417e+00,-8.316126e-01,-6.885781e-01,-1.440025e-01,-5.713353e-02,-6.797843e-01,-7.259008e-01,-3.939032e-01,-9.541313e-02,1.759226e-02,3.476691e-02,-4.167758e-02,-5.022556e-02,1.222008e-02,1.495763e-02,-1.442406e-02,-6.274536e-02,0,1.034848e-01,0,0,0,0,0,0,0,0
338,3.380000,2.611312e-01,-3.801748e+01,-1.109884e+01,2.895424e+00,-1.634034e+01,-1.313797e+01,-3.946687e+00,-1.080848e-01,3.086474e+00,-1.337086e+01,1.230769e+01,2.758817e+00,2.801598e+00,-1.361417e+01,7.545715e+00,-1.431383e+01,-5.620397e+00,-4.119174e+00,-3.923215e+00,-4.099965e+00,-5.025883e+00,-4.055318e+00,-3.695941e+00,-2.699971e+00,2.657004e-01,5.343676e-01,7.703524e-01,1.081489e+00,1.468224e+00,1.599065e+00,1.792316e+00,2.437496e+00,2.516554e+02,2.082075e-01,-5.690629e-02,-1.410658e+00,-1.263769e+00,-7.516930e-01,-4.402490e+00,-1.600546e+00,2.298193e+00,7.218526e-01,1.377405e+00,5.192238e-01,-1.538683e+00,7.195149e-01,5.072806e-01,-1.030435e+00,1.918718e+00,-1.868320e+00,-5.206331e-01,-3.659849e-01,1.697266e-02,-1.691771e-03,-3.143825e-01,-3.212101e-01,-1.004452e-01,-2.182085e-02,2.508430e-02,2.118579e-02,-2.798561e-02,-2.578062e-02,-2.175355e-03,-1.750255e-03,-2.733829e-02,-7.809949e-02,0,6.153380e-02,0,0,0,0,0,0,0,0
339,3.390000,1.606894e-01,-3.838207e+01,-1.274110e+01,2.952299e+00,-1.862494e+01,-1.710417e+01,-5.806643e+00,-3.069614e+00,2.615457e+00,-1.273855e+01,9.058900e+00,4.418852e+00,5.546323e+00,-1.752275e+01,8.087055e+00,-1.709501e+01,-5.840983e+00,-4.013025e+00,-3.868434e+00,-4.215461e+00,-5.185057e+00,-4.154471e+00,-3.420787e+00,-2.556376e+00,3.118787e-01,5.054169e-01,7.383265e-01,1.091156e+00,1.457489e+00,1.580195e+00,1.754826e+00,2.360298e+00,2.516554e+02,4.133202e-01,-6.954730e-02,-6.298668e-01,-7.491068e-01,-1.019626e+00,-2.085592e+00,-1.423076e+00,-6.307353e-01,-2.590239e-01,3.180641e-01,9.136823e-01,-2.382275e+00,5.366254e-03,1.624025e+00,-2.072041e-01,3.143553e+00,-3.363543e-01,-2.994588e-01,-1.559174e-01,3.387194e-02,-6.840196e-02,-7.242747e-02,-1.039146e-01,6.047640e-02,-5.592551e-02,1.672749e-02,5.096203e-03,-8.092666e-03,3.557730e-03,-8.174658e-03,-8.410692e-03,-1.146066e-02,-1.783991e-02,0,4.495341e-02,0,0,0,0,0,0,0,0
340,3.400000,9.488698e-02,-3.878459e+01,-1.258343e+01,2.299176e+00,-1.900890e+01,-1.602164e+01,-7.905444e+00,-2.428048e+00,2.811232e+00,-1.149123e+01,4.301512e+00,3.700683e+00,7.962171e+00,-1.616176e+01,1.694682e+01,-1.469005e+01,-5.969519e+00,-4.302308e+00,-3.913291e+00,-4.385980e+00,-5.145161e+00,-4.196169e+00,-3.383674e+00,-2.746148e+00,2.918957e-01,5.271565e-01,7.553210e-01,1.113241e+00,1.429328e+00,1.569906e+00,1.744488e+00,2.369350e+00,2.516554e+02,2.051127e-01,-3.523562e-02,-4.077538e-01,-4.354377e-01,-7.638872e-01,-1.222193e-01,-5.887814e-01,-5.379220e-01,6.669525e-01,8.667521e-01,2.730908e+00,-8.475004e-01,-1.866837e+00,5.263975e-01,1.438299e+00,2.626102e+00,9.601672e-01,-2.329939e-01,-1.472101e-01,9.751940e-03,-1.572106e-01,-1.273918e-03,-3.545790e-02,5.520511e-02,-8.472140e-02,3.429851e-03,-1.801217e-03,4.868978e-03,1.252038e-02,2.345800e-03,3.962708e-03,7.718682e-03,5.657525e-02,6.334534e-02,5.797968e-02,0,0,0,0,1.703041e+01,0,0,0
341,3.410000,1.043911e-01,-3.964043e+01,-1.262603e+01,7.264779e-01,-1.941802e+01,-1.665302e+01,-7.681284e+00,-2.630847e+00,4.524357e+00,-6.173182e+00,6.982265e+00,1.451977e+00,8.323467e+00,-1.297770e+01,1.805923e+01,-1.396357e+01,-6.367297e+00,-4.375597e+00,-3.888785e+00,-4.578653e+00,-5.112593e+00,-4.337284e+00,-3.418220e+00,-2.933042e+00,2.953931e-01,5.049751e-01,7.624828e-01,1.145993e+00,1.453312e+00,1.583919e+00,1.769249e+00,2.554841e+00,2.516554e+02,4.345220e-01,2.062494e-03,3.099602e-01,-1.206392e-01,-3.398649e-01,2.375211e+00,-6.737625e-01,-1.663660e+00,1.544604e+00,8.457170e-01,1.143542e+00,-1.245046e-02,-2.869786e+00,-8.949884e-01,2.577882e+00,-5.684059e-01,2.429656e+00,-6.198883e-06,-8.517742e-03,1.907592e-02,-1.609261e-01,1.696097e-01,2.050385e-01,1.014190e-01,-2.024572e-02,-1.190099e-03,1.532525e-03,2.199977e-02,1.907792e-02,9.498906e-03,1.297264e-02,2.724152e-02,6.996892e-02,1.758285e-01,9.833758e-02,0,0,0,0,4.245586e+01,0,0,5.411141e-02
342,3.420000,1.131023e-01,-3.942707e+01,-1.333357e+01,1.888985e-01,-1.655490e+01,-1.630745e+01,-5.698976e+00,3.007294e+00,6.465785e+00,-2.999008e+00,9.108508e+00,-5.091929e+00,4.045013e+00,-8.695197e+00,1.569014e+01,-1.107871e+01,-6.522210e+00,-4.673939e+00,-3.864280e+00,-4.704422e+00,-5.068485e+00,-4.141201e+00,-3.421199e+00,-2.935245e+00,2.910924e-01,5.255824e-01,7.826192e-01,1.116672e+00,1.482041e+00,1.617017e+00,1.823698e+00,2.623101e+00,2.519722e+02,4.875050e-01,1.694866e-02,1.861717e+00,2.463328e-01,5.937163e-01,5.340266e+00,-2.029092e+00,-4.375304e+00,4.170899e-01,9.440074e-01,-1.251139e+00,2.173070e-01,-1.229352e+00,-1.479073e+00,1.384760e+00,-4.403605e+00,2.631372e+00,4.425155e-01,4.543917e-01,1.439331e-01,-1.131721e-01,4.398308e-01,6.153814e-01,3.099616e-01,2.039165e-01,1.212865e-04,-1.307887e-02,2.443623e-02,2.579962e-02,1.102811e-02,3.722847e-03,2.183577e-02,1.541259e-02,2.746048e-01,1.546669e-01,8.515206e+01,0,0,0,6.767905e+01,3.014185e-03,4.283813e-03,9.854519e-02
343,3.430000,1.618942e-01,-3.651103e+01,-1.296923e+01,2.308113e+00,-7.975884e+00,-2.033008e+01,-1.522818e+01,1.935734e+00,5.016765e+00,-1.126695e+01,6.593150e+00,-5.533770e+00,3.029960e+00,-8.366616e+00,5.873366e+00,-6.752396e+00,-5.564669e+00,-3.869798e+00,-3.797560e+00,-4.860870e+00,-4.375347e+00,-3.156762e+00,-2.894929e+00,-2.563056e+00,3.063298e-01,5.138666e-01,8.346763e-01,1.184830e+00,1.478627e+00,1.621503e+00,1.851429e+00,2.583267e+00,2.523762e+02,7.638119e-01,2.736090e-02,3.675540e+00,1.342268e+00,8.522871e-01,7.282445e+00,-2.730615e+00,-7.647902e+00,-1.827171e+00,-2.560788e-01,-4.422294e+00,-1.521652e+00,2.087937e+00,-5.623622e-01,-1.371982e-01,-5.945056e+00,2.226167e+00,9.885087e-01,1.013893e+00,3.452255e-01,8.430519e-02,7.683900e-01,1.014242e+00,5.263875e-01,3.552352e-01,-1.819101e-03,-2.636109e-02,2.454899e-02,3.572904e-02,-2.930760e-03,-1.770627e-02,3.817463e-03,-4.968045e-02,2.344406e-01,1.131512e-01,1.697033e+02,0,0,2.705570e-01,6.722206e+01,5.431671e-03,6.470078e-03,1.161974e-01
344,3.440000,1.508787e-01,-3.104070e+01,-1.118016e+01,4.476940e+00,1.971357e+00,-2.432857e+01,-2.600852e+01,-2.625889e+00,7.285065e+00,-1.520005e+01,5.582605e+00,1.046799e+00,3.213559e+00,-1.154350e+01,1.021723e+00,-5.138772e+00,-4.158256e+00,-2.283249e+00,-3.239238e+00,-4.810731e+00,-3.314630e+00,-1.709523e+00,-2.095511e+00,-1.911559e+00,2.870338e-01,4.573164e-01,8.414054e-01,1.222820e+00,1.471811e+00,1.569728e+00,1.812577e+00,2.432200e+00,2.526681e+02,8.138025e-01,5.083944e-02,4.431077e+00,2.271474e+00,1.229977e-01,6.468153e+00,-2.750417e+00,-8.841838e+00,-4.207015e+00,-1.461455e+00,-3.698163e+00,-1.779282e+00,5.416843e+00,7.295220e-02,-6.277530e-01,-4.497473e+00,9.488030e-02,1.181223e+00,1.379373e+00,5.370150e-01,2.724816e-01,8.887749e-01,1.091051e+00,5.777837e-01,3.442278e-01,-3.392884e-03,-4.671888e-02,1.027533e-02,3.891354e-02,-1.244881e-02,-3.585566e-02,-2.516145e-02,-7.086768e-02,2.122040e-02,7.847998e-02,2.535436e+02,1.507093e-02,2.141906e-02,3.574474e-01,4.132412e+01,6.885359e-03,7.265688e-03,4.462017e-02
345,3.450000,2.223074e-01,-2.545591e+01,-6.991393e+00,2.843892e+00,7.731079e+00,-2.629554e+01,-3.576602e+01,-8.950109e+00,2.834323e+00,-2.218413e+01,1.136956e+00,8.822300e+00,5.927383e+00,-1.223954e+01,-4.331846e+00,-5.802701e+00,-2.606730e+00,-5.014749e-01,-2.475178e+00,-4.103972e+00,-2.147571e+00,-4.819130e-01,-1.449127e+00,-1.668709e+00,2.883269e-01,4.073027e-01,8.558347e-01,1.271564e+00,1.443774e+00,1.519032e+00,1.793897e+00,2.401890e+00,2.524797e+02,8.371294e-01,8.870259e-02,3.766658e+00,2.317307e+00,-1.105532e+00,3.618981e+00,-1.708988e+00,-6.260971e+00,-3.869580e+00,-2.644809e+00,-8.780265e-01,-8.333524e-01,5.420736e+00,-5.733100e-01,6.520039e-01,-1.927356e+00,-1.891083e+00,9.339415e-01,1.214907e+00,5.499173e-01,4.032916e-01,6.889625e-01,8.029519e-01,4.509189e-01,1.963616e-01,-3.488162e-03,-4.415989e-02,4.341608e-03,2.462636e-02,-9.821129e-03,-2.890453e-02,-2.205120e-02,-2.291465e-02,-2.418060e-01,1.921019e-02,2.519145e+02,1.962289e-02,2.164086e-02,4.022635e-01,1.574614e+01,3.502282e-03,2.129604e-03,-5.780062e-02
346,3.460000,3.370928e-01,-2.279925e+01,-4.965117e+00,5.359972e-01,7.932384e+00,-2.707681e+01,-3.963924e+01,-1.258486e+01,2.497290e-01,-1.603123e+01,2.940193e+00,1.481425e+01,2.961063e+00,-9.897500e+00,-1.694622e+00,-1.107916e+01,-2.095065e+00,5.387649e-01,-1.840395e+00,-3.720463e+00,-1.738499e+00,-2.337172e-02,-1.255182e+00,-1.661279e+00,2.831295e-01,3.452699e-01,8.234167e-01,1.267873e+00,1.437224e+00,1.488974e+00,1.726657e+00,2.359452e+00,2.520265e+02,8.432462e-01,1.332455e-01,2.349364e+00,1.502497e+00,-1.601934e+00,1.151523e+00,-9.352814e-01,-3.300200e+00,-2.099140e+00,-3.149475e+00,9.804568e-01,8.450462e-01,2.621209e+00,-1.631554e+00,2.084188e+00,2.417091e-01,-3.018649e+00,5.290675e-01,7.535632e-01,3.713622e-01,3.487670e-01,3.621712e-01,4.330055e-01,2.903509e-01,5.212629e-02,2.564132e-04,-3.009687e-02,7.104993e-03,1.864504e-02,-3.373527e-03,-5.676723e-03,-2.157042e-02,1.730561e-03,-4.524902e-01,6.660807e-03,2.506670e+02,2.461535e-02,2.550801e-02,1.572476e-01,-1.084503e+00,-2.060623e-03,-3.276766e-03,-9.270640e-02
347,3.470000,5.123001e-01,-2.179847e+01,-4.490217e+00,-1.249078e+00,7.138507e+00,-2.750090e+01,-3.971767e+01,-1.243268e+01,-4.689611e+00,-1.524149e+01,3.747594e+00,1.468618e+01,2.896585e-01,-5.929598e+00,-2.405240e+00,-1.323762e+01,-1.926557e+00,7.937301e-01,-1.747395e+00,-3.389546e+00,-1.718600e+00,1.492139e-02,-1.060499e+00,-1.706388e+00,2.908412e-01,3.490904e-01,8.653787e-01,1.285436e+00,1.446815e+00,1.517357e+00,1.784133e+00,2.505068e+00,2.514880e+02,8.451410e-01,1.191334e-01,1.198654e+00,4.959062e-01,-1.356395e+00,-2.159568e-01,-3.442644e-01,-3.535362e-01,2.184992e-02,-2.297497e+00,1.443258e+00,2.697628e+00,-4.762931e-01,-2.267464e+00,2.156015e+00,1.819362e+00,-2.968791e+00,1.851027e-01,2.804163e-01,1.580265e-01,2.475472e-01,6.673419e-02,1.828240e-01,1.918746e-01,1.396860e-02,1.662076e-05,-1.085316e-02,1.020397e-02,9.626794e-03,9.407091e-03,1.316445e-02,8.220470e-03,1.961761e-02,-5.556473e-01,3.452539e-04,2.498723e+02,1.273920e-02,8.603548e-03,8.165384e-02,-8.650940e-01,-4.416305e-03,-3.685283e-03,-8.131838e-02
348,3.480000,6.721098e-01,-2.112261e+01,-4.918265e+00,-1.486245e+00,8.025256e+00,-2.840230e+01,-4.053370e+01,-1.138030e+01,-4.700345e+00,-1.376908e+01,8.502517e+00,1.122090e+01,-2.125350e+00,-4.277532e+00,1.266966e+00,-1.651455e+01,-1.853004e+00,8.369650e-01,-1.746318e+00,-3.424109e+00,-1.718259e+00,2.070873e-01,-8.380701e-01,-1.632088e+00,2.870587e-01,3.359382e-01,8.721583e-01,1.309110e+00,1.453423e+00,1.542182e+00,1.709607e+00,2.389263e+00,2.509015e+02,8.431007e-01,9.216173e-02,5.916086e-01,8.597517e-02,-1.026932e+00,-2.496580e-01,5.467529e-01,1.313898e+00,1.129635e+00,-1.770833e+00,-1.405398e-01,3.227400e+00,-1.984912e+00,-1.137633e+00,1.755631e+00,1.754958e+00,-2.314114e+00,6.253898e-02,7.689667e-03,-2.704339e-02,2.055424e-01,-5.719597e-02,9.450980e-02,1.423142e-01,-3.407550e-03,-1.254138e-03,2.571148e-03,1.386927e-02,3.328454e-03,1.609354e-02,1.857684e-02,2.512356e-02,2.070413e-02,-6.028183e-01,-1.698804e-03,2.491422e+02,8.209658e-03,1.155389e-02,5.422026e-02,-7.443482e-01,-5.041623e-03,-3.372542e-03,-2.750428e-02
349,3.490000,6.504657e-01,-2.030096e+01,-4.535287e+00,-2.926961e+00,6.604859e+00,-2.735411e+01,-3.708648e+01,-9.443137e+00,-6.178125e+00,-1.609892e+01,1.184393e+01,8.237508e+00,-2.866729e+00,-4.269450e+00,3.284170e+00,-1.792896e+01,-1.802247e+00,7.515064e-01,-1.732084e+00,-3.014413e+00,-1.824019e+00,3.169774e-01,-6.983097e-01,-1.613462e+00,2.864454e-01,3.577028e-01,8.824837e-01,1.299080e+00,1.482710e+00,1.558250e+00,1.843524e+00,2.485072e+00,2.502640e+02,8.389284e-01,3.572372e-02,1.915321e-01,-6.639385e-02,-5.043477e-01,-5.705724e-02,1.074419e+00,1.909900e+00,9.226549e-01,-1.519200e+00,-9.349465e-01,2.846975e+00,-1.756056e+00,-3.492126e-01,1.487702e+00,1.264288e+00,-1.984352e+00,2.615230e-02,-8.083874e-02,-1.210328e-01,1.401335e-01,-1.340012e-01,4.335051e-02,7.321332e-02,-3.567922e-03,-4.681596e-03,2.924383e-03,1.240721e-02,-6.441879e-03,2.112030e-02,1.373303e-02,3.833420e-02,1.568336e-02,-6.126907e-01,-2.710551e-03,2.483515e+02,5.744213e-03,1.019151e-02,4.718531e-02,-6.423248e-01,-1.509804e-03,-2.330621e-04,-1.299774e-02
350,3.500000,7.288187e-01,-2.058996e+01,-4.512706e+00,-3.759723e+00,6.950919e+00,-2.441643e+01,-3.438535e+01,-8.431458e+00,-7.860178e+00,-1.630522e+01,1.502903e+01,8.114030e+00,-1.148908e+00,-1.949418e+00,4.235461e+00,-2.030406e+01,-1.844525e+00,5.983251e-01,-1.983268e+00,-2.880317e+00,-1.971769e+00,2.981492e-01,-7.247056e-01,-1.724780e+00,2.790567e-01,3.538195e-01,8.842105e-01,1.277693e+00,1.499744e+00,1.561412e+00,1.822579e+00,2.472970e+00,2.496244e+02,8.378584e-01,8.362222e-03,-2.290083e-01,-3.205749e-01,-1.022330e-01,4.150845e-01,5.410736e-01,1.695840e+00,2.337420e-01,-2.214296e+00,-1.267600e+00,1.358172e+00,-1.428449e+00,5.380099e-01,1.391375e+00,-4.498336e-01,-1.323522e+00,1.023265e-02,-1.021706e-01,-2.009149e-01,3.933897e-02,-1.869552e-01,-3.698725e-02,5.166245e-02,-8.359909e-03,-5.078182e-03,-1.399994e-04,6.378251e-03,-1.626049e-02,1.460786e-02,6.906891e-03,1.585828e-02,2.153721e-02,-5.562607e-01,-2.783263e-03,2.477057e+02,2.904722e-03,7.851320e-03,3.696053e-02,-3.869843e-01,7.260680e-05,-4.869523e-04,-9.607548e-03
351,3.510000,6.625643e-01,-2.110713e+01,-5.024966e+00,-2.634078e+00,7.390390e+00,-2.412174e+01,-3.324234e+01,-9.293831e+00,-1.070570e+01,-1.864815e+01,1.471921e+01,7.459339e+00,-1.944625e+00,3.448528e-01,2.431951e+00,-2.126463e+01,-1.800035e+00,5.088564e-01,-2.234084e+00,-2.960775e+00,-2.261851e+00,1.861430e-01,-7.511147e-01,-1.677881e+00,2.714342e-01,3.547716e-01,9.213886e-01,1.268935e+00,1.529256e+00,1.576407e+00,1.919318e+00,2.541631e+00,2.490630e+02,8.342094e-01,-1.182145e-02,-6.042673e-01,-7.257611e-01,6.708489e-01,1.435217e+00,-8.642788e-01,1.625400e-01,-1.171434e-01,-3.053697e+00,-1.109091e+00,3.517140e-01,-1.607906e+00,1.156986e+00,9.095266e-01,-1.491100e+00,-8.137590e-01,1.457351e-02,-6.903993e-02,-2.469424e-01,-1.582251e-01,-2.146991e-01,-6.404207e-02,1.007969e-01,-1.315361e-02,-3.811023e-03,-6.471992e-03,6.830358e-03,-5.992472e-03,6.953931e-03,7.941877e-03,5.420280e-03,6.245375e-03,-4.224457e-01,-3.071654e-03,2.473789e+02,7.842646e-03,9.289523e-03,2.529500e-02,-2.099304e-02,1.304292e-03,-2.500989e-04,-1.544416e-03
352,3.520000,7.078717e-01,-2.186456e+01,-6.276301e+00,-2.143852e+00,9.707913e+00,-2.731312e+01,-3.397656e+01,-1.028625e+01,-1.350804e+01,-1.883247e+01,1.385574e+01,4.467742e+00,1.036476e-01,3.721918e-01,-5.560922e-01,-2.146433e+01,-1.802947e+00,4.474371e-01,-2.499893e+00,-3.254234e+00,-2.434119e+00,8.756832e-02,-5.533554e-01,-1.641677e+00,2.691734e-01,3.367037e-01,8.845971e-01,1.242880e+00,1.503189e+00,1.567637e+00,1.751001e+00,2.468670e+00,2.487207e+02,8.315439e-01,-4.385741e-02,-7.245888e-01,-9.756166e-01,1.116521e+00,1.670602e+00,-2.247481e+00,-1.064093e+00,-7.536793e-03,-3.316742e+00,-6.291933e-01,-7.145252e-02,-2.181582e+00,1.076728e+00,-1.480007e-01,-2.166391e+00,-3.770306e-01,2.331519e-03,-4.914045e-02,-2.107595e-01,-2.654840e-01,-2.089638e-01,-6.477106e-02,1.654736e-01,-1.186321e-02,-8.240342e-05,-7.732016e-03,4.496860e-03,4.487193e-03,-1.088834e-03,7.409764e-03,9.474683e-03,2.021260e-02,-2.401779e-01,-4.033905e-03,2.476936e+02,7.523475e-03,9.570122e-03,1.712768e-02,3.066269e-01,7.118789e-04,-6.890359e-04,1.296088e-02
353,3.530000,6.018320e-01,-2.268500e+01,-7.282295e+00,-3.806522e-01,1.240245e+01,-3.022716e+01,-3.647817e+01,-9.101460e+00,-1.862268e+01,-2.038075e+01,1.418915e+01,2.021124e+00,2.291922e+00,-8.826215e-01,-1.775555e+00,-2.141762e+01,-1.750168e+00,4.817507e-01,-2.708483e+00,-3.618580e+00,-2.666340e+00,1.020575e-01,-2.800004e-01,-1.720781e+00,2.723319e-01,3.339007e-01,9.164422e-01,1.286524e+00,1.515757e+00,1.594847e+00,1.906414e+00,2.518449e+00,2.486036e+02,8.267274e-01,-4.836740e-02,-8.186823e-01,-1.040555e+00,1.262221e+00,1.796922e+00,-2.315802e+00,-9.816707e-01,2.825165e-01,-3.042333e+00,-1.479202e-01,2.957006e-01,-2.116467e+00,4.025702e-01,-9.046053e-01,-2.164431e+00,-2.927918e-01,-4.697938e-02,-1.057228e-01,-1.979359e-01,-2.997933e-01,-1.930590e-01,-5.170370e-02,1.781319e-01,-1.642683e-02,2.314928e-03,-5.879825e-03,1.013964e-02,1.235534e-02,-2.842188e-03,7.294357e-03,2.387443e-02,3.216238e-02,-6.380615e-02,-5.853278e-03,2.482526e+02,9.956294e-03,8.081611e-03,4.937966e-02,4.653153e-01,-4.151811e-04,-1.554506e-03,2.485161e-02
354,3.540000,5.398977e-01,-2.342397e+01,-8.262124e+00,6.961689e-01,1.279790e+01,-3.260112e+01,-3.808790e+01,-8.565327e+00,-2.048540e+01,-1.858489e+01,1.493680e+01,-7.477156e-02,2.116456e+00,-2.075685e+00,-4.492741e+00,-2.211272e+01,-1.857801e+00,3.661757e-01,-2.799865e+00,-3.878835e+00,-2.814344e+00,1.633669e-02,-1.328948e-01,-1.762646e+00,2.781958e-01,3.255949e-01,9.091681e-01,1.291334e+00,1.501050e+00,1.589241e+00,1.876404e+00,2.585624e+00,2.486532e+02,8.214299e-01,-7.092347e-02,-9.112352e-01,-9.648871e-01,1.428559e+00,1.524521e+00,-1.628541e+00,4.037872e-01,7.119504e-01,-1.765800e+00,2.809776e-01,-5.060196e-02,-1.923825e+00,-1.564991e+00,-1.276401e+00,-1.963476e+00,-2.223030e-01,-1.067617e-01,-2.654249e-01,-2.007297e-01,-2.897299e-01,-2.135843e-01,-6.959732e-02,1.061319e-01,7.618654e-03,2.728969e-04,-3.695339e-04,1.345000e-02,1.263717e-02,2.926111e-04,6.370163e-03,2.435371e-02,3.899731e-02,4.944763e-02,-9.626287e-03,2.488020e+02,5.407292e-03,5.010096e-03,8.972258e-02,3.892273e-01,-2.854199e-04,-1.405811e-03,2.572282e-02
355,3.550000,5.047143e-01,-2.442084e+01,-9.234831e+00,2.257017e+00,1.483001e+01,-3.305674e+01,-3.609503e+01,-8.741708e+00,-2.242868e+01,-1.951154e+01,1.565719e+01,-8.517373e-01,-9.381787e-01,-2.954236e+00,-6.421877e+00,-2.240439e+01,-2.007505e+00,2.087325e-02,-3.073777e+00,-4.147440e+00,-3.037034e+00,-3.675972e-02,-7.068529e-02,-1.699531e+00,2.784976e-01,3.309270e-01,9.598014e-01,1.306484e+00,1.516115e+00,1.602077e+00,1.975988e+00,2.643966e+00,2.487777e+02,8.100000e-01,-4.930990e-02,-1.000939e+00,-8.906784e-01,1.178341e+00,1.192667e+00,-5.869190e-01,2.550561e+00,8.207337e-01,-6.029638e-01,3.280741e-01,-1.323721e+00,-2.366026e+00,-3.225770e+00,-1.545862e+00,-1.835494e+00,6.232128e-02,-1.442560e-01,-4.731888e-01,-2.320017e-01,-2.322251e-01,-2.251362e-01,-1.245964e-01,9.537576e-03,4.013921e-02,-3.711420e-03,6.371972e-03,4.850054e-03,-2.104700e-03,-2.320623e-03,1.740420e-03,-1.277676e-02,1.566532e-02,-2.883453e-02,-1.515680e-02,2.491512e+02,6.824832e-03,3.797006e-03,1.132556e-01,-2.636581e-01,3.996872e-04,-1.016907e-03,1.024074e-02
356,3.560000,4.018132e-01,-2.555282e+01,-1.012447e+01,3.680107e+00,1.611674e+01,-3.404103e+01,-3.214920e+01,-6.906370e+00,-2.043404e+01,-1.786218e+01,1.286871e+01,-3.714953e+00,-6.106257e+00,-4.974004e+00,-8.050313e+00,-2.208246e+01,-2.208087e+00,-6.492487e-01,-3.320894e+00,-4.438453e+00,-3.316694e+00,-1.910096e-01,-1.273536e-01,-1.614209e+00,2.674550e-01,3.363429e-01,9.301675e-01,1.296086e+00,1.504473e+00,1.595873e+00,1.837983e+00,2.600898e+00,2.488809e+02,7.917762e-01,-5.845086e-02,-1.118269e+00,-5.034549e-01,1.124719e+00,4.705615e-01,7.866310e-01,4.110146e+00,2.076715e+00,6.426714e-01,-5.098036e-01,-2.719743e+00,-3.294766e+00,-3.343761e+00,-1.502438e+00,-9.646498e-01,7.018017e-01,-1.225889e-01,-6.262898e-01,-2.121422e-01,-1.665175e-01,-2.612991e-01,-2.060854e-01,-1.208916e-01,1.748431e-03,-9.245530e-03,1.417320e-02,-1.771650e-02,-1.071626e-02,-5.999112e-03,-4.801989e-04,-3.232294e-02,-1.904361e-02,-2.248459e-01,-2.372427e-02,2.491904e+02,7.662107e-03,4.683367e-03,1.138038e-01,-1.728889e+01,7.591789e-04,-7.480417e-04,-9.481640e-03
357,3.570000,4.243248e-01,-2.662527e+01,-1.080451e+01,4.019085e+00,1.670636e+01,-3.244180e+01,-2.669472e+01,-5.827271e+00,-2.166318e+01,-1.910173e+01,8.604585e+00,-7.988914e+00,-9.725570e+00,-7.162771e+00,-9.174237e+00,-2.112114e+01,-2.296305e+00,-1.376481e+00,-3.607978e+00,-4.499897e+00,-3.540846e+00,-4.172511e-01,-2.350832e-01,-1.594303e+00,2.591452e-01,3.603865e-01,9.301927e-01,1.273625e+00,1.502442e+00,1.600233e+00,1.861741e+00,2.589139e+00,2.483457e+02,7.657703e-01,-3.188407e-02,-1.338666e+00,1.934993e-01,1.269353e+00,-1.289805e+00,2.124267e+00,4.249515e+00,2.447533e+00,2.463113e+00,-5.144978e-01,-2.874065e+00,-4.766823e+00,-3.070178e+00,-1.764142e+00,4.161197e-01,1.174032e+00,-8.766632e-02,-6.598972e-01,-1.069491e-01,-1.182342e-01,-3.017954e-01,-3.805951e-01,-3.382839e-01,-9.509061e-02,-1.136585e-02,1.703558e-02,-4.473040e-02,-1.669747e-02,-1.098605e-02,-5.194890e-03,-2.783768e-02,-2.672305e-02,-4.411057e-01,-7.513752e-02,2.467401e+02,1.082732e-02,3.160440e-03,8.854277e-02,-4.227993e+01,-6.956708e-04,-1.065740e-03,-2.440465e-02
358,3.580000,2.878382e-01,-2.791310e+01,-9.994556e+00,5.438728e+00,1.421253e+01,-2.897544e+01,-2.223733e+01,3.610279e-01,-1.765479e+01,-2.133881e+01,4.864381e+00,-1.298002e+01,-1.020865e+01,-7.483605e+00,-7.939809e+00,-1.924533e+01,-2.326345e+00,-2.066596e+00,-3.593477e+00,-4.535194e+00,-3.868933e+00,-8.238446e-01,-6.551539e-01,-1.806518e+00,2.416444e-01,3.817311e-01,8.353899e-01,1.254183e+00,1.477890e+00,1.587762e+00,1.771913e+00,2.517820e+00,2.477450e+02,7.249234e-01,-1.097437e-02,-1.917575e+00,8.330525e-01,1.440963e+00,-3.816795e+00,3.456281e+00,4.057314e+00,2.272955e+00,5.182529e+00,8.908638e-01,-1.598368e+00,-4.812424e+00,-1.390372e+00,-2.121768e+00,1.888860e+00,1.113243e+00,-2.091624e-01,-6.073849e-01,8.297443e-04,-1.284976e-01,-3.507140e-01,-6.460515e-01,-6.158193e-01,-2.216111e-01,-5.264804e-03,1.661820e-02,-6.173217e-02,-2.090785e-02,-2.598500e-02,-4.294074e-03,-1.152236e-02,-1.796510e-02,-4.687103e-01,-9.934098e-02,1.635631e+02,7.201942e-03,1.588171e-03,5.467081e-02,-6.645555e+01,-2.257498e-03,-1.251127e-03,-2.953515e-02
359,3.590000,4.022814e-01,-2.993403e+01,-8.332291e+00,7.724472e+00,9.333083e+00,-2.496821e+01,-1.980339e+01,-1.377418e-01,-1.150274e+01,-2.034572e+01,5.289026e+00,-2.005332e+01,-1.423787e+01,-1.052015e+01,-4.396531e+00,-1.795280e+01,-2.386708e+00,-2.569939e+00,-3.472232e+00,-4.690240e+00,-4.269891e+00,-1.623318e+00,-1.498205e+00,-2.078830e+00,2.345737e-01,3.934108e-01,7.835382e-01,1.243948e+00,1.474476e+00,1.580158e+00,1.869835e+00,2.551890e+00,2.471401e+02,4.677388e-01,-1.564077e-02,-2.514863e+00,5.453920e-01,9.950904e-01,-6.328424e+00,4.097992e+00,3.842918e+00,1.330197e+00,7.105524e+00,3.437092e+00,2.647162e-01,-2.908077e+00,1.305743e+00,-1.743923e+00,4.438606e+00,1.682386e+00,-5.381650e-01,-5.828218e-01,4.089322e-02,-1.389877e-01,-3.554283e-01,-8.636898e-01,-7.801243e-01,-2.691880e-01,3.623089e-03,1.748795e-02,-6.204467e-02,-2.845242e-02,-4.341418e-02,-7.054818e-03,-1.939374e-02,-2.536588e-02,-3.016083e-01,-9.560748e-02,8.056522e+01,3.576561e-03,1.590326e-05,2.079884e-02,-6.570433e+01,-2.885659e-03,-7.909051e-04,-2.317563e-02
360,3.600000,3.579630e-01,-3.348631e+01,-7.195318e+00,9.032228e+00,7.194039e-01,-2.049643e+01,-1.530829e+01,1.613642e+00,3.983882e-01,-1.278587e+01,6.534646e+00,-2.174487e+01,-1.080196e+01,-1.390416e+01,-9.948636e-01,-1.810042e+01,-3.208698e+00,-3.089444e+00,-3.384619e+00,-4.985769e+00,-4.705741e+00,-2.818234e+00,-2.574890e+00,-2.480001e+00,2.534167e-01,4.029218e-01,6.948339e-01,1.206385e+00,1.388531e+00,1.584440e+00,1.776324e+00,2.529697e+00,2.471401e+02,4.440871e-01,-3.518966e-02,-2.738364e+00,-5.634364e-01,-2.123281e-01,-7.381818e+00,3.454643e+00,3.501785e+00,-4.746188e-01,5.817738e+00,4.255230e+00,1.394265e+00,8.440214e-01,4.195149e+00,-9.247764e-01,5.887481e+00,2.089028e+00,-8.647913e-01,-5.391906e-01,-6.250720e-02,-9.750662e-02,-2.991924e-01,-8.718048e-01,-7.146813e-01,-2.174774e-01,1.195922e-02,2.093838e-02,-3.638983e-02,-3.641304e-02,-4.640714e-02,-4.833984e-03,-3.641207e-02,-3.551684e-02,-1.209900e-01,-6.331326e-02,0,0,0,0,-4.076915e+01,-1.798044e-03,-3.192246e-04,-1.301405e-02
361,3.610000,3.110585e-01,-3.641298e+01,-9.477174e+00,7.197788e+00,-8.189198e+00,-1.619135e+01,-1.094465e+01,1.974099e-01,4.837851e+00,-6.192744e+00,9.093034e+00,-1.814688e+01,-2.900198e+00,-1.267211e+01,9.546321e+00,-1.328167e+01,-4.545954e+00,-3.779166e+00,-3.507941e+00,-4.969548e+00,-4.899584e+00,-3.738506e+00,-3.175837e+00,-2.603502e+00,2.713745e-01,4.372309e-01,6.902474e-01,1.155262e+00,1.330050e+00,1.566620e+00,1.762567e+00,2.456371e+00,2.471401e+02,4.281510e-01,-9.377407e-02,-2.233457e+00,-1.451384e+00,-1.420475e+00,-6.589652e+00,1.844328e+00,2.686322e+00,-4.982415e-01,3.224945e+00,2.560934e+00,1.562949e+00,4.969987e+00,6.721989e+00,4.772299e-01,6.305283e+00,2.858191e+00,-9.754384e-01,-4.268688e-01,-1.401333e-01,2.377171e-02,-2.144975e-01,-6.213916e-01,-4.536240e-01,-1.242427e-01,1.077712e-02,2.386349e-02,-1.633790e-02,-3.387193e-02,-2.631829e-02,-7.282245e-03,-5.144648e-02,-4.632838e-02,0,-8.127573e-03,0,0,0,0,-1.611304e+01,-7.153121e-04,-3.180651e-06,-4.159768e-03
362,3.620000,1.575014e-01,-3.836544e+01,-1.223930e+01,4.640430e+00,-1.393542e+01,-1.609065e+01,-9.157772e+00,-2.179642e+00,3.263601e+00,-7.139146e+00,9.933703e+00,-9.713132e+00,5.098257e+00,-1.103151e+01,1.452617e+01,-1.113576e+01,-5.570679e+00,-4.157936e+00,-3.888158e+00,-4.883074e+00,-5.050049e+00,-4.125275e+00,-3.389745e+00,-2.631569e+00,2.830401e-01,4.645129e-01,7.000862e-01,1.116461e+00,1.318067e+00,1.570361e+00,1.643487e+00,2.387995e+00,2.471401e+02,4.281510e-01,-7.751271e-02,-1.363769e+00,-1.325615e+00,-1.726430e+00,-4.259372e+00,2.091450e-01,1.134375e+00,-2.574635e-01,4.089961e-01,-8.939882e-02,6.578262e-01,5.516063e+00,5.407336e+00,-4.640494e-02,3.957001e+00,2.373171e+00,-7.071976e-01,-2.585536e-01,-1.567289e-01,1.051732e-01,-1.436002e-01,-3.004882e-01,-2.132365e-01,-7.706475e-02,4.373974e-03,2.002302e-02,3.215295e-03,-2.288588e-02,4.200471e-03,-9.600723e-03,-3.089061e-02,-3.945126e-02,0,-5.059809e-04,0,0,0,0,0,0,0,0
363,3.630000,3.364184e-02,-3.866175e+01,-1.306722e+01,2.817997e+00,-1.628777e+01,-1.794945e+01,-9.447039e+00,-7.323074e-01,3.189378e+00,-1.036441e+01,1.140424e+01,-1.219252e+00,1.142196e+01,-9.570323e+00,1.936937e+01,-7.144175e+00,-6.082909e+00,-4.170037e+00,-3.921128e+00,-4.622729e+00,-5.170225e+00,-4.076756e+00,-3.358897e+00,-2.624259e+00,2.736476e-01,4.819327e-01,6.992226e-01,1.119551e+00,1.378116e+00,1.550786e+00,1.679021e+00,2.391099e+00,2.471401e+02,4.350689e-01,-4.594439e-02,-6.570946e-01,-4.455956e-01,-1.127046e+00,-2.057451e+00,-3.611336e-01,2.772012e-01,8.426448e-01,4.243218e-01,-8.195235e-01,-3.527957e-01,3.493907e+00,3.417945e+00,-1.695503e+00,-4.362098e-01,6.580306e-01,-3.563755e-01,-1.025903e-01,-8.298202e-02,1.020354e-01,-9.081197e-02,-1.198559e-01,-1.061700e-01,-7.626319e-02,2.672672e-04,1.405103e-02,2.237171e-03,-1.343576e-02,9.815574e-03,-1.150361e-02,-2.218699e-02,-4.769025e-02,0,4.691880e-02,0,0,0,0,0,0,0,0
364,3.640000,1.091078e-01,-3.918077e+01,-1.202837e+01,2.589973e+00,-1.652817e+01,-1.857165e+01,-1.038522e+01,7.911832e-01,3.267605e+00,-1.114703e+01,8.668174e+00,-2.628363e+00,9.073634e+00,-1.568708e+01,1.387862e+01,-9.303310e+00,-5.976208e+00,-4.186777e+00,-3.961669e+00,-4.633312e+00,-5.288422e+00,-4.151550e+00,-3.549542e+00,-2.854946e+00,2.741500e-01,4.806860e-01,7.064228e-01,1.109811e+00,1.385501e+00,1.544353e+00,1.663644e+00,2.365077e+00,2.471401e+02,4.380982e-01,3.513764e-03,-2.275707e-01,-6.044989e-02,-1.568173e-01,-2.793310e-01,-1.117607e-01,-6.159928e-01,1.988492e-01,5.665533e-01,-5.010948e-02,-1.196656e+00,1.635662e-01,1.433837e+00,-2.242035e+00,-3.070774e+00,-3.246835e-01,-6.529455e-02,-3.558331e-02,-3.750711e-02,-4.804325e-03,-2.175827e-02,-6.090341e-02,-5.074959e-02,-3.961599e-02,2.182144e-03,6.680685e-03,8.933025e-03,-6.713760e-03,9.398746e-03,-8.121419e-03,1.509560e-02,-3.940373e-02,-9.011841e-02,7.085125e-02,0,0,0,0,1.611552e+01,0,0,4.989588e-04
365,3.650000,1.055333e-01,-3.929079e+01,-1.181061e+01,2.587784e+00,-1.718008e+01,-1.675652e+01,-8.944921e+00,2.925221e+00,6.957458e+00,-8.286419e+00,7.961820e+00,-4.219725e+00,1.220184e+01,-1.882184e+01,7.689049e+00,-1.090774e+01,-6.125067e+00,-4.277698e+00,-3.886095e+00,-4.584251e+00,-5.234457e+00,-4.324647e+00,-3.626788e+00,-2.873129e+00,2.771558e-01,4.993995e-01,6.982649e-01,1.091408e+00,1.345412e+00,1.522106e+00,1.641553e+00,2.229379e+00,2.471401e+02,6.577714e-01,1.992635e-02,4.537140e-01,-2.752901e-01,-1.804335e-02,1.405275e+00,6.500761e-01,-1.741822e+00,-2.611085e+00,4.554556e-01,1.296291e+00,-1.303050e+00,-1.846312e+00,1.140233e+00,-8.537362e-01,-4.675892e+00,-3.670147e-01,1.177434e-01,6.079393e-02,-5.143259e-02,-6.848650e-02,2.314639e-01,6.135368e-02,5.782557e-02,7.110129e-02,9.107390e-03,7.207117e-03,3.775172e-02,4.512167e-03,1.034943e-02,3.273642e-03,4.820763e-02,5.217242e-03,-3.296173e-01,8.358495e-02,0,0,0,0,4.014190e+01,1.212705e-02,1.288412e-02,1.158001e-02
366,3.660000,1.391244e-01,-3.918878e+01,-1.316985e+01,3.971450e+00,-1.488592e+01,-1.724592e+01,-1.248880e+01,-3.014160e+00,4.212327e+00,-8.428689e+00,5.671635e+00,-7.395065e+00,1.187750e+01,-1.761592e+01,5.012459e+00,-1.087739e+01,-5.876072e+00,-4.282022e+00,-4.093210e+00,-4.926334e+00,-5.126724e+00,-4.305846e+00,-3.509547e+00,-2.705214e+00,2.921967e-01,4.891829e-01,7.452301e-01,1.096963e+00,1.381413e+00,1.544094e+00,1.737699e+00,2.271836e+00,2.466895e+02,6.710560e-01,7.478412e-03,2.046090e+00,1.493643e-01,-1.431109e+00,2.254453e+00,7.778602e-01,-3.202310e+00,-5.817194e+00,6.094417e-01,2.449248e+00,-1.706610e+00,-2.535277e+00,1.178300e+00,1.591080e+00,-4.348406e+00,1.366107e+00,3.654631e-01,3.674735e-01,1.818120e-01,1.191415e-01,6.905609e-01,3.798637e-01,2.557303e-01,2.116435e-01,1.358258e-02,4.454365e-03,6.258399e-02,1.499487e-02,1.131578e-02,5.173338e-03,7.864632e-02,6.805885e-02,-7.400573e-01,8.000483e-02,8.057762e+01,0,0,2.494794e-03,6.393266e+01,2.519798e-02,2.101958e-02,7.376214e-02
367,3.670000,1.182652e-01,-3.638918e+01,-1.387293e+01,2.037042e+00,-1.008252e+01,-1.536194e+01,-1.710436e+01,-1.188506e+01,4.994294e+00,-5.242124e+00,6.387257e+00,-8.067459e+00,1.572119e+01,-1.287458e+01,4.229855e-01,-8.192206e+00,-5.544260e+00,-3.818445e+00,-4.112521e+00,-4.818651e+00,-4.093754e+00,-3.692839e+00,-3.089767e+00,-2.343619e+00,3.101613e-01,5.137198e-01,8.685775e-01,1.148535e+00,1.431907e+00,1.567284e+00,1.883032e+00,2.463805e+00,2.457173e+02,7.365147e-01,3.349311e-02,3.986491e+00,1.502946e+00,-3.971878e+00,1.732330e+00,1.136388e+00,-3.646269e+00,-6.821284e+00,1.413417e+00,3.072782e+00,-2.878979e+00,-3.850436e+00,-9.884123e-01,2.280365e+00,-4.474962e+00,2.743290e+00,6.783214e-01,7.433190e-01,6.158919e-01,5.388409e-01,1.182450e+00,7.619151e-01,3.879074e-01,2.730240e-01,1.801483e-02,2.226487e-03,6.874896e-02,1.786935e-02,-7.273757e-03,-8.274818e-03,5.196751e-02,8.503964e-02,-1.191452e+00,5.013578e-02,1.604207e+02,6.063523e-02,6.442060e-02,5.665265e-02,6.335840e+01,3.068728e-02,2.506962e-02,1.082196e-01
368,3.680000,1.401339e-01,-3.040113e+01,-1.025039e+01,-4.290200e+00,-8.804687e+00,-1.537964e+01,-2.231705e+01,-2.088965e+01,7.296396e+00,-4.229383e-01,9.224035e-01,-1.338088e+01,1.320546e+01,-1.070530e+01,-4.230379e+00,-3.830541e+00,-4.439296e+00,-2.579035e+00,-2.939397e+00,-3.920405e+00,-2.405969e+00,-2.568136e+00,-2.539401e+00,-2.061484e+00,3.255602e-01,4.957977e-01,9.341865e-01,1.156222e+00,1.398832e+00,1.547631e+00,1.936136e+00,2.588158e+00,2.441512e+02,7.987507e-01,5.108196e-02,5.260137e+00,3.144488e+00,-6.154057e+00,-6.714990e-01,1.372264e+00,-2.000458e+00,-4.121199e+00,3.390815e+00,3.395154e+00,-3.622273e+00,-4.539967e+00,-3.295172e+00,1.241593e+00,-4.666096e+00,2.715120e+00,8.432312e-01,1.023921e+00,1.122552e+00,1.008163e+00,1.389925e+00,9.484590e-01,3.950834e-01,2.476623e-01,2.198622e-02,1.037401e-03,4.197596e-02,1.040910e-02,-3.335200e-02,-1.261822e-02,2.299621e-02,4.857399e-02,-1.497015e+00,4.793832e-02,2.394530e+02,9.567227e-02,7.288760e-02,3.404844e-01,3.877630e+01,1.402309e-02,8.110023e-03,9.508906e-02
369,3.690000,2.724942e-01,-2.375215e+01,-5.755615e+00,-1.314078e+01,-1.155904e+01,-1.200772e+01,-2.226214e+01,-2.224346e+01,1.248251e+01,3.074617e+00,-4.058458e+00,-2.047900e+01,6.595801e+00,-1.087532e+01,-1.006434e+01,-7.147160e-01,-3.451848e+00,-1.412596e+00,-1.383542e+00,-2.393012e+00,-6.825851e-01,-1.383927e+00,-2.172324e+00,-1.829874e+00,3.505482e-01,5.072246e-01,9.475315e-01,1.151126e+00,1.300334e+00,1.478964e+00,1.802172e+00,2.496416e+00,2.424520e+02,8.446030e-01,6.293677e-02,4.747817e+00,3.532332e+00,-6.225143e+00,-3.480000e+00,1.770695e+00,2.539925e-01,-9.868050e-02,3.766665e+00,2.299695e+00,-3.762489e+00,-4.133541e+00,-5.069674e+00,-8.980560e-02,-3.126494e+00,1.266951e+00,7.458814e-01,9.405648e-01,1.259334e+00,1.157424e+00,1.126168e+00,7.951629e-01,2.237462e-01,1.426589e-01,2.685858e-02,-9.646654e-04,1.965791e-03,-5.918765e-03,-4.163969e-02,-1.635721e-02,1.088655e-02,1.334484e-02,-1.557428e+00,3.000126e-02,2.373543e+02,1.056003e-01,8.890428e-02,3.721035e-01,1.473733e+01,-1.409658e-02,-1.311528e-02,4.324392e-05
370,3.700000,3.174198e-01,-1.920660e+01,-1.506072e+00,-1.920992e+01,-1.750515e+01,-1.206171e+01,-1.991220e+01,-1.844096e+01,1.742230e+01,4.388713e+00,-7.216874e+00,-2.388913e+01,-3.566098e-02,-1.240759e+01,-1.307436e+01,-1.040542e+00,-2.706122e+00,-3.653396e-01,1.550611e-01,-1.098338e+00,1.173182e-01,-7.180063e-01,-1.992851e+00,-1.723775e+00,3.819343e-01,4.976176e-01,9.156329e-01,1.147714e+00,1.280440e+00,1.525163e+00,1.893110e+00,2.498401e+00,2.408371e+02,8.567035e-01,5.007594e-02,2.999120e+00,2.446443e+00,-4.609687e+00,-3.835369e+00,2.382313e+00,1.919006e+00,2.547979e+00,2.811357e+00,1.079379e+00,-2.485183e+00,-1.687953e+00,-3.939979e+00,-2.751421e-01,-1.034641e+00,-5.622092e-01,4.161280e-01,5.581326e-01,8.965784e-01,9.204909e-01,6.661355e-01,4.794123e-01,5.316748e-02,4.029442e-02,2.563107e-02,6.165630e-03,-1.389884e-02,-9.889138e-03,-2.395427e-02,-6.731653e-03,2.263215e-02,7.148194e-03,-1.347560e+00,1.100633e-02,2.359923e+02,4.763295e-02,2.830827e-02,3.202147e-01,-7.179596e-01,-2.722711e-02,-2.021891e-02,-8.953693e-02
371,3.710000,3.443061e-01,-1.824735e+01,-5.834344e-01,-2.162881e+01,-2.313229e+01,-8.167424e+00,-1.703682e+01,-1.360281e+01,1.876467e+01,3.850526e+00,-8.355549e+00,-2.348104e+01,-3.006619e+00,-1.247247e+01,-1.078749e+01,-3.252449e+00,-2.681440e+00,-2.224689e-01,6.369212e-01,-4.425625e-01,2.754451e-01,-6.420898e-01,-2.244311e+00,-1.799179e+00,4.162671e-01,5.079865e-01,8.876832e-01,1.123195e+00,1.282905e+00,1.496731e+00,1.958978e+00,2.575408e+00,2.395872e+02,8.575447e-01,1.845422e-02,1.188718e+00,1.139231e+00,-2.275007e+00,-1.921361e+00,2.113277e+00,1.659869e+00,1.980865e+00,1.087537e+00,1.284089e-01,-1.152008e+00,5.242613e-01,-1.851008e+00,3.447377e-01,4.165391e-01,-1.527365e+00,1.632998e-01,1.782828e-01,3.649031e-01,4.617889e-01,2.708306e-01,1.935910e-01,-3.434101e-02,-1.660505e-02,1.545373e-02,6.930187e-03,-1.350409e-02,-1.247220e-02,-4.951310e-03,-9.849584e-03,2.201822e-02,2.278433e-02,-9.808197e-01,-7.462764e-03,2.358376e+02,1.417198e-02,2.113388e-02,6.700370e-02,1.194077e-01,-2.446651e-02,-1.960101e-02,-8.908190e-02
372,3.720000,3.546076e-01,-1.815793e+01,-6.042660e-01,-2.309462e+01,-2.219491e+01,-5.388226e+00,-1.533468e+01,-1.247007e+01,1.821210e+01,4.586002e+00,-9.354965e+00,-2.031963e+01,-1.693229e+00,-1.128244e+01,-9.042006e+00,-5.372720e+00,-2.743860e+00,-3.834352e-01,5.332639e-01,-2.931755e-01,4.456941e-01,-5.419930e-01,-2.237571e+00,-1.875359e+00,4.208561e-01,5.262449e-01,8.946164e-01,1.120741e+00,1.287775e+00,1.505089e+00,1.970894e+00,2.584403e+00,2.388458e+02,8.473115e-01,1.522194e-02,7.832145e-03,-8.423972e-03,-2.667324e-01,1.369197e+00,1.604492e+00,4.587730e-01,-4.675843e-01,-3.707401e-01,3.027832e-01,7.810916e-01,1.453749e+00,-1.798798e-01,1.310771e+00,-2.823523e-01,-9.749338e-01,3.130786e-02,-8.493081e-02,-1.265410e-01,1.187880e-02,8.763001e-02,3.221539e-02,-1.470399e-03,5.069518e-03,-8.499235e-04,5.659056e-03,3.961551e-03,-7.983303e-03,4.039764e-04,-1.598788e-02,-1.025643e-02,1.356604e-02,-5.777664e-01,-2.410063e-02,2.366215e+02,5.250889e-03,5.678261e-03,4.534959e-02,-1.526672e+01,-9.921381e-03,-7.369286e-03,-5.762949e-02
373,3.730000,3.461714e-01,-1.833290e+01,-5.103610e-01,-2.257347e+01,-1.882097e+01,-4.778079e+00,-1.625155e+01,-1.532457e+01,1.752529e+01,3.618017e+00,-8.749454e+00,-1.964244e+01,-1.830453e+00,-9.714208e+00,-9.997822e+00,-6.185450e+00,-2.616480e+00,-5.121336e-01,2.518720e-01,-4.866482e-01,5.073799e-01,-5.039786e-01,-2.221669e+00,-1.837107e+00,4.083560e-01,5.275618e-01,8.905193e-01,1.102251e+00,1.271910e+00,1.439753e+00,1.873371e+00,2.567337e+00,2.385435e+02,8.119852e-01,-1.343380e-02,-9.256815e-01,-4.981982e-01,1.922777e+00,3.776519e+00,4.821725e-01,-5.762986e-01,-3.485618e+00,-1.943935e+00,8.170146e-01,2.221430e+00,4.584240e-01,5.387103e-01,1.821336e+00,-9.077303e-01,2.790637e-02,1.688406e-02,-2.036956e-01,-4.669708e-01,-3.656312e-01,-8.747791e-02,-1.760131e-01,2.317171e-02,1.479785e-02,-2.079313e-02,-3.606534e-03,2.112993e-02,-2.620065e-03,2.423501e-03,-3.407276e-03,-3.984415e-03,1.488907e-02,-2.606186e-01,-3.707936e-02,2.376368e+02,4.458727e-03,2.214262e-03,6.412656e-02,-3.905451e+01,-2.696065e-03,-4.630318e-03,-1.037589e-02
374,3.740000,3.925968e-01,-1.912467e+01,-1.584728e+00,-2.007126e+01,-1.281482e+01,-5.733922e+00,-1.801097e+01,-1.991800e+01,1.618828e+01,6.018883e+00,-3.114463e+00,-1.853968e+01,-1.523142e+00,-7.232863e+00,-1.488095e+01,-4.448711e+00,-2.582063e+00,-6.451613e-01,-2.851191e-01,-1.016901e+00,4.395009e-01,-6.259850e-01,-2.011524e+00,-1.679464e+00,3.816403e-01,5.161252e-01,9.340226e-01,1.118269e+00,1.287958e+00,1.473713e+00,1.884631e+00,2.570266e+00,2.384701e+02,7.589801e-01,-1.651644e-02,-2.348019e+00,-7.832594e-01,4.927133e+00,3.682613e+00,-3.764758e-01,-8.467594e-01,-3.008660e+00,-2.375112e+00,1.110085e+00,2.494116e+00,-5.335209e-01,4.738041e-01,5.567496e-01,6.165053e-01,5.990555e-02,-7.562093e-02,-3.779245e-01,-6.837128e-01,-7.327346e-01,-5.141836e-01,-5.334668e-01,-1.241177e-01,-7.786610e-02,-3.401015e-02,-1.668472e-02,7.079792e-03,1.577926e-03,6.318903e-03,1.084245e-02,-2.239013e-03,1.600380e-02,-8.191834e-02,-4.082607e-02,1.587592e+02,2.882662e-03,9.216522e-04,3.350584e-02,-6.313836e+01,-1.308474e-03,-1.321019e-03,-1.337796e-02
375,3.750000,2.581425e-01,-2.239239e+01,-2.584194e+00,-1.352661e+01,-8.939734e+00,-5.583714e+00,-1.858017e+01,-2.730694e+01,1.005691e+01,7.219158e+00,-3.686511e-01,-2.207889e+01,-3.981105e-01,-5.390575e+00,-1.240667e+01,-3.574922e+00,-2.677919e+00,-1.110084e+00,-1.288741e+00,-1.908856e+00,-1.588478e-01,-1.480159e+00,-2.241475e+00,-1.823137e+00,3.319094e-01,4.950137e-01,9.736298e-01,1.111331e+00,1.294931e+00,1.495383e+00,1.982188e+00,2.656922e+00,2.384720e+02,7.163135e-01,-1.124038e-02,-3.853376e+00,-1.089922e+00,7.123129e+00,2.431464e+00,-9.784142e-01,5.085453e-01,4.273767e-01,-2.910228e+00,3.026978e-01,1.835135e+00,-3.243488e-01,-2.950552e-01,-1.746549e+00,3.211131e+00,-1.203001e+00,-2.471398e-01,-6.220363e-01,-8.392450e-01,-9.710248e-01,-1.024922e+00,-8.544211e-01,-3.024759e-01,-2.319990e-01,-3.710886e-02,-2.024768e-02,-2.168836e-02,2.146936e-03,1.688426e-02,2.734024e-02,-2.037311e-03,9.572792e-03,-1.412506e-02,-3.330996e-02,7.949627e+01,1.875763e-03,3.605922e-04,2.104612e-02,-6.340327e+01,-1.180012e-03,-5.350175e-04,-1.617590e-02
376,3.760000,3.160398e-01,-2.786828e+01,-3.483646e+00,-2.982383e+00,-8.722462e+00,-6.867788e+00,-1.840416e+01,-2.152219e+01,1.007073e+01,8.335856e+00,-1.074786e+00,-2.176901e+01,-4.037992e-02,-1.066051e+01,-4.755055e+00,-6.378457e+00,-3.091246e+00,-1.974083e+00,-2.114994e+00,-3.245745e+00,-1.792110e+00,-2.721236e+00,-2.848256e+00,-2.271675e+00,2.890287e-01,4.590953e-01,8.884602e-01,1.124091e+00,1.307859e+00,1.531486e+00,1.905291e+00,2.619630e+00,2.384720e+02,6.910170e-01,1.113993e-03,-4.505612e+00,-1.216181e+00,7.582400e+00,8.730661e-01,-1.566094e+00,1.478331e+00,5.049892e+00,-2.112217e+00,-1.515517e+00,1.100383e+00,1.048487e+00,-2.038589e+00,-3.890340e+00,4.559112e+00,-2.919142e+00,-3.830940e-01,-7.589779e-01,-7.958362e-01,-1.015397e+00,-1.371493e+00,-9.056246e-01,-4.227770e-01,-3.352670e-01,-2.731585e-02,-1.602895e-02,-5.823107e-02,1.571298e-03,2.411032e-02,2.836983e-02,-3.804685e-02,-2.384048e-02,7.681274e-03,-1.402441e-02,0,0,0,0,-2.377409e+01,-7.641088e-04,-2.203897e-04,-1.245641e-03
377,3.770000,3.282480e-01,-3.322798e+01,-5.010514e+00,4.497742e+00,-8.709829e+00,-9.103217e+00,-1.351223e+01,-1.238559e+01,6.032931e+00,3.973020e+00,-5.936160e-01,-1.964952e+01,-4.047111e+00,-1.673313e+01,9.948859e-01,-1.123558e+01,-3.597588e+00,-2.957854e+00,-3.029416e+00,-4.227350e+00,-3.501424e+00,-3.728458e+00,-3.315683e+00,-2.700996e+00,2.691174e-01,4.548384e-01,8.048587e-01,1.110075e+00,1.346380e+00,1.547568e+00,1.852855e+00,2.590519e+00,2.384720e+02,6.794170e-01,5.813485e-03,-3.332509e+00,-1.313185e+00,4.779599e+00,1.048060e-01,-1.547108e+00,1.981025e+00,5.207677e+00,-1.291671e+00,-2.221614e+00,2.109813e+00,2.808192e+00,-2.443331e+00,-3.145433e+00,2.112869e+00,-3.253694e+00,-4.040034e-01,-5.830252e-01,-5.853852e-01,-6.814403e-01,-1.078915e+00,-5.878342e-01,-3.099898e-01,-2.132321e-01,-9.931335e-03,-6.640530e-03,-5.160845e-02,-2.898657e-03,2.988532e-02,1.884439e-02,-5.299624e-02,-3.948872e-02,9.173584e-03,1.016738e-02,0,0,0,0,2.386085e+01,7.447139e-03,-7.211843e-05,1.437961e-02
378,3.780000,3.631140e-01,-3.623494e+01,-6.452471e+00,8.828567e+00,-8.564445e+00,-1.180464e+01,-1.315328e+01,-2.129210e+00,7.639186e+00,6.436793e-02,2.499936e+00,-1.451193e+01,-9.891587e+00,-2.101328e+01,1.213824e+00,-1.521409e+01,-4.037699e+00,-3.516166e+00,-3.393963e+00,-4.934638e+00,-4.746675e+00,-4.029958e+00,-3.588305e+00,-2.916869e+00,2.764570e-01,4.560681e-01,7.272528e-01,1.126754e+00,1.382784e+00,1.589470e+00,1.759063e+00,2.484265e+00,2.385085e+02,7.073063e-01,-2.620108e-02,-4.448543e-01,-6.147472e-01,-3.661408e-02,-5.431061e-02,-8.521554e-01,6.737091e-01,7.732759e-01,-2.582615e-01,-1.445829e+00,2.986745e+00,1.921593e+00,-9.184399e-01,3.343902e-01,-9.018928e-01,-1.357691e+00,-1.831120e-01,-7.124881e-02,-1.314007e-01,-5.742893e-02,-1.946484e-01,-1.981020e-02,-3.101792e-02,2.781830e-02,3.733814e-03,-1.691306e-03,-1.620583e-02,-9.286237e-03,7.165181e-03,-2.454472e-03,-4.808239e-02,-8.099554e-02,-2.047882e-02,3.513505e-02,7.963684e+01,0,0,3.780070e-02,6.348309e+01,1.518251e-02,4.777911e-03,5.796095e-02
379,3.790000,2.636728e-01,-3.487160e+01,-7.665708e+00,4.465911e+00,-8.494713e+00,-1.085083e+01,-1.130048e+01,-1.096504e+01,4.814327e+00,2.468342e-01,8.393053e+00,-1.166647e+01,-7.689159e+00,-1.594136e+01,-4.826766e+00,-1.542558e+01,-4.224709e+00,-3.254168e+00,-3.576183e+00,-4.471611e+00,-4.076140e+00,-3.764970e+00,-3.421400e+00,-2.566701e+00,2.885385e-01,4.633247e-01,7.961912e-01,1.095506e+00,1.406895e+00,1.560613e+00,1.790320e+00,2.527160e+00,2.384996e+02,7.590058e-01,-4.167396e-02,2.846974e+00,5.839058e-01,-4.941997e+00,-6.449453e-01,-1.164108e-01,-9.002037e-01,-3.024636e+00,2.121928e+00,9.073766e-01,2.487108e+00,-2.156263e-01,1.528802e+00,3.561276e+00,-3.209511e+00,1.312789e+00,1.306931e-01,5.390138e-01,5.041894e-01,6.264670e-01,8.011414e-01,5.446669e-01,2.888626e-01,2.626482e-01,1.512417e-02,-1.372838e-03,2.789834e-02,-7.911635e-03,-1.103655e-02,-8.521056e-03,-8.856654e-04,-6.931369e-02,-1.031967e-01,4.665799e-02,1.589821e+02,3.911146e-02,0,7.404384e-02,6.324116e+01,1.771667e-02,8.688545e-03,7.318310e-02
380,3.800000,2.173220e-01,-2.927073e+01,-5.229785e+00,-3.149538e+00,-9.101573e+00,-1.025476e+01,-1.614149e+01,-1.836609e+01,9.388729e+00,2.969806e+00,9.365604e+00,-1.615257e+01,-2.811555e+00,-9.384448e+00,-6.353693e+00,-1.107191e+01,-3.693245e+00,-2.182170e+00,-2.498614e+00,-3.410759e+00,-2.477994e+00,-2.802032e+00,-2.950487e+00,-2.199731e+00,2.979872e-01,4.463957e-01,8.117648e-01,1.084944e+00,1.313428e+00,1.512691e+00,1.696146e+00,2.246331e+00,2.383558e+02,8.268978e-01,-4.722688e-02,4.957942e+00,1.683938e+00,-8.036237e+00,-1.289703e+00,2.252867e-01,-1.579676e+00,-3.163434e+00,3.027221e+00,1.930322e+00,-2.887235e-01,-2.852598e+00,2.138778e+00,4.263484e+00,-2.934675e+00,2.909831e+00,4.157346e-01,8.908697e-01,1.010051e+00,1.106680e+00,1.381683e+00,9.097254e-01,5.172701e-01,3.165856e-01,2.394796e-02,1.854959e-03,4.666738e-02,-6.713688e-03,-3.058782e-02,-1.527917e-02,2.263906e-02,-4.601090e-02,-2.071014e-01,4.052340e-02,2.379244e+02,5.635684e-02,2.388955e-02,2.527829e-01,3.922650e+01,6.555572e-03,9.534270e-03,6.068559e-02
381,3.810000,1.927742e-01,-2.247521e+01,-2.702328e+00,-1.422319e+01,-1.166599e+01,-1.046021e+01,-1.651914e+01,-1.939033e+01,1.576780e+01,7.057184e+00,8.409087e+00,-1.990734e+01,5.688317e-02,-4.741167e+00,-1.126891e+01,-6.742726e+00,-3.116349e+00,-9.297833e-01,-9.561436e-01,-1.856954e+00,-6.300579e-01,-1.619087e+00,-2.190279e+00,-1.746324e+00,3.339732e-01,4.528104e-01,9.020944e-01,1.091422e+00,1.325876e+00,1.543352e+00,1.879885e+00,2.362918e+00,2.380323e+02,8.529112e-01,-3.251284e-02,4.893392e+00,1.779895e+00,-7.967738e+00,-1.989636e+00,4.810724e-02,-1.322147e+00,5.718184e-01,3.470310e+00,1.281567e+00,-3.944355e+00,-3.035673e+00,4.052996e-01,1.857958e+00,-1.171393e+00,2.200396e+00,4.656664e-01,8.101377e-01,1.159913e+00,1.135976e+00,1.259119e+00,9.553709e-01,5.200874e-01,2.176593e-01,3.336699e-02,1.197317e-02,3.818758e-02,3.857005e-03,-2.269267e-02,-4.932380e-03,2.584099e-02,2.404599e-02,-2.509430e-01,2.447662e-02,2.370620e+02,6.040493e-02,3.149795e-02,2.584244e-01,1.551566e+01,-9.657395e-03,2.863161e-03,3.991103e-03
382,3.820000,1.624289e-01,-1.764342e+01,-5.144696e-01,-2.200807e+01,-1.342732e+01,-1.087352e+01,-1.844233e+01,-1.373373e+01,1.729856e+01,6.310804e+00,1.048301e+00,-2.465449e+01,-3.070719e+00,-5.295959e+00,-1.023848e+01,-5.006358e+00,-2.513206e+00,-2.240100e-01,3.462747e-01,-7.085683e-01,4.386972e-01,-5.542727e-01,-1.617516e+00,-1.744129e+00,3.734795e-01,4.706000e-01,9.076381e-01,1.095227e+00,1.270355e+00,1.521705e+00,1.827476e+00,2.336332e+00,2.377066e+02,8.629707e-01,-5.526350e-03,3.234749e+00,9.743859e-01,-5.945828e+00,-2.341585e+00,3.683540e-01,-3.440857e-01,2.190501e+00,1.403966e+00,-5.787147e-01,-6.284855e+00,-1.507018e+00,-1.215257e+00,-9.245143e-01,6.011791e-01,-3.016357e-02,3.204052e-01,4.384224e-01,8.452201e-01,8.756827e-01,8.016369e-01,7.148288e-01,3.192106e-01,6.982943e-02,3.557150e-02,2.566775e-02,2.570843e-02,1.060353e-02,3.545880e-04,3.027177e-03,3.269418e-02,9.539573e-02,-1.730759e-01,7.202220e-03,2.367294e+02,2.213112e-02,3.192237e-02,2.490384e-01,6.053467e-02,-1.546825e-02,-6.089967e-03,-5.542318e-02
383,3.830000,1.285551e-01,-1.621830e+01,-1.123892e+00,-2.594351e+01,-1.628002e+01,-1.030091e+01,-1.676080e+01,-1.042213e+01,1.821097e+01,4.984171e+00,-7.170072e+00,-2.259387e+01,-5.533080e+00,-8.695809e+00,-8.741340e+00,-7.456374e+00,-2.486397e+00,-1.825595e-01,8.009407e-01,-1.428249e-01,7.611105e-01,-1.119950e-01,-1.487449e+00,-1.706205e+00,4.176274e-01,5.110883e-01,9.391925e-01,1.109649e+00,1.314968e+00,1.531444e+00,1.853860e+00,2.602390e+00,2.375694e+02,8.633525e-01,5.989100e-02,1.372998e+00,1.639414e-01,-2.845928e+00,-1.881904e+00,1.048704e+00,-4.378740e-01,2.156232e+00,-5.230045e-02,-1.882553e+00,-5.882957e+00,-4.357395e-02,-1.479069e+00,-2.560771e+00,1.817790e+00,-1.616464e+00,1.561077e-01,8.470713e-02,3.945354e-01,4.625290e-01,3.241528e-01,4.073001e-01,7.319468e-02,-4.165768e-02,2.659994e-02,2.693597e-02,2.726120e-03,1.371971e-02,3.584611e-03,-1.422048e-03,5.722046e-05,6.403603e-02,3.357697e-02,-2.783513e-03,2.371579e+02,7.937337e-03,1.029940e-02,9.587160e-02,6.535476e-01,-1.243289e-02,-7.986634e-03,-5.750582e-02
384,3.840000,2.217998e-01,-1.622544e+01,-1.147074e+00,-2.701852e+01,-1.850249e+01,-8.492640e+00,-1.774109e+01,-1.189769e+01,1.518697e+01,1.112738e+00,-1.426909e+01,-2.234439e+01,-6.092860e+00,-1.202970e+01,-4.611583e+00,-1.086591e+01,-2.406195e+00,-3.636696e-01,8.489447e-01,1.105898e-01,8.346064e-01,1.856680e-02,-1.705849e+00,-1.870643e+00,4.340176e-01,5.455955e-01,9.217579e-01,1.128848e+00,1.320655e+00,1.533781e+00,1.872630e+00,2.603574e+00,2.377218e+02,8.576882e-01,1.170847e-01,1.207045e-01,-2.773444e-01,-2.076775e-01,-8.009669e-01,1.256141e+00,-7.011221e-01,9.120437e-01,6.764545e-02,-2.169247e+00,-3.610622e+00,1.473915e+00,-4.076535e-01,-2.902673e+00,1.181206e+00,-1.421716e+00,4.778414e-02,-8.343447e-02,1.683146e-02,8.889810e-02,3.540246e-02,1.722864e-01,-8.188208e-02,-4.253598e-02,1.118569e-02,1.832259e-02,-2.535236e-03,1.921256e-02,1.204023e-02,2.531266e-03,7.370519e-03,3.192146e-02,2.936371e-01,-1.150153e-02,2.381791e+02,5.249382e-03,4.038995e-03,5.694338e-02,1.073833e+00,-3.457394e-03,-6.127845e-03,-3.134456e-02
385,3.850000,4.625438e-01,-1.631921e+01,-1.566319e+00,-2.594760e+01,-1.853793e+01,-6.407129e+00,-1.905913e+01,-9.527198e+00,1.656209e+01,2.434530e-01,-1.334700e+01,-2.128026e+01,-5.827393e+00,-1.417815e+01,-4.993409e+00,-1.189527e+01,-2.389316e+00,-4.364179e-01,7.651982e-01,4.611182e-02,7.927516e-01,1.309941e-01,-1.780139e+00,-1.891356e+00,4.367038e-01,5.499926e-01,9.086651e-01,1.143210e+00,1.318649e+00,1.530203e+00,1.857594e+00,2.549477e+00,2.381926e+02,8.416348e-01,1.166359e-01,-4.808481e-01,-3.882805e-01,2.314709e+00,1.261681e+00,5.001059e-01,-1.646625e+00,3.583773e-01,6.599859e-01,-2.779944e+00,1.618423e-02,2.129332e+00,5.118721e-01,-2.435514e+00,-2.800697e-01,5.968630e-01,5.627301e-02,-1.046494e-01,-2.474039e-01,-2.629963e-01,-1.718987e-01,4.493770e-02,-9.090533e-02,3.169304e-02,-9.456867e-03,-2.636266e-03,-7.615936e-03,1.924372e-02,1.135099e-03,-1.102810e-02,-2.707646e-02,-2.992554e-02,4.777130e-01,-2.381780e-02,2.396049e+02,6.681332e-03,5.506468e-03,6.694280e-02,-1.494612e+01,-7.427872e-04,-1.629493e-03,6.262511e-03
386,3.860000,5.808581e-01,-1.698945e+01,-1.679978e+00,-2.304441e+01,-1.630320e+01,-6.539702e+00,-2.079877e+01,-9.620980e+00,1.846122e+01,-2.165072e+00,-1.391634e+01,-1.794172e+01,-4.961830e+00,-1.706815e+01,-6.206415e+00,-9.895490e+00,-2.322825e+00,-5.142532e-01,4.483033e-01,-3.585462e-01,5.998890e-01,1.856650e-01,-1.880581e+00,-1.864234e+00,4.198697e-01,5.427608e-01,9.102256e-01,1.174510e+00,1.328715e+00,1.534981e+00,1.862461e+00,2.522396e+00,2.388632e+02,8.163218e-01,5.106192e-02,-1.227111e+00,-7.703637e-01,4.694140e+00,3.267316e+00,-1.526715e+00,-1.950868e+00,2.917767e-03,4.741396e-01,-4.761277e+00,2.442296e+00,3.346964e+00,8.548196e-01,-1.963633e+00,-1.724170e+00,3.133974e+00,3.896022e-02,-1.579398e-01,-5.181345e-01,-6.081918e-01,-4.281158e-01,-9.106816e-02,-5.460658e-02,1.428168e-01,-2.753626e-02,-2.144333e-02,-9.727657e-04,2.857178e-02,8.893800e-03,-8.642745e-03,-2.508231e-02,-1.300755e-02,5.032852e-01,-3.686910e-02,2.408750e+02,5.472156e-03,3.679615e-03,1.067799e-01,-3.936018e+01,-9.383248e-04,-1.037339e-03,5.225508e-03
387,3.870000,5.322055e-01,-1.824054e+01,-2.798843e+00,-1.635702e+01,-1.107126e+01,-8.776852e+00,-2.346508e+01,-9.768593e+00,1.987377e+01,-7.276644e+00,-7.265525e+00,-1.414855e+01,-3.539234e+00,-1.835415e+01,-9.344273e+00,-4.957268e+00,-2.246716e+00,-6.305146e-01,-2.357584e-01,-1.223238e+00,1.897558e-02,2.914445e-02,-1.854609e+00,-1.550945e+00,3.774170e-01,4.993243e-01,9.068789e-01,1.183037e+00,1.316613e+00,1.475704e+00,1.723562e+00,2.493351e+00,2.393873e+02,7.649467e-01,-4.457278e-02,-2.490290e+00,-1.285405e+00,6.567271e+00,3.827385e+00,-3.094439e+00,-1.292413e+00,1.753065e-01,-1.215520e+00,-5.872651e+00,3.349610e+00,3.405778e+00,1.413037e+00,-1.574909e+00,-8.555096e-01,3.511875e+00,-1.123278e-01,-3.629454e-01,-7.772344e-01,-8.907323e-01,-7.767439e-01,-3.861288e-01,-1.026583e-01,1.155568e-01,-3.944779e-02,-2.916732e-02,-1.394176e-02,3.019669e-02,1.510274e-02,-4.618311e-03,-2.169018e-02,-5.433321e-03,3.674316e-01,-4.633778e-02,1.610794e+02,4.112015e-03,2.331622e-03,1.022659e-01,-6.394438e+01,-1.699240e-03,-1.425282e-03,-1.752562e-02
388,3.880000,4.422785e-01,-2.140033e+01,-4.382631e+00,-8.343107e+00,-5.899241e+00,-1.494136e+01,-2.529246e+01,-1.176240e+01,1.590183e+01,-1.893360e+01,-5.098351e+00,-9.175424e+00,-2.962841e+00,-1.975987e+01,-1.105700e+01,1.334957e+00,-2.282694e+00,-1.056320e+00,-1.241249e+00,-2.295694e+00,-9.190843e-01,-3.858491e-01,-1.941647e+00,-1.326765e+00,3.259797e-01,4.637130e-01,9.177871e-01,1.251793e+00,1.366142e+00,1.517817e+00,1.814234e+00,2.566599e+00,2.396409e+02,7.116868e-01,-7.540620e-02,-3.903035e+00,-1.939643e+00,6.809814e+00,2.128447e+00,-3.311834e+00,1.095506e+00,2.102139e+00,-2.142636e+00,-4.529603e+00,2.914835e+00,3.329957e+00,2.170864e+00,-1.083181e+00,1.560286e+00,1.546615e+00,-4.650095e-01,-6.658229e-01,-9.011939e-01,-9.624254e-01,-1.087810e+00,-7.312198e-01,-2.131932e-01,-4.611234e-02,-3.038117e-02,-1.998598e-02,-3.752855e-02,2.249575e-02,1.711202e-02,-8.743644e-04,-1.958954e-02,-6.276035e-03,1.809006e-01,-8.723925e-02,8.064101e+01,1.842417e-03,4.397247e-04,6.540938e-02,-6.428294e+01,-1.505633e-03,-9.690851e-04,-3.158258e-02
389,3.890000,3.089696e-01,-2.656522e+01,-6.642016e+00,-4.618925e-01,-4.602986e+00,-1.767850e+01,-2.327435e+01,-7.579956e+00,1.176418e+01,-2.073554e+01,-1.007948e+00,-8.634514e+00,2.382965e-01,-2.070684e+01,-6.845663e+00,4.887962e-02,-2.971021e+00,-1.980112e+00,-2.276197e+00,-3.438976e+00,-2.331481e+00,-1.513893e+00,-2.262897e+00,-1.582306e+00,2.864099e-01,4.436799e-01,8.351755e-01,1.255552e+00,1.375450e+00,1.515694e+00,1.773257e+00,2.500209e+00,2.396409e+02,6.622635e-01,-8.392997e-02,-4.766583e+00,-2.305307e+00,4.945300e+00,-7.644061e-01,-2.170374e+00,3.409772e+00,3.234835e+00,-1.866088e+00,-4.824432e-01,1.937910e+00,2.994547e+00,3.264622e+00,-1.656004e-01,4.889777e+00,-1.474066e+00,-8.546326e-01,-8.801594e-01,-8.464451e-01,-8.334489e-01,-1.184272e+00,-9.620978e-01,-3.658465e-01,-2.729468e-01,-9.222472e-03,1.024139e-03,-5.057839e-02,3.838348e-03,1.615220e-02,3.691912e-03,-1.191314e-02,-1.626275e-02,5.071716e-02,-9.693231e-02,0,0,0,0,-4.027998e+01,-1.006645e-03,-5.102969e-04,-2.699411e-02
390,3.900000,3.154450e-01,-3.234229e+01,-9.456605e+00,3.057096e+00,-8.895100e+00,-1.864805e+01,-1.541660e+01,-2.046062e-01,1.180284e+01,-1.808364e+01,-2.470956e+00,-4.048954e+00,4.003724e+00,-2.130771e+01,3.457108e-01,-4.665488e+00,-4.285721e+00,-3.168569e+00,-3.037447e+00,-4.062805e+00,-3.663933e+00,-2.698915e+00,-2.742403e+00,-2.079115e+00,3.134674e-01,4.706531e-01,7.584345e-01,1.250731e+00,1.384857e+00,1.510614e+00,1.739666e+00,2.487587e+00,2.396409e+02,4.314672e-01,-6.727889e-02,-4.384687e+00,-2.314147e+00,2.206516e+00,-2.950633e+00,-5.661734e-01,4.143722e+00,2.882736e+00,-5.511651e-01,2.966944e+00,2.850942e+00,3.682990e+00,4.307490e+00,1.093707e+00,6.062238e+00,-2.823128e+00,-1.040616e+00,-8.094295e-01,-6.437956e-01,-5.495722e-01,-9.954506e-01,-9.156650e-01,-4.154382e-01,-3.513479e-01,8.088616e-03,1.533768e-02,-4.309044e-02,-1.455685e-02,8.380532e-03,4.489863e-03,-2.236935e-02,-1.662650e-02,0,-1.247818e-01,0,0,0,0,-1.612820e+01,-3.684835e-04,-8.794495e-05,-1.308188e-02
391,3.910000,1.759724e-01,-3.660248e+01,-1.178839e+01,2.669376e+00,-1.339536e+01,-1.777538e+01,-1.135415e+01,6.266868e-01,1.259283e+01,-1.011384e+01,1.110329e+00,-1.739050e+00,9.300596e+00,-1.840823e+01,9.403255e+00,-9.327374e+00,-5.518365e+00,-3.975187e+00,-3.569885e+00,-4.506927e+00,-4.529959e+00,-3.624811e+00,-3.283464e+00,-2.539504e+00,3.375608e-01,5.009749e-01,7.336633e-01,1.202760e+00,1.388016e+00,1.497764e+00,1.701280e+00,2.451544e+00,2.396409e+02,4.203949e-01,-4.787423e-02,-3.068702e+00,-1.710314e+00,4.148397e-01,-2.584108e+00,5.993614e-01,2.777594e+00,4.675029e-01,-1.105162e+00,3.716410e+00,3.912089e+00,4.069253e+00,3.432957e+00,1.780349e+00,4.605449e+00,-1.519128e+00,-8.229887e-01,-5.174378e-01,-4.584244e-01,-3.060328e-01,-6.319547e-01,-6.318753e-01,-3.369232e-01,-2.861047e-01,2.049959e-03,2.013628e-02,-9.750182e-03,-1.859312e-02,1.579900e-02,1.859356e-02,1.267030e-02,8.769035e-03,0,-1.129858e-01,0,0,0,0,0,0,0,0
392,3.920000,1.723827e-01,-3.830513e+01,-1.338018e+01,1.123838e+00,-1.625622e+01,-1.772378e+01,-1.053395e+01,-1.452041e+00,1.273168e+01,-9.409729e+00,8.097220e+00,5.791791e+00,1.404346e+01,-1.544064e+01,1.112973e+01,-8.092556e+00,-6.212101e+00,-4.105930e+00,-3.813383e+00,-4.509579e+00,-4.797099e+00,-3.908715e+00,-3.508554e+00,-2.604905e+00,3.408473e-01,5.117539e-01,7.530910e-01,1.205405e+00,1.401761e+00,1.549231e+00,1.738376e+00,2.507799e+00,2.396409e+02,2.087120e-01,-3.228524e-02,-1.477093e+00,-6.843513e-01,4.756942e-02,-8.204603e-01,1.756651e+00,1.522221e+00,-9.925009e-01,-2.183294e+00,3.466190e+00,4.503981e+00,3.659605e+00,1.449219e+00,1.237136e+00,1.538391e+00,-7.626005e-01,-3.976883e-01,-1.936480e-01,-2.993613e-01,-1.207809e-01,-2.881959e-01,-3.313282e-01,-1.753598e-01,-1.775267e-01,-1.848243e-02,1.330916e-02,1.031576e-02,-2.289584e-02,2.198493e-02,2.766851e-02,4.107821e-02,2.826943e-02,0,-6.775837e-02,0,0,0,0,0,0,0,0
393,3.930000,1.411296e-01,-3.892730e+01,-1.323180e+01,2.578935e+00,-1.384297e+01,-1.514382e+01,-1.182771e+01,-4.618724e+00,5.773951e+00,-6.490443e+00,1.326841e+01,6.791378e+00,1.238321e+01,-1.473864e+01,1.078957e+01,-5.833225e+00,-6.122775e+00,-4.098619e+00,-4.180351e+00,-4.745752e+00,-4.924672e+00,-4.068369e+00,-3.564438e+00,-2.749934e+00,2.829697e-01,5.238109e-01,7.890964e-01,1.185249e+00,1.445993e+00,1.589354e+00,1.837254e+00,2.533948e+00,2.396409e+02,2.087120e-01,8.461470e-03,-2.185455e-01,4.204245e-02,4.335173e-01,7.147318e-01,2.173140e+00,1.896747e+00,-1.119738e+00,-3.091708e+00,2.742500e+00,2.675850e+00,1.629905e+00,-1.329644e+00,7.021529e-01,-7.505968e-01,-4.465332e-01,-2.400050e-02,-4.377189e-02,-1.788799e-01,5.931950e-03,-5.089626e-02,-1.312107e-01,2.210903e-02,-5.791149e-02,-2.762667e-02,1.059970e-02,1.997261e-02,-2.563623e-02,2.435305e-02,2.641375e-02,5.299026e-02,4.219363e-02,0,-4.539513e-02,0,0,0,0,0,0,0,0
394,3.940000,1.714402e-01,-3.856534e+01,-1.215666e+01,3.340163e+00,-1.277360e+01,-1.118057e+01,-7.568716e+00,-2.544405e+00,4.295805e+00,-2.564392e+00,1.396991e+01,9.983857e+00,9.708508e+00,-1.695683e+01,7.344505e+00,-1.022556e+01,-5.971958e+00,-4.075093e+00,-4.229020e+00,-4.547297e+00,-4.907556e+00,-4.133778e+00,-3.478715e+00,-2.861533e+00,2.483508e-01,5.257809e-01,7.822968e-01,1.145007e+00,1.465794e+00,1.603162e+00,1.877070e+00,2.587732e+00,2.396409e+02,1.985168e-01,5.321461e-03,6.728878e-01,-2.151844e-01,8.073555e-01,6.564708e-01,1.655661e+00,2.360590e+00,-1.323509e+00,-1.705785e+00,2.679930e+00,2.005239e-01,-1.543547e+00,-2.515432e+00,-5.828410e-01,-1.252366e+00,-1.383753e+00,1.335857e-01,4.689074e-03,-4.751243e-02,5.135703e-02,8.963509e-02,-3.421388e-02,1.820178e-01,1.324416e-01,-1.796723e-02,5.646527e-04,7.857251e-03,-3.538506e-02,-8.246303e-04,4.735470e-04,6.706965e-03,-2.992637e-02,0,-3.058545e-03,0,0,0,0,0,0,0,0
395,3.950000,2.187510e-01,-3.756511e+01,-1.218994e+01,3.728800e+00,-1.156301e+01,-1.018128e+01,-3.353030e+00,-4.425822e+00,1.352226e+00,1.759911e-01,1.155324e+01,4.314445e+00,4.819850e+00,-1.413937e+01,7.542881e+00,-1.049354e+01,-5.758440e+00,-4.209466e+00,-4.256466e+00,-4.458409e+00,-4.729211e+00,-4.168334e+00,-3.187838e+00,-2.700747e+00,2.456757e-01,5.469599e-01,8.189235e-01,1.104777e+00,1.477765e+00,1.602868e+00,1.896884e+00,2.622545e+00,2.396409e+02,1.985168e-01,-9.611616e-03,1.252480e+00,-1.628548e+00,1.795289e+00,-3.390423e-01,-2.959897e-01,2.241668e+00,-2.094794e+00,8.647424e-01,1.697350e+00,-1.096092e+00,-2.863259e+00,-1.009192e+00,-1.504585e+00,-1.966048e-01,-8.102534e-01,9.601841e-02,1.973276e-02,4.296179e-02,4.414177e-03,1.074554e-01,1.342468e-02,3.693141e-01,4.701742e-01,-3.238888e-03,-9.568209e-03,-2.480340e-03,-2.359048e-02,-2.097231e-02,-1.345532e-02,-3.613310e-02,-7.483623e-02,0,-4.174240e-02,0,0,0,0,0,0,0,0
396,3.960000,1.601793e-01,-3.562179e+01,-1.497703e+01,4.585683e+00,-1.411384e+01,-1.192675e+01,-2.968346e+00,-8.166038e+00,6.413616e+00,6.567066e-01,9.957426e+00,-6.874752e-01,5.247983e+00,-1.865447e+01,6.491243e+00,-1.268117e+01,-5.726340e+00,-4.027062e+00,-4.012888e+00,-4.396466e+00,-4.446653e+00,-4.029802e+00,-2.786765e+00,-1.967291e+00,2.696582e-01,5.030026e-01,7.774637e-01,1.068716e+00,1.381752e+00,1.544842e+00,1.742096e+00,2.313869e+00,2.396409e+02,1.985168e-01,-1.927757e-02,1.427355e+00,-2.986339e+00,3.216821e+00,-4.827115e-01,-2.665990e+00,1.253275e+00,-2.385894e+00,1.933762e+00,6.050227e-02,-9.271005e-01,-3.071090e+00,1.374342e+00,-2.013710e+00,1.532815e+00,7.563239e-01,5.473246e-02,3.331289e-02,3.844199e-02,-1.348613e-01,-6.224632e-04,5.735998e-02,5.387636e-01,7.347975e-01,3.909582e-03,-1.806268e-02,-1.160790e-02,5.597711e-04,-2.331457e-02,-1.755787e-02,-4.809201e-02,-9.632156e-02,-1.419189e-01,-1.109999e-02,0,0,0,0,1.540839e+01,0,0,0
397,3.970000,9.870196e-02,-3.413668e+01,-1.996435e+01,1.093262e+01,-1.486806e+01,-1.625068e+01,-2.919553e+00,-1.228188e+01,9.038757e+00,3.857600e-01,9.794186e+00,-2.189252e+00,9.567517e+00,-2.141273e+01,1.023318e+01,-8.656692e+00,-5.765491e+00,-4.023971e+00,-4.073608e+00,-4.799097e+00,-4.617846e+00,-4.053234e+00,-2.063842e+00,-8.461847e-01,2.561215e-01,4.873590e-01,7.791112e-01,1.105443e+00,1.383152e+00,1.551237e+00,1.724075e+00,2.296698e+00,2.396409e+02,0,-2.279311e-04,1.056715e+00,-2.737241e+00,3.846464e+00,1.131500e+00,-3.449317e+00,1.055341e+00,-1.100253e+00,1.307207e+00,-1.614219e+00,-1.250075e+00,-1.972024e+00,2.711277e+00,-1.556176e+00,1.930522e+00,7.076055e-01,1.314984e-01,-1.419449e-03,-4.840722e-02,-2.310258e-01,-1.412951e-01,9.021030e-02,5.593764e-01,6.626932e-01,9.176225e-04,-1.390032e-02,-8.265662e-03,3.409848e-02,5.898416e-03,4.951119e-04,3.550363e-03,-1.175151e-02,-5.155579e-01,6.360708e-02,0,0,0,0,3.830369e+01,1.863220e-02,0,2.689460e-03
398,3.980000,1.350769e-01,-3.314278e+01,-2.320115e+01,1.582236e+01,-1.353463e+01,-2.147582e+01,-1.519080e+00,-1.054585e+01,1.012135e+01,-2.366765e+00,1.021393e+01,-2.119743e+00,1.420638e+01,-2.338869e+01,1.366343e+01,-7.362367e+00,-5.694769e+00,-4.001276e+00,-4.128239e+00,-5.051260e+00,-4.966351e+00,-3.904528e+00,-1.346895e+00,-1.148274e-01,2.626758e-01,4.652679e-01,7.441635e-01,1.147473e+00,1.396527e+00,1.541188e+00,1.723015e+00,2.269048e+00,2.389313e+02,2.422753e-01,2.910249e-02,4.382545e-01,-6.087349e-01,2.755536e+00,3.784526e+00,-2.664207e+00,6.176108e-01,4.931058e-01,-2.253649e+00,-3.049019e+00,-2.337971e+00,-2.692729e+00,8.864601e-01,2.023687e-01,1.961029e-01,-1.319965e-01,3.936778e-01,-1.899915e-02,-1.389678e-01,-2.203604e-01,-1.888635e-01,1.314608e-01,3.930425e-01,2.200466e-01,-4.443967e-03,-7.912624e-03,9.828436e-03,4.839636e-02,3.756724e-02,1.857717e-02,5.037956e-02,7.995363e-02,-1.094040e+00,1.614389e-01,7.704195e+01,0,0,0,6.107476e+01,3.369173e-02,1.404948e-02,1.603277e-02
399,3.990000,2.301625e-01,-3.352104e+01,-2.176409e+01,1.734278e+01,-6.195117e+00,-2.265333e+01,1.199042e+00,-8.737180e+00,6.034396e+00,-6.383369e+00,5.174606e+00,-4.829539e+00,1.389703e+01,-1.955314e+01,1.360939e+01,-9.614907e+00,-5.116733e+00,-4.229456e+00,-4.440827e+00,-5.286141e+00,-5.175838e+00,-3.779919e+00,-1.110892e+00,-3.135130e-01,2.537550e-01,4.963256e-01,7.942453e-01,1.235891e+00,1.499869e+00,1.607170e+00,1.924177e+00,2.586198e+00,2.374179e+02,4.946730e-01,3.596010e-02,1.675057e-01,2.179135e+00,2.137972e-01,5.643279e+00,-6.710581e-01,-1.381213e+00,1.218322e+00,-5.370908e+00,-3.719487e+00,-2.230420e+00,-4.141044e+00,-3.333993e+00,5.202162e-01,-3.908086e+00,-2.393878e+00,7.093796e-01,1.182523e-01,-9.744672e-02,-7.609816e-02,-5.684695e-02,2.635210e-01,8.628926e-02,-3.097703e-01,-7.785398e-03,-1.228958e-02,2.272519e-02,3.200340e-02,3.863963e-02,2.179533e-02,4.756840e-02,7.901368e-02,-1.682608e+00,2.056117e-01,1.529975e+02,9.316102e-02,0,1.344730e-02,6.045593e+01,3.891176e-02,2.426701e-02,3.025156e-02
400,4.000000,2.399615e-01,-3.373834e+01,-1.712084e+01,1.515828e+01,4.723163e-01,-2.204646e+01,-1.939589e+00,-7.472858e+00,-3.352448e+00,-1.120382e+01,5.773616e-01,-1.283098e+01,7.515525e+00,-1.857243e+01,5.783650e+00,-1.286204e+01,-4.082330e+00,-4.019315e+00,-4.524118e+00,-5.254746e+00,-5.111975e+00,-3.509155e+00,-1.298028e+00,-1.133394e+00,2.486216e-01,4.589562e-01,8.190389e-01,1.245473e+00,1.511229e+00,1.609761e+00,1.893943e+00,2.568887e+00,2.352822e+02,7.583746e-01,1.438399e-02,4.161430e-01,3.736778e+00,-2.021379e+00,5.595068e+00,7.677368e-01,-4.418682e+00,1.101644e+00,-6.983398e+00,-3.813632e+00,-2.877798e-01,-3.773807e+00,-6.848383e+00,-1.258280e-01,-6.940806e+00,-2.988537e+00,8.547009e-01,3.322382e-01,3.246903e-02,1.067033e-01,1.511291e-01,4.364908e-01,-1.248909e-01,-5.865874e-01,-1.204306e-02,-1.837884e-02,3.206764e-02,1.119983e-02,2.434071e-02,1.512961e-02,1.891876e-02,4.788220e-02,-2.175661e+00,1.345894e-01,2.288750e+02,1.218781e-01,7.024740e-02,7.344021e-02,3.628531e+01,1.483454e-02,2.747538e-02,4.536331e-02
401,4.010000,2.260602e-01,-3.300137e+01,-1.210884e+01,1.233364e+01,6.344862e+00,-1.932065e+01,-9.615363e+00,-7.726761e+00,-1.107889e+01,-1.379315e+01,3.460371e+00,-1.753885e+01,-3.757022e+00,-2.121979e+01,-5.367360e+00,-1.787624e+01,-3.024813e+00,-3.423690e+00,-4.362903e+00,-5.077845e+00,-4.829269e+00,-2.933315e+00,-1.656829e+00,-1.885753e+00,2.242216e-01,4.290670e-01,8.552995e-01,1.216460e+00,1.518999e+00,1.625927e+00,1.876453e+00,2.541847e+00,2.330524e+02,7.700090e-01,1.793747e-02,8.794136e-01,3.629681e+00,-3.466255e+00,3.173394e+00,1.513422e+00,-5.948768e+00,1.839586e-01,-5.094649e+00,-3.579279e+00,1.848828e+00,-1.861360e+00,-8.011676e+00,-1.926315e+00,-7.038292e+00,-3.178167e+00,7.293025e-01,4.660649e-01,2.242215e-01,3.006655e-01,3.436705e-01,5.231770e-01,-2.317625e-01,-5.230968e-01,-7.424743e-03,-2.010636e-02,1.561819e-02,-5.891943e-03,-5.139255e-03,-4.303300e-03,-2.843937e-02,-2.354000e-02,-2.561627e+00,5.734866e-02,2.263631e+02,1.336197e-01,8.621138e-02,1.145377e-01,1.225653e+01,-1.486182e-02,9.057621e-03,3.130382e-02
402,4.020000,2.090480e-01,-3.132190e+01,-9.344881e+00,8.220032e+00,8.170716e+00,-1.930347e+01,-1.820529e+01,-5.542837e+00,-1.623900e+01,-1.773004e+01,9.632150e+00,-1.463412e+01,-1.120851e+01,-2.318451e+01,-1.155222e+01,-1.817439e+01,-2.467224e+00,-2.742968e+00,-4.004856e+00,-4.621891e+00,-4.383990e+00,-2.145376e+00,-1.698380e+00,-2.261645e+00,2.172272e-01,4.070031e-01,8.739746e-01,1.213188e+00,1.508666e+00,1.607458e+00,1.841470e+00,2.530634e+00,2.302358e+02,7.775543e-01,1.184964e-02,7.863528e-01,2.725939e+00,-3.428851e+00,-7.275855e-02,2.646717e+00,-3.596093e+00,-6.740728e-01,-1.646934e+00,-2.982369e+00,1.496369e+00,-9.815893e-02,-6.447782e+00,-2.452893e+00,-3.786248e+00,-3.079183e+00,4.351903e-01,3.029996e-01,2.701283e-01,3.938235e-01,4.077549e-01,3.219683e-01,-3.132762e-01,-3.237078e-01,-2.522692e-03,-4.368371e-03,4.895627e-03,-1.250345e-02,-2.049997e-02,-1.081415e-02,-2.351196e-02,-1.669114e-02,-2.815849e+00,4.155517e-03,2.217857e+02,5.394336e-02,9.427121e-02,1.762714e-01,-3.578493e+00,-2.177907e-02,-1.233541e-02,5.775763e-03
403,4.030000,3.353066e-01,-3.033219e+01,-7.503660e+00,3.480632e+00,5.822650e+00,-1.645771e+01,-2.041195e+01,-8.782397e+00,-1.299557e+01,-2.101666e+01,9.891351e+00,-1.323477e+01,-1.679933e+01,-2.687868e+01,-1.291413e+01,-2.284957e+01,-2.277773e+00,-2.537305e+00,-3.579350e+00,-4.099241e+00,-3.821478e+00,-1.845924e+00,-2.069528e+00,-2.364872e+00,2.323285e-01,4.217704e-01,8.448684e-01,1.222574e+00,1.475455e+00,1.586805e+00,1.808216e+00,2.487624e+00,2.271330e+02,7.718264e-01,5.745934e-03,1.345278e-01,1.761865e+00,-2.270696e+00,-3.133725e+00,3.830762e+00,1.182141e+00,-1.152633e+00,1.820581e+00,-1.447203e+00,-1.762897e+00,-7.622144e-01,-3.956770e+00,-3.317744e+00,-2.043213e-01,-2.488430e+00,1.939172e-01,-2.536850e-02,2.133786e-01,3.626421e-01,3.088031e-01,-1.020651e-01,-3.853059e-01,-1.527857e-01,-1.449642e-03,6.100747e-03,-1.469275e-02,-2.333859e-02,-3.330093e-02,-1.939633e-02,-2.207661e-02,-7.940864e-03,-2.832300e+00,2.196115e-03,2.178248e+02,5.281930e-02,3.327620e-02,1.185508e-01,-2.881650e+00,-1.628325e-02,-1.672236e-02,-2.006229e-02
404,4.040000,2.445864e-01,-3.114116e+01,-5.793730e+00,2.440529e+00,3.696295e-01,-1.024434e+01,-1.452176e+01,-1.031540e+01,-1.062877e+01,-2.250391e+01,4.843719e+00,-1.547381e+01,-1.820223e+01,-2.800745e+01,-9.374207e+00,-2.577130e+01,-2.279899e+00,-2.947510e+00,-3.565253e+00,-3.774930e+00,-3.577096e+00,-2.443009e+00,-2.658059e+00,-2.512373e+00,2.319547e-01,4.407626e-01,8.487325e-01,1.179899e+00,1.430502e+00,1.575251e+00,1.810502e+00,2.512542e+00,2.241627e+02,7.782435e-01,-4.894309e-03,-7.888338e-01,1.042488e+00,-4.147216e-01,-3.920905e+00,4.895942e+00,4.993510e+00,-4.143118e-01,3.263504e+00,1.087538e+00,-3.379330e+00,-2.082633e+00,-2.780158e+00,-4.317338e+00,1.119412e+00,-1.522710e+00,7.595722e-02,-3.103962e-01,3.483210e-02,2.134537e-01,9.100916e-02,-4.743749e-01,-4.399807e-01,-1.098393e-01,-7.632458e-03,1.324940e-02,-1.514400e-02,-3.705832e-02,-2.623912e-02,-1.058760e-02,1.188494e-02,1.133761e-02,-2.580069e+00,2.852619e-03,2.152518e+02,5.338300e-02,3.503792e-02,1.003125e-01,-1.823375e+00,-4.836864e-03,-1.350579e-02,-2.550193e-02
405,4.050000,2.370206e-01,-3.241910e+01,-5.075086e+00,3.869915e+00,-5.423218e+00,-4.696409e+00,-5.546421e+00,-1.110364e+01,-4.781092e+00,-1.864223e+01,-2.959899e+00,-2.093008e+01,-2.004401e+01,-3.539704e+01,-7.477974e+00,-2.651994e+01,-2.148890e+00,-3.448261e+00,-3.515811e+00,-3.688114e+00,-3.688701e+00,-3.294824e+00,-3.103519e+00,-2.524317e+00,2.096096e-01,4.426909e-01,7.944567e-01,1.116411e+00,1.391577e+00,1.545049e+00,1.781555e+00,2.511189e+00,2.219275e+02,7.806450e-01,-1.421472e-02,-1.282739e+00,4.795456e-01,1.125762e+00,-2.987375e+00,3.983769e+00,5.213047e+00,9.293587e-01,2.801401e+00,3.218088e+00,-2.641207e+00,-1.572362e+00,-2.274108e+00,-5.094410e+00,-3.352489e-02,1.556698e-01,4.562957e-02,-3.335046e-01,-8.904505e-02,2.915974e-02,-1.340241e-01,-5.752752e-01,-3.655550e-01,-1.218248e-01,-1.286668e-02,9.362075e-03,-1.035254e-02,-3.496165e-02,-4.200423e-03,-1.659226e-03,5.261310e-02,3.842742e-02,-2.246136e+00,4.638904e-03,2.152218e+02,5.248367e-02,3.221621e-02,5.220566e-02,-1.244363e+00,-8.377912e-03,-4.660790e-03,-7.332770e-03
406,4.060000,2.337195e-01,-3.422261e+01,-5.346729e+00,5.951782e+00,-5.810873e+00,-7.044176e-01,-6.705047e-01,-6.453773e+00,-4.028719e+00,-1.347956e+01,-8.388755e-01,-2.119963e+01,-2.348696e+01,-4.051202e+01,-8.673240e+00,-2.395275e+01,-2.151880e+00,-3.839471e+00,-3.862465e+00,-3.760185e+00,-3.995333e+00,-3.792801e+00,-3.381288e+00,-2.731118e+00,1.904243e-01,4.627898e-01,8.234604e-01,1.080978e+00,1.419409e+00,1.575398e+00,1.914226e+00,2.575540e+00,2.199382e+02,7.874081e-01,1.072114e-02,-1.139127e+00,2.291102e-01,1.253577e+00,-1.287002e+00,2.106007e+00,2.995555e+00,1.067333e+00,1.173166e+00,3.286628e+00,4.502863e-01,5.570297e-01,-1.440105e+00,-4.214459e+00,-1.619188e+00,4.666534e-01,1.367772e-02,-1.639684e-01,-1.056225e-01,-4.046505e-02,-2.051422e-01,-4.076444e-01,-2.472991e-01,-1.278795e-01,-9.571138e-03,7.716713e-03,-6.026268e-03,-2.105398e-02,1.822170e-02,1.046270e-02,7.791561e-02,4.503617e-02,-1.983630e+00,3.754336e-03,2.139703e+02,2.992686e-02,2.727228e-02,8.193427e-02,-1.196127e+00,-1.112274e-02,-6.430221e-03,1.065267e-03
407,4.070000,2.696665e-01,-3.520516e+01,-5.329432e+00,7.353815e+00,-6.023976e+00,-1.308828e+00,-1.272339e+00,-6.066419e+00,-2.288594e+00,-9.438395e+00,-4.733869e-01,-1.823367e+01,-2.552751e+01,-4.609844e+01,-1.343224e+01,-2.298049e+01,-2.113635e+00,-3.758847e+00,-3.875969e+00,-3.960814e+00,-4.282480e+00,-4.047405e+00,-3.535688e+00,-2.864623e+00,1.887603e-01,4.575672e-01,8.057418e-01,1.097226e+00,1.459999e+00,1.578436e+00,2.019420e+00,2.648263e+00,2.180146e+02,7.904387e-01,1.765000e-02,-5.025482e-01,3.733687e-01,5.288514e-01,-4.572056e-01,6.336525e-01,8.298153e-01,1.493995e-01,-5.472027e-01,1.769308e+00,2.478624e+00,2.443104e+00,1.122936e-01,-1.474217e+00,-1.639674e+00,-6.099464e-01,-2.443948e-02,3.908882e-02,-3.135467e-02,6.924534e-03,-1.097283e-01,-1.804306e-01,-1.290642e-01,-1.034804e-01,-8.896872e-04,9.237910e-03,-4.646659e-04,-1.279298e-02,2.235549e-02,1.148485e-02,7.176511e-02,4.107172e-02,-1.837033e+00,2.092791e-03,2.122437e+02,2.265781e-02,1.385507e-02,9.107605e-02,-1.397211e+00,-1.054237e-02,-6.378118e-03,1.928127e-02
408,4.080000,2.818692e-01,-3.544377e+01,-4.521006e+00,6.966465e+00,-5.765003e+00,-1.408097e+00,-1.681025e+00,-7.497349e+00,-6.009193e+00,-1.067269e+01,5.851895e+00,-1.403687e+01,-2.266101e+01,-4.372905e+01,-1.449301e+01,-2.520775e+01,-2.229138e+00,-3.612058e+00,-3.913286e+00,-3.840905e+00,-4.305917e+00,-4.104940e+00,-3.678471e+00,-2.981618e+00,1.945237e-01,4.719081e-01,8.129587e-01,1.084222e+00,1.487399e+00,1.610871e+00,2.081147e+00,2.669186e+00,2.162010e+02,7.921183e-01,2.079837e-02,2.157169e-01,5.224042e-01,-5.208088e-01,-4.549980e-01,3.216353e-01,8.418226e-01,-1.544243e+00,-1.015238e+00,-3.337294e-01,1.375129e+00,2.120067e+00,1.758563e+00,1.122989e+00,2.081458e-01,-1.910970e+00,-2.317739e-02,8.780527e-02,5.034857e-02,1.221378e-01,8.293585e-02,-2.755904e-02,-1.614261e-02,-1.857400e-02,2.200681e-03,1.403037e-02,-1.094961e-03,-1.231148e-02,1.078081e-02,1.487803e-03,3.345287e-02,2.327313e-02,-1.629355e+00,1.075286e-03,2.107602e+02,1.268225e-02,1.206738e-02,8.620361e-02,-1.006290e+00,-6.270843e-03,-5.002494e-03,1.492556e-02
409,4.090000,3.011958e-01,-3.432126e+01,-3.621104e+00,6.006831e+00,-7.732181e+00,-1.176306e+00,-8.920844e-01,-9.834857e+00,-6.526868e+00,-1.119912e+01,6.087833e+00,-1.229594e+01,-1.989552e+01,-4.115961e+01,-1.276646e+01,-2.894217e+01,-2.232458e+00,-3.366523e+00,-3.647174e+00,-3.613132e+00,-4.082050e+00,-4.040907e+00,-3.600249e+00,-2.916469e+00,2.031115e-01,4.843214e-01,7.973843e-01,1.050825e+00,1.469359e+00,1.584736e+00,2.056919e+00,2.669724e+00,2.146109e+02,7.887538e-01,1.129552e-02,7.861107e-01,7.378666e-01,-1.423217e+00,-1.120396e+00,9.326462e-01,1.947521e+00,-2.197447e+00,-1.505698e+00,-1.091352e+00,-1.201339e-02,3.084661e-01,2.307664e+00,3.065417e+00,2.412509e+00,-1.580754e+00,-6.115246e-03,6.292129e-02,1.103751e-01,2.900270e-01,2.978016e-01,1.896875e-02,4.167290e-02,3.201861e-02,4.794970e-04,1.763701e-02,9.133232e-03,-2.398888e-02,-1.080989e-02,-1.036190e-02,-7.685495e-03,5.587721e-03,-1.270001e+00,3.212768e-03,2.098408e+02,8.394141e-03,7.928066e-03,1.464774e-01,-1.919418e-01,-3.387939e-03,-2.339102e-03,1.313453e-02
410,4.100000,3.219467e-01,-3.358598e+01,-3.588872e+00,4.021230e+00,-7.231760e+00,8.374985e-01,3.348481e+00,-1.229077e+01,-6.985771e+00,-1.426785e+01,2.756157e+00,-1.356816e+01,-1.751014e+01,-3.736649e+01,-7.965401e+00,-3.052676e+01,-2.208355e+00,-3.596606e+00,-3.725120e+00,-3.323338e+00,-3.680868e+00,-3.933845e+00,-3.429721e+00,-2.798065e+00,1.942521e-01,5.195646e-01,8.221644e-01,1.042621e+00,1.468633e+00,1.579687e+00,2.062740e+00,2.681175e+00,2.134932e+02,7.936270e-01,-2.854580e-03,1.205751e+00,8.621531e-01,-2.373355e+00,-2.583609e+00,9.362686e-01,3.225726e+00,-1.965864e+00,-1.074001e+00,-2.963843e-01,-1.767329e+00,-2.005004e+00,1.763427e+00,3.723863e+00,3.408589e+00,4.518476e-01,-1.137845e-02,3.565373e-02,2.626420e-01,4.546648e-01,4.804377e-01,-4.731560e-03,6.795092e-02,7.040481e-02,5.844058e-03,1.656364e-02,1.076736e-02,-3.076947e-02,-3.562838e-02,-1.791990e-02,-3.061261e-02,-1.132464e-03,-7.681778e-01,7.791829e-03,2.101403e+02,5.704477e-03,5.223310e-03,1.288614e-01,7.372833e-01,5.279047e-04,-1.520474e-03,-9.227952e-03
411,4.110000,3.061053e-01,-3.220350e+01,-2.106167e+00,1.710348e+00,-1.089258e+01,2.231606e+00,5.950514e+00,-1.465694e+01,-9.328794e+00,-1.309758e+01,1.014415e+00,-1.692569e+01,-1.656462e+01,-3.395263e+01,-4.633500e+00,-2.822476e+01,-2.154603e+00,-3.451967e+00,-3.418177e+00,-2.769464e+00,-3.105996e+00,-4.038109e+00,-3.451699e+00,-2.796306e+00,1.912936e-01,5.219240e-01,8.468051e-01,9.980819e-01,1.415332e+00,1.542219e+00,1.990196e+00,2.670207e+00,2.130184e+02,8.057482e-01,-1.282998e-02,1.539435e+00,9.619651e-01,-3.863977e+00,-4.019409e+00,8.745042e-01,3.742030e+00,-1.897338e-01,-1.552708e+00,5.740206e-01,-2.063875e+00,-4.181576e+00,1.232507e+00,4.517717e+00,3.364222e+00,2.918208e+00,-6.964705e-02,3.987060e-02,5.051563e-01,6.546794e-01,6.440287e-01,1.357095e-02,6.019404e-02,3.274488e-02,2.513645e-02,1.537834e-02,1.002750e-02,-3.145664e-02,-5.446701e-02,-1.177529e-02,-3.905901e-02,-6.428957e-03,-2.294922e-01,1.201103e-02,2.115939e+02,9.207000e-03,5.581590e-03,1.354198e-01,1.386568e+00,2.239704e-03,-2.841137e-04,-2.097481e-02
412,4.120000,2.651415e-01,-3.047389e+01,-9.677096e-01,-2.752068e+00,-1.710285e+01,1.569290e+00,1.102631e+01,-1.491562e+01,-9.978234e+00,-1.120538e+01,-4.480406e-01,-2.174701e+01,-1.550932e+01,-2.871322e+01,-1.516546e+00,-2.330722e+01,-2.324958e+00,-3.391068e+00,-2.714575e+00,-1.989416e+00,-2.391756e+00,-4.129997e+00,-3.412991e+00,-2.689675e+00,2.296530e-01,5.359249e-01,8.420851e-01,9.567457e-01,1.336271e+00,1.542531e+00,1.961446e+00,2.663283e+00,2.131563e+02,8.225803e-01,-1.243823e-02,1.794306e+00,6.139085e-01,-5.014338e+00,-4.779841e+00,6.832749e-01,3.796391e+00,1.421749e+00,-1.180585e+00,2.052579e+00,-1.801815e+00,-4.931632e+00,7.423757e-01,4.370009e+00,2.073854e+00,3.677129e+00,-1.464953e-01,5.328677e-02,6.995506e-01,7.567977e-01,7.275847e-01,8.296621e-02,1.031020e-01,2.636116e-02,5.063153e-02,1.576784e-02,2.012414e-03,-2.632578e-02,-6.394366e-02,-4.135764e-03,-2.745789e-02,-8.009315e-03,2.101944e-01,1.184167e-02,2.135700e+02,1.491534e-02,5.638249e-03,4.559263e-02,1.529254e+00,1.485628e-03,-3.804188e-04,-1.639327e-02
413,4.130000,2.654485e-01,-2.818013e+01,-1.218600e-01,-9.926406e+00,-2.289368e+01,2.830318e+00,1.397915e+01,-9.471100e+00,-1.279418e+01,-9.860249e+00,-2.629444e+00,-2.911439e+01,-1.473340e+01,-2.289766e+01,8.302257e-01,-1.796090e+01,-2.522392e+00,-3.269939e+00,-1.626665e+00,-1.006696e+00,-1.506463e+00,-3.874976e+00,-3.307644e+00,-2.806940e+00,3.110934e-01,5.530329e-01,8.375614e-01,9.364791e-01,1.263205e+00,1.544438e+00,1.912271e+00,2.646526e+00,2.136319e+02,8.343323e-01,-2.358366e-02,1.744292e+00,-4.909480e-02,-5.297038e+00,-3.589840e+00,1.167997e+00,2.921218e+00,1.515406e+00,-8.128538e-01,1.728690e+00,-8.887658e-01,-4.104936e+00,1.323960e+00,3.808703e+00,6.027507e-01,2.774743e+00,-1.923602e-01,2.323153e-02,6.203373e-01,7.075367e-01,7.144040e-01,2.126972e-01,1.536375e-01,5.451326e-02,6.375716e-02,2.666902e-02,3.176087e-03,-2.182972e-03,-3.833469e-02,1.787664e-02,1.966825e-02,3.938675e-05,4.844543e-01,8.359241e-03,2.150588e+02,1.498723e-02,6.300028e-03,8.323770e-02,1.307233e+00,-9.365657e-04,-4.376694e-04,-3.149450e-03
414,4.140000,2.800839e-01,-2.662613e+01,-1.511483e+00,-1.523208e+01,-2.513041e+01,3.954517e+00,1.831612e+01,-7.774946e+00,-1.115600e+01,-5.623617e+00,-4.430988e+00,-3.213197e+01,-1.471387e+01,-2.104393e+01,-3.279928e-01,-1.727305e+01,-2.756936e+00,-3.421186e+00,-1.123122e+00,-4.207335e-01,-8.427114e-01,-3.600580e+00,-2.986238e+00,-2.660943e+00,3.875099e-01,5.828493e-01,8.368483e-01,9.417937e-01,1.224978e+00,1.557898e+00,1.964413e+00,2.652969e+00,2.142375e+02,8.385432e-01,-2.370800e-02,1.452511e+00,-4.100104e-01,-4.221795e+00,-1.577929e+00,2.250028e+00,8.979312e-01,-6.257221e-01,-6.009744e-01,1.768340e+00,7.995647e-01,-1.102258e+00,2.363783e+00,2.148663e+00,-1.334921e+00,8.479120e-01,-1.644622e-01,5.777700e-02,2.983595e-01,5.402614e-01,6.178399e-01,2.886010e-01,1.457013e-01,7.537520e-02,5.340797e-02,3.612814e-02,9.714675e-03,1.697088e-02,-1.472614e-02,2.060070e-02,4.018937e-02,3.158998e-03,6.248382e-01,3.584856e-03,2.160541e+02,1.024250e-02,2.961997e-03,7.298612e-02,1.045952e+00,-2.668127e-03,-5.382277e-04,5.069072e-03
415,4.150000,1.807158e-01,-2.540592e+01,-2.079754e+00,-1.853484e+01,-2.482800e+01,6.878976e+00,1.691170e+01,-1.065025e+01,-1.280418e+01,-7.245011e+00,-1.437940e+00,-3.225789e+01,-1.034254e+01,-1.874376e+01,-2.214023e+00,-1.736813e+01,-2.900414e+00,-3.320750e+00,-1.112216e+00,-1.612119e-02,-3.084988e-01,-3.239331e+00,-2.896888e+00,-2.538106e+00,4.311509e-01,6.318069e-01,8.653039e-01,9.946430e-01,1.279305e+00,1.623918e+00,2.087054e+00,2.675561e+00,2.149001e+02,8.395629e-01,-2.091665e-02,9.959744e-01,-1.705728e-01,-2.427090e+00,-1.145521e-01,2.730018e+00,-1.453947e+00,-3.846796e+00,-8.654001e-01,1.475755e+00,1.704584e+00,1.979220e+00,3.138211e+00,1.126550e+00,-2.983664e+00,-2.839054e-01,-8.925130e-02,1.498059e-01,-3.925358e-02,3.267909e-01,4.606754e-01,2.702261e-01,4.752006e-02,6.685116e-02,2.518116e-02,3.649697e-02,1.036568e-02,2.364151e-02,-9.051097e-03,2.232659e-03,1.418487e-02,-2.475057e-02,7.292175e-01,-3.213286e-04,2.168881e+02,6.860591e-03,4.731369e-03,1.059758e-01,1.042332e+00,-2.367653e-03,-4.070433e-04,-9.633915e-03
416,4.160000,1.889678e-01,-2.459844e+01,-2.038815e+00,-1.955683e+01,-2.402534e+01,1.079510e+01,1.404969e+01,-1.745466e+01,-1.297811e+01,-3.671305e+00,2.954031e+00,-2.568655e+01,-5.885829e+00,-2.004685e+01,-6.669027e+00,-1.936405e+01,-2.958258e+00,-3.076777e+00,-1.480002e+00,2.166036e-01,9.846147e-02,-3.004814e+00,-2.889863e+00,-2.447216e+00,4.366640e-01,6.771786e-01,8.767872e-01,1.012518e+00,1.254590e+00,1.605794e+00,2.075002e+00,2.664560e+00,2.156464e+02,8.378893e-01,2.957338e-03,5.849617e-01,3.165752e-01,-1.012190e+00,1.963810e-01,2.389404e+00,-3.111421e+00,-4.814047e+00,-9.335517e-01,1.469753e+00,5.810052e-01,3.122402e+00,2.758580e+00,2.939959e-01,-2.943797e+00,-3.116636e-01,-8.462882e-03,2.203741e-01,-1.542092e-01,1.472179e-01,2.804606e-01,2.136135e-01,-5.407257e-02,-7.584142e-03,1.003444e-04,2.420862e-02,5.733275e-03,1.348312e-02,-2.375202e-02,-2.952740e-02,-4.132304e-02,-4.617727e-02,8.893158e-01,-2.774954e-03,2.178851e+02,5.638024e-03,3.731440e-03,5.956894e-02,1.369614e+00,-1.477968e-03,-1.766775e-04,-1.960597e-02
417,4.170000,2.064232e-01,-2.421411e+01,-7.110583e-01,-1.989948e+01,-2.401898e+01,1.306011e+01,8.842630e+00,-2.386522e+01,-1.621013e+01,-3.457630e+00,2.200969e+00,-2.244100e+01,-3.456362e+00,-1.776345e+01,-1.091758e+01,-1.833493e+01,-2.867988e+00,-2.693114e+00,-1.644494e+00,3.085901e-01,3.263277e-01,-2.821728e+00,-3.118231e+00,-2.579548e+00,4.124222e-01,6.883531e-01,8.694203e-01,1.019324e+00,1.203144e+00,1.531653e+00,1.927901e+00,2.516977e+00,2.165735e+02,8.330526e-01,2.819881e-02,2.094437e-01,1.806952e-01,7.324333e-02,1.900637e-01,7.054914e-01,-2.652660e+00,-3.308935e+00,4.227507e-01,1.753638e+00,-1.806005e+00,2.041398e+00,1.310345e+00,-2.081272e-01,-2.212043e+00,4.244362e-01,2.717652e-02,1.539838e-01,-1.105694e-01,-4.890367e-02,5.405358e-02,1.330993e-01,-4.779623e-02,-1.607077e-02,-1.487677e-02,3.995454e-03,-1.160651e-03,2.793074e-04,-3.599121e-02,-5.137379e-02,-6.431506e-02,-4.688735e-02,1.130775e+00,-5.220735e-03,2.193549e+02,5.451200e-03,3.880090e-03,4.177672e-02,1.855160e+00,-5.002126e-04,-4.221715e-04,-1.524941e-02
418,4.180000,2.820169e-01,-2.429724e+01,-6.129547e-01,-1.961071e+01,-2.455301e+01,1.281097e+01,6.793547e+00,-2.523770e+01,-1.412079e+01,-1.685436e-01,-3.345416e+00,-2.142841e+01,-4.364058e+00,-2.006411e+01,-1.069520e+01,-1.834796e+01,-2.815464e+00,-2.633134e+00,-1.628029e+00,1.530005e-01,2.421785e-01,-2.741314e+00,-3.145929e+00,-2.678143e+00,3.973760e-01,6.756194e-01,8.634564e-01,9.968686e-01,1.144299e+00,1.456394e+00,1.837374e+00,2.501374e+00,2.178474e+02,8.279236e-01,9.105654e-03,-1.253584e-01,-4.480828e-01,9.352669e-01,3.818882e-01,-1.280709e+00,-1.914804e+00,-5.795071e-01,2.017661e+00,3.099422e-01,-3.310712e+00,-6.575615e-01,1.477961e-01,1.426039e-01,-1.083568e+00,1.171892e+00,1.602478e-02,2.145426e-02,-3.535347e-02,-2.528949e-01,-1.765755e-01,6.633620e-02,8.118272e-03,4.399180e-02,-1.554166e-02,-1.100252e-02,-1.513100e-03,-7.795215e-04,-1.421915e-02,-2.926830e-02,-3.189479e-02,-3.773808e-03,1.391614e+00,-8.369738e-03,2.216688e+02,3.557360e-03,2.504249e-03,7.055806e-03,2.174156e+00,5.297023e-04,5.903016e-05,3.572930e-03
419,4.190000,2.751853e-01,-2.450931e+01,-1.889208e+00,-1.814168e+01,-2.361384e+01,9.398501e+00,7.276466e+00,-2.330341e+01,-1.011909e+01,-2.282023e-01,-7.318240e+00,-2.417998e+01,-4.551704e+00,-1.977577e+01,-1.126115e+01,-1.575399e+01,-2.835929e+00,-2.772653e+00,-1.591049e+00,-2.288380e-01,-1.100894e-01,-2.705585e+00,-3.007835e+00,-2.502997e+00,3.764111e-01,6.525638e-01,8.661661e-01,1.003864e+00,1.154495e+00,1.441749e+00,1.884292e+00,2.522717e+00,2.194535e+02,8.184420e-01,-6.829999e-03,-5.052425e-01,-1.222667e+00,1.888851e+00,1.586891e+00,-2.862758e+00,-1.655069e+00,2.153011e+00,3.304998e+00,-8.618771e-01,-3.447315e+00,-2.180790e+00,-3.812832e-01,9.300600e-01,-1.616512e+00,1.744883e+00,-7.030082e-03,-1.218324e-01,-7.314871e-02,-4.752588e-01,-3.748242e-01,2.648830e-02,1.055643e-01,1.131218e-01,-1.302903e-02,-1.998681e-02,3.940821e-03,1.043557e-02,1.666521e-02,2.545571e-03,6.125724e-03,4.041784e-02,1.498863e+00,-1.512566e-02,2.242720e+02,5.399860e-03,3.234107e-03,5.598533e-02,1.820634e+00,1.622133e-03,2.535918e-04,2.102066e-02
420,4.200000,2.001150e-01,-2.507763e+01,-3.690154e+00,-1.575939e+01,-2.231847e+01,6.222366e+00,5.258754e+00,-2.063310e+01,-5.935322e+00,-3.736308e+00,-8.839927e+00,-2.810487e+01,-4.599178e+00,-1.832767e+01,-1.191508e+01,-1.479506e+01,-2.894163e+00,-2.929737e+00,-1.683491e+00,-7.791569e-01,-5.662075e-01,-2.731205e+00,-2.904469e+00,-2.265532e+00,3.769613e-01,6.400607e-01,8.708488e-01,1.016351e+00,1.207819e+00,1.504405e+00,1.937332e+00,2.642821e+00,2.211645e+02,8.033459e-01,-1.603993e-02,-1.023345e+00,-1.497312e+00,3.017644e+00,3.224699e+00,-3.579913e+00,-2.767759e+00,2.798228e+00,2.552089e+00,-2.218639e+00,-1.868111e+00,-1.566114e+00,-1.028651e-01,9.131830e-01,-3.417613e+00,1.284374e+00,3.420591e-04,-1.483485e-01,-2.414778e-01,-6.687478e-01,-5.416750e-01,-2.204533e-02,1.212304e-01,1.037303e-01,-1.680974e-02,-2.683286e-02,5.689180e-03,2.403361e-02,4.269122e-02,2.446783e-02,1.231580e-02,4.160345e-02,1.332819e+00,-2.610564e-02,2.262973e+02,8.312206e-03,4.349582e-03,7.032929e-02,-1.404162e+01,1.496195e-03,4.427002e-05,1.665274e-02
421,4.210000,2.132242e-01,-2.635012e+01,-5.285794e+00,-1.238089e+01,-1.720180e+01,2.040623e+00,1.334680e+00,-1.540247e+01,-3.777870e+00,-5.983134e+00,-1.228835e+01,-3.000672e+01,-5.245218e+00,-1.398137e+01,-1.839020e+01,-1.138697e+01,-2.863789e+00,-3.153975e+00,-1.982506e+00,-1.601625e+00,-1.143600e+00,-2.694341e+00,-2.711139e+00,-2.220244e+00,3.574844e-01,6.061984e-01,8.854282e-01,1.061761e+00,1.254710e+00,1.520376e+00,1.908551e+00,2.648343e+00,2.224093e+02,7.697132e-01,4.787992e-03,-1.773258e+00,-1.580023e+00,4.078375e+00,4.695426e+00,-3.526788e+00,-4.459000e+00,3.157756e+00,1.120123e+00,-2.946033e+00,-8.488322e-01,1.136257e-01,4.654468e-01,-3.959213e-01,-3.048171e+00,-1.466441e-01,-2.329023e-02,-1.915294e-01,-4.714155e-01,-8.516834e-01,-7.139215e-01,-7.090042e-02,7.377239e-02,-9.381890e-03,-2.545349e-02,-3.375995e-02,5.058742e-03,3.514745e-02,5.009730e-02,2.824320e-02,-1.610148e-02,1.414373e-02,9.252090e-01,-3.846779e-02,2.261438e+02,1.118444e-02,4.225383e-03,1.152433e-01,-3.748846e+01,-2.859944e-04,-7.597548e-04,-3.034880e-03
422,4.220000,2.327979e-01,-2.849356e+01,-6.401222e+00,-7.402887e+00,-1.163554e+01,-1.409656e+00,-4.074352e+00,-1.519703e+01,-4.530950e+00,-8.384271e+00,-1.020091e+01,-2.634560e+01,-4.531627e+00,-1.839540e+01,-2.421874e+01,-1.410960e+01,-2.799824e+00,-3.184216e+00,-2.639690e+00,-2.504345e+00,-1.949441e+00,-2.857162e+00,-2.688125e+00,-2.300868e+00,3.227907e-01,5.646378e-01,8.822712e-01,1.088088e+00,1.307647e+00,1.539420e+00,1.886824e+00,2.646579e+00,2.230336e+02,7.217598e-01,1.845019e-02,-2.278384e+00,-1.723239e+00,4.591542e+00,4.676866e+00,-3.417430e+00,-4.833453e+00,2.901151e+00,5.227610e-01,-2.951737e+00,1.185720e+00,2.308696e+00,2.013234e+00,-1.486780e+00,-5.922486e-01,-7.922536e-01,-1.893411e-01,-2.209691e-01,-6.073985e-01,-8.998413e-01,-8.179911e-01,-1.351072e-01,-7.850456e-03,-6.588366e-02,-2.946248e-02,-3.742278e-02,5.931103e-03,3.810238e-02,4.617815e-02,1.902580e-02,-3.195579e-02,-1.822822e-02,4.696869e-01,-8.566420e-02,1.505248e+02,8.146044e-03,2.229961e-03,6.069055e-02,-6.040224e+01,-2.375589e-03,-1.242940e-03,-2.102716e-02
423,4.230000,2.827839e-01,-3.166763e+01,-8.433787e+00,-1.928053e+00,-5.478172e+00,-4.419429e+00,-1.035198e+01,-1.023267e+01,-5.220660e+00,-1.263439e+01,-1.088191e+01,-2.449148e+01,-2.258245e+00,-2.172152e+01,-2.035017e+01,-1.682993e+01,-2.999550e+00,-3.603060e+00,-3.470028e+00,-3.624661e+00,-2.988080e+00,-2.997108e+00,-2.747145e+00,-2.532238e+00,2.762289e-01,5.214755e-01,8.857486e-01,1.143733e+00,1.355067e+00,1.565458e+00,1.829039e+00,2.591557e+00,2.231450e+02,6.668961e-01,5.288130e-03,-2.407471e+00,-2.371821e+00,3.895148e+00,2.379190e+00,-3.366176e+00,-3.744251e+00,3.384392e+00,2.025855e+00,-2.123467e+00,3.722784e+00,4.244434e+00,3.626673e+00,-2.605003e-01,3.794410e+00,-5.452901e-01,-5.688826e-01,-2.824248e-01,-5.671661e-01,-7.808232e-01,-8.052270e-01,-1.732925e-01,-9.222440e-02,-9.143758e-03,-1.934597e-02,-2.684265e-02,-2.012694e-03,3.367972e-02,3.663586e-02,1.961870e-02,-4.233529e-02,-5.967324e-02,1.582962e-01,-9.988344e-02,7.471606e+01,4.052969e-03,4.951433e-04,4.563029e-02,-6.028124e+01,-3.051493e-03,-1.068073e-03,-2.911771e-02
424,4.240000,2.575862e-01,-3.381079e+01,-1.073235e+01,1.971901e+00,-4.795949e+00,-7.634759e+00,-1.306518e+01,-8.712247e+00,-2.600122e+00,-1.516936e+01,-3.614552e+00,-1.931901e+01,3.973503e+00,-2.189150e+01,-1.389633e+01,-1.603484e+01,-3.772989e+00,-3.810039e+00,-3.976723e+00,-4.266846e+00,-3.733923e+00,-3.255358e+00,-2.925719e+00,-2.438953e+00,2.702766e-01,4.953082e-01,9.003442e-01,1.165877e+00,1.388531e+00,1.576993e+00,1.817309e+00,2.580073e+00,2.231450e+02,4.264334e-01,-2.265680e-02,-1.920683e+00,-2.603681e+00,2.250127e+00,-6.499437e-01,-3.568588e+00,-1.282372e+00,4.351344e+00,4.399975e+00,1.992739e-01,5.184987e+00,5.669256e+00,4.587830e+00,2.553503e+00,6.731822e+00,1.698475e+00,-8.953608e-01,-2.905244e-01,-3.067855e-01,-5.002940e-01,-6.398303e-01,-1.666472e-01,-9.078901e-02,8.766282e-02,3.745619e-03,-7.777691e-03,-9.224271e-03,3.195899e-02,3.045976e-02,1.686803e-02,-1.253750e-02,-5.890031e-02,2.229309e-02,-8.275837e-02,0,0,0,0,-3.757656e+01,-2.034506e-03,-4.955066e-04,-1.670114e-02
425,4.250000,2.272707e-01,-3.572886e+01,-1.497934e+01,2.407460e+00,-8.725644e+00,-1.167770e+01,-1.289116e+01,-1.722895e+00,5.385992e+00,-1.320792e+01,3.032387e+00,-1.229785e+01,8.635582e+00,-1.353582e+01,-4.579349e+00,-1.315080e+01,-5.221619e+00,-4.253187e+00,-4.149820e+00,-4.624491e+00,-4.277494e+00,-3.361706e+00,-3.053465e+00,-2.196920e+00,2.870116e-01,5.066499e-01,8.663283e-01,1.191266e+00,1.397447e+00,1.599683e+00,1.731631e+00,2.383229e+00,2.231450e+02,4.179592e-01,-4.351115e-02,-1.292824e+00,-2.324558e+00,3.748852e-01,-3.020837e+00,-3.939630e+00,1.023777e+00,4.100060e+00,5.154868e+00,3.024462e+00,5.116306e+00,6.782396e+00,4.095826e+00,3.686005e+00,6.320943e+00,2.631117e+00,-9.999256e-01,-1.882458e-01,-3.340583e-02,-1.917362e-01,-4.228266e-01,-1.624297e-01,-2.362249e-02,1.224639e-01,2.238043e-02,6.381997e-03,-2.643951e-02,1.878774e-02,1.805466e-02,6.393576e-03,7.507789e-03,-5.009026e-02,0,-4.301065e-03,0,0,0,0,-1.494321e+01,-8.105938e-04,-9.902866e-05,-9.126059e-03
426,4.260000,1.472705e-01,-3.606636e+01,-1.614685e+01,1.679994e+00,-1.326153e+01,-1.562346e+01,-9.216619e+00,2.304806e+00,1.216560e+01,-7.101133e+00,8.766875e+00,-4.096140e+00,1.296061e+01,-9.720735e+00,1.554957e+00,-7.456793e+00,-6.165593e+00,-4.311774e+00,-3.833721e+00,-4.505900e+00,-4.503885e+00,-3.508099e+00,-2.988911e+00,-2.030213e+00,3.361274e-01,5.331621e-01,8.458600e-01,1.224117e+00,1.438756e+00,1.606647e+00,1.872840e+00,2.456241e+00,2.231450e+02,4.324364e-01,-4.202849e-02,-7.420914e-01,-1.129244e+00,-6.872799e-01,-2.965106e+00,-3.460261e+00,1.181698e+00,3.253412e+00,3.417354e+00,3.407233e+00,2.680283e+00,5.548356e+00,2.338105e+00,2.649230e+00,4.130274e+00,2.894038e+00,-7.035650e-01,-5.755000e-02,1.206036e-01,-1.329756e-02,-2.319875e-01,-1.132398e-01,1.600239e-02,1.641302e-02,2.748578e-02,9.003961e-03,-2.215806e-02,1.631767e-02,1.945189e-02,3.659212e-03,4.357674e-02,6.988072e-03,0,6.586992e-02,0,0,0,0,0,0,0,0
427,4.270000,1.203860e-01,-3.700397e+01,-1.734933e+01,9.232680e-02,-1.634957e+01,-2.012323e+01,-7.157373e+00,4.759107e+00,1.317082e+01,-1.546195e+00,8.508907e+00,1.809067e+00,1.372733e+01,-9.376874e+00,3.528898e+00,-7.963369e+00,-6.802876e+00,-4.293422e+00,-3.708558e+00,-4.463815e+00,-4.717232e+00,-3.682886e+00,-2.833662e+00,-2.124289e+00,3.552056e-01,5.344585e-01,7.807931e-01,1.208552e+00,1.420228e+00,1.582598e+00,1.838813e+00,2.403022e+00,2.231450e+02,6.423893e-01,-1.520882e-02,-4.043125e-01,6.420565e-02,-9.865748e-01,-1.718455e+00,-2.197569e+00,6.592512e-02,1.847107e-01,4.141817e-02,1.192445e+00,5.731360e-01,3.161054e+00,3.244397e-01,8.652353e-02,1.818556e-01,2.047616e+00,-2.569740e-01,7.171845e-02,9.436908e-02,6.110806e-02,-7.589674e-02,-8.872702e-02,-2.464650e-02,-8.857694e-02,2.077595e-02,3.933775e-03,-6.266481e-03,2.840900e-03,1.032234e-02,-2.132678e-03,3.391029e-02,5.230291e-02,0,6.510309e-02,0,0,0,0,0,0,0,0
428,4.280000,1.008861e-01,-3.688369e+01,-1.519358e+01,-3.069315e-01,-1.580952e+01,-2.071330e+01,-1.002358e+01,4.313809e+00,1.059424e+01,-3.964063e+00,7.048605e+00,1.369312e+00,1.311815e+01,-1.072482e+01,2.700914e+00,-4.158362e+00,-6.500185e+00,-4.077672e+00,-3.594336e+00,-4.413671e+00,-4.673992e+00,-3.660967e+00,-2.955608e+00,-2.393203e+00,3.736085e-01,5.264237e-01,8.323215e-01,1.238822e+00,1.474400e+00,1.603831e+00,1.981602e+00,2.605118e+00,2.231450e+02,6.435680e-01,2.417030e-03,-3.885013e-01,6.416829e-01,-2.490600e-01,-4.774643e-01,-3.962471e-01,-1.543517e+00,-2.443472e+00,-2.587243e+00,-1.381116e+00,-5.118089e-02,4.946592e-01,-1.626091e+00,-1.258094e+00,-2.288514e+00,4.996683e-01,8.785214e-02,1.153271e-01,-2.688274e-02,-3.119373e-03,-3.477287e-02,-9.511757e-02,-1.467476e-01,-1.323738e-01,6.294698e-03,-4.257083e-03,6.333011e-03,-1.221890e-02,-1.169932e-03,-1.495719e-03,-1.241204e-02,4.352729e-02,0,4.134671e-02,0,0,0,0,0,0,0,0
429,4.290000,1.744188e-01,-3.734175e+01,-1.513495e+01,-1.531951e+00,-1.604392e+01,-2.012063e+01,-1.215805e+01,-1.803843e+00,6.378765e+00,-8.814235e+00,6.757202e+00,7.746961e-01,1.017901e+01,-1.260116e+01,-4.243049e+00,-4.561931e+00,-6.339193e+00,-4.011646e+00,-3.797667e+00,-4.365065e+00,-4.571925e+00,-3.728908e+00,-3.193349e+00,-2.458309e+00,3.721508e-01,5.296880e-01,8.417652e-01,1.198117e+00,1.431237e+00,1.590428e+00,1.846802e+00,2.570306e+00,2.231450e+02,6.379089e-01,1.107421e-02,-4.801178e-01,7.175766e-01,7.786172e-01,2.159208e-01,7.950798e-01,-2.447003e+00,-4.218515e+00,-3.620207e+00,-2.320837e+00,1.027943e-01,-6.987026e-01,-1.977509e+00,-1.130087e+00,-2.186778e+00,-5.192076e-01,2.453561e-01,1.076556e-01,-1.344962e-01,-1.099921e-01,-5.718775e-02,-1.301461e-01,-2.211828e-01,-1.164117e-01,-5.529395e-03,-1.302385e-02,7.545149e-03,-2.255008e-02,-1.345618e-02,-6.752861e-03,-5.465188e-02,2.375286e-02,0,-1.769602e-04,0,0,0,0,0,0,0,0
430,4.300000,1.323392e-01,-3.783998e+01,-1.404563e+01,1.246833e+00,-1.580167e+01,-1.760600e+01,-1.443386e+01,-6.631079e+00,2.625410e+00,-1.037269e+01,9.386824e+00,-1.105658e+00,6.604311e+00,-1.439906e+01,-6.001641e+00,-6.659171e+00,-5.958173e+00,-3.876027e+00,-3.923580e+00,-4.570872e+00,-4.750403e+00,-3.960676e+00,-3.542805e+00,-2.525072e+00,3.591283e-01,5.142620e-01,8.470390e-01,1.168239e+00,1.427402e+00,1.595254e+00,1.806785e+00,2.590235e+00,2.231450e+02,6.414101e-01,4.249771e-03,-6.618541e-01,2.479979e-01,1.686652e+00,6.236998e-01,6.291935e-01,-1.557044e+00,-3.278238e+00,-2.796726e+00,-4.419861e-01,5.214161e-01,-2.421916e-01,-1.540464e+00,-5.119618e-01,-1.365016e+00,-2.593448e+00,1.629962e-01,6.865664e-02,-1.779301e-01,-2.084538e-01,-1.537644e-01,-1.600134e-01,-1.607174e-01,-7.757618e-02,-1.319502e-02,-2.064626e-02,-2.926850e-03,-2.537275e-02,-1.141809e-02,-8.301318e-03,-5.581312e-02,-1.135976e-02,0,-5.305767e-04,0,0,0,0,0,0,0,0
431,4.310000,1.600304e-01,-3.892642e+01,-1.433542e+01,3.208531e+00,-1.527389e+01,-1.770148e+01,-1.718725e+01,-1.086103e+01,-9.458065e-01,-9.946067e+00,7.853770e+00,-4.469608e-01,7.096705e+00,-1.319019e+01,-3.053715e+00,-9.309003e+00,-5.847101e+00,-3.855967e+00,-4.216417e+00,-4.935175e+00,-4.964965e+00,-4.183762e+00,-3.645977e+00,-2.640414e+00,3.347987e-01,4.754201e-01,8.111601e-01,1.131093e+00,1.376446e+00,1.553123e+00,1.652962e+00,2.529227e+00,2.231450e+02,6.425834e-01,-7.575133e-03,-5.557472e-01,1.674130e-01,1.837344e+00,8.410675e-01,2.431471e-01,7.597180e-02,-4.418209e-01,-6.611598e-01,7.369732e-01,6.356056e-01,6.147030e-01,6.037146e-01,-2.692749e-01,3.217486e-01,-2.144785e+00,5.975170e-02,6.011796e-03,-1.409663e-01,-1.768757e-01,-1.838550e-01,-1.245609e-01,-6.068356e-02,-3.996606e-02,-1.013080e-02,-1.443211e-02,-2.087378e-03,-7.030535e-03,7.671106e-03,-2.819073e-03,1.134639e-02,4.669500e-03,0,1.102090e-04,0,0,0,0,0,0,0,0
432,4.320000,1.293291e-01,-3.940063e+01,-1.435335e+01,5.756086e+00,-1.307604e+01,-1.877691e+01,-1.529420e+01,-7.548789e+00,2.728938e-01,-5.608078e+00,9.107402e+00,7.691826e-01,6.956986e+00,-1.299011e+01,-4.718833e+00,-1.475207e+01,-5.931250e+00,-3.812228e+00,-4.274612e+00,-5.170886e+00,-5.246294e+00,-4.233607e+00,-3.532881e+00,-2.690032e+00,3.263094e-01,4.503263e-01,8.329898e-01,1.145471e+00,1.444705e+00,1.580977e+00,1.799456e+00,2.568858e+00,2.231450e+02,6.385778e-01,-6.683582e-03,-3.450867e-01,-1.737866e-01,9.926413e-01,3.812431e-01,-4.330316e-01,1.608122e+00,1.606419e+00,2.601824e-02,5.694678e-01,7.461239e-01,6.384894e-01,1.704448e+00,-2.694140e-01,1.224459e+00,-1.330578e+00,-4.865074e-02,-7.116284e-02,-9.662938e-02,-4.765835e-02,-1.483272e-01,-4.871950e-02,5.094600e-02,1.731091e-02,-2.981493e-03,1.675650e-03,-1.773238e-04,6.083047e-03,2.233930e-02,4.174721e-03,5.729090e-02,1.947195e-02,0,-6.553173e-04,0,0,0,0,0,0,0,0
433,4.330000,1.380482e-01,-3.934016e+01,-1.414402e+01,5.400144e+00,-1.320140e+01,-1.831944e+01,-1.134802e+01,-3.554092e+00,4.249225e+00,-7.511677e+00,1.007494e+01,2.910790e+00,1.302124e+01,-1.465201e+01,-3.275710e+00,-1.123941e+01,-6.053896e+00,-4.013486e+00,-4.326983e+00,-4.949437e+00,-5.243254e+00,-4.215247e+00,-3.501729e+00,-2.575660e+00,3.379062e-01,4.894953e-01,8.383529e-01,1.174349e+00,1.460941e+00,1.583471e+00,1.907198e+00,2.604342e+00,2.231450e+02,6.398761e-01,-2.037966e-02,-6.026687e-02,-1.788656e-01,3.299665e-02,-4.807006e-01,-3.772406e-01,1.597992e+00,1.986083e+00,2.672109e-01,-3.054311e-01,1.949920e+00,4.169204e-01,1.104257e+00,-1.876577e-01,2.896029e+00,4.862118e-01,-8.531208e-02,-8.551662e-02,-2.300796e-02,7.912560e-02,-6.394186e-02,2.912164e-02,4.356139e-02,4.845712e-02,5.266836e-03,1.631446e-02,3.443772e-03,1.246480e-02,2.785150e-02,9.945679e-03,7.686269e-02,2.974517e-02,0,-2.863944e-04,0,0,0,0,0,0,0,0
434,4.340000,1.099124e-01,-3.935854e+01,-1.501026e+01,5.114233e+00,-1.493170e+01,-1.946218e+01,-9.312863e+00,-2.252452e+00,1.579860e-01,-8.742551e+00,1.200686e+01,4.079130e-01,1.216428e+01,-1.501522e+01,2.316494e-01,-1.234686e+01,-6.098030e+00,-4.153081e+00,-4.351444e+00,-4.802033e+00,-5.352894e+00,-4.188531e+00,-3.360200e+00,-2.470895e+00,3.426671e-01,5.156026e-01,8.325560e-01,1.177026e+00,1.496851e+00,1.600953e+00,1.966122e+00,2.650038e+00,2.231450e+02,6.394872e-01,-1.254984e-02,5.030518e-02,-7.931586e-02,-7.457720e-01,-9.353851e-01,-6.996710e-01,2.395742e-01,6.652998e-01,-2.884223e-01,-7.353600e-01,1.503686e+00,-2.291288e-01,-5.532500e-01,8.914022e-01,4.568684e+00,1.367914e+00,-5.391946e-02,-4.586110e-02,3.458013e-02,8.738784e-02,-1.434231e-03,6.555853e-02,2.701411e-02,1.760652e-02,5.848184e-03,1.088155e-02,1.224452e-03,1.120697e-02,1.828945e-02,6.958878e-03,2.898746e-02,1.635175e-02,0,1.244277e-03,0,0,0,0,0,0,0,0
435,4.350000,6.784046e-02,-3.924880e+01,-1.490129e+01,3.694441e+00,-1.674956e+01,-1.924505e+01,-1.218796e+01,-3.578779e+00,4.477019e-01,-9.905986e+00,1.615364e+01,1.818276e+00,1.001434e+01,-1.311592e+01,8.951185e+00,-8.080550e+00,-6.190272e+00,-4.113123e+00,-4.293041e+00,-4.723974e+00,-5.231374e+00,-4.060691e+00,-3.514511e+00,-2.507697e+00,3.529541e-01,5.243543e-01,8.285958e-01,1.177639e+00,1.489631e+00,1.592863e+00,1.953943e+00,2.637363e+00,2.231450e+02,6.406968e-01,-1.031816e-03,4.356651e-02,1.265108e-01,-1.150700e+00,-8.759190e-01,-1.091560e+00,-1.085625e-01,5.882915e-01,1.017450e+00,5.638288e-01,3.761872e-01,-4.202470e-01,-1.973827e+00,1.257487e+00,3.982751e+00,9.888667e-01,-9.844980e-02,-8.007837e-03,1.425347e-01,5.214915e-02,1.603575e-02,5.188029e-02,2.366996e-02,-3.670030e-02,9.610901e-03,-7.283181e-04,9.309888e-04,3.439844e-03,1.157031e-02,5.000162e-03,-7.242560e-04,1.122975e-03,0,4.217553e-03,0,0,0,0,0,0,0,0
436,4.360000,1.016837e-01,-3.919479e+01,-1.437130e+01,2.880078e+00,-1.597888e+01,-2.181245e+01,-1.367636e+01,-4.209946e+00,7.315438e-01,-8.087724e+00,1.358648e+01,1.697961e-01,5.694187e+00,-9.301144e+00,1.201114e+01,-9.491928e+00,-6.132659e+00,-3.991715e+00,-4.118682e+00,-4.846678e+00,-5.259405e+00,-3.983092e+00,-3.391419e+00,-2.635981e+00,3.480264e-01,4.873045e-01,8.439906e-01,1.199861e+00,1.521807e+00,1.611075e+00,1.921021e+00,2.634106e+00,2.231450e+02,6.443889e-01,2.162857e-02,4.008713e-02,3.754869e-01,-1.300872e+00,-5.945038e-01,-9.962965e-01,1.701064e-01,1.428952e+00,3.432531e+00,1.462531e+00,-1.480571e+00,-4.433630e-02,-9.362303e-01,8.372264e-01,1.816715e+00,1.159764e+00,-1.407326e-01,-6.358147e-03,2.106570e-01,2.869248e-02,4.230719e-02,1.919627e-02,1.142781e-02,-6.462123e-02,1.357407e-02,-6.023633e-03,2.591944e-03,3.998613e-03,8.668900e-05,3.065526e-03,-1.143284e-02,-6.409693e-03,0,5.584949e-03,0,0,0,0,0,0,0,0
437,4.370000,1.370034e-01,-3.920420e+01,-1.383095e+01,7.637231e-01,-1.705740e+01,-2.260210e+01,-9.709085e+00,3.661122e-01,9.049697e+00,-5.019947e+00,1.116607e+01,9.286140e-01,6.387155e+00,-1.122161e+01,1.074830e+01,-7.722539e+00,-6.528830e+00,-4.134209e+00,-3.730690e+00,-4.666368e+00,-5.209820e+00,-4.058565e+00,-3.367769e+00,-2.676618e+00,3.832811e-01,5.000027e-01,8.372906e-01,1.180131e+00,1.506314e+00,1.603411e+00,1.926127e+00,2.617923e+00,2.231450e+02,6.585130e-01,2.691383e-02,-7.889442e-02,3.228598e-02,-1.440578e+00,-5.372640e-01,-1.056731e+00,3.186226e-02,1.464976e+00,2.952886e+00,1.607411e+00,-2.169432e+00,-8.421634e-01,-4.607866e-01,-1.892444e-01,-1.678536e-01,6.141027e-01,-1.598818e-01,-3.742359e-02,1.812011e-01,-9.541512e-04,4.354992e-02,1.265848e-02,3.152368e-02,-6.387854e-02,1.348558e-02,-3.828502e-03,3.213018e-03,-3.315449e-03,-1.279807e-03,3.970027e-03,-1.332484e-02,-5.081463e-03,0,2.749896e-03,0,0,0,0,0,0,0,0
438,4.380000,1.834738e-01,-3.918040e+01,-1.366800e+01,7.523152e-02,-1.775030e+01,-2.276514e+01,-9.701770e+00,2.919861e+00,1.301964e+01,-3.872915e+00,7.097792e+00,6.310624e-01,9.296725e+00,-1.177625e+01,8.416665e+00,-6.727039e+00,-6.632413e+00,-4.174329e+00,-3.579334e+00,-4.687373e+00,-5.152135e+00,-4.093613e+00,-3.376431e+00,-2.709540e+00,3.953739e-01,4.976602e-01,8.411683e-01,1.195773e+00,1.488943e+00,1.611007e+00,1.922865e+00,2.627710e+00,2.231450e+02,6.585038e-01,1.220069e-02,-9.692154e-02,-1.846055e-01,-9.092358e-01,-5.776724e-01,-1.973017e-01,-7.813115e-01,-2.180695e-01,1.052704e+00,8.101707e-01,-1.486566e+00,-6.501515e-01,-4.945548e-01,-1.825066e+00,-1.129784e+00,1.140313e-01,-8.310461e-02,-4.882574e-03,5.628090e-02,-1.937280e-02,6.016503e-02,-1.085806e-03,7.908845e-03,-3.187671e-02,6.169134e-03,-2.125913e-03,3.578580e-03,-1.360762e-02,-1.295057e-02,-4.764271e-03,-2.349935e-02,-6.202965e-02,0,-4.743910e-03,0,0,0,0,0,0,0,0
439,4.390000,1.615146e-01,-3.965046e+01,-1.509151e+01,-2.106025e+00,-1.855017e+01,-2.405237e+01,-1.401595e+01,1.811975e-01,9.068083e+00,-3.976337e+00,8.550824e+00,-2.623174e+00,5.909138e+00,-1.282459e+01,9.909154e+00,-6.392481e+00,-6.739804e+00,-4.208934e+00,-3.656709e+00,-4.808397e+00,-5.067259e+00,-3.942139e+00,-3.364386e+00,-2.790310e+00,3.967082e-01,5.000339e-01,8.460720e-01,1.163105e+00,1.499664e+00,1.612747e+00,1.886397e+00,2.615154e+00,2.231450e+02,6.473888e-01,-4.270209e-03,4.508209e-03,-1.578240e-01,-2.170641e-01,-3.963230e-01,2.364635e-02,-1.072977e+00,-2.285527e+00,-1.919423e+00,3.183032e-01,-6.105852e-01,-6.453988e-01,-1.110770e+00,-2.327698e+00,-4.146287e-01,-6.501269e-01,6.210504e-02,7.372685e-02,-4.506252e-02,-2.388873e-02,4.257879e-02,-2.277989e-02,6.031034e-02,-1.512528e-04,-7.179415e-03,-8.977694e-03,-7.723570e-04,-2.692885e-02,-1.733223e-02,-1.437451e-02,-4.222269e-02,-8.901801e-02,0,-1.053227e-02,0,0,0,0,0,0,0,0
440,4.400000,1.504316e-01,-3.945626e+01,-1.466404e+01,-2.312268e-01,-1.812086e+01,-2.207383e+01,-1.542949e+01,-5.207836e+00,5.985869e+00,-4.558675e+00,7.461272e+00,-1.305067e+00,3.460422e+00,-1.762498e+01,6.781790e+00,-9.586801e+00,-6.442696e+00,-3.978765e+00,-3.874268e+00,-4.872528e+00,-5.029860e+00,-4.046734e+00,-3.353566e+00,-2.738519e+00,3.721585e-01,4.766594e-01,8.574927e-01,1.140335e+00,1.460380e+00,1.582586e+00,1.823390e+00,2.325342e+00,2.231450e+02,6.262314e-01,-1.319417e-02,8.800697e-02,6.136894e-03,1.450458e-01,-2.510445e-01,1.094082e-01,-3.210850e-01,-2.701395e+00,-2.619895e+00,2.465516e-01,1.047792e-01,-2.629896e-01,-1.324822e+00,-2.343011e+00,1.735297e-01,-8.783320e-01,1.065139e-01,9.675233e-02,-6.102295e-02,1.034384e-02,1.973381e-02,-4.583473e-02,8.842991e-02,2.207356e-02,-1.104810e-02,-9.851029e-03,-5.260891e-03,-3.350350e-02,-1.757454e-02,-1.975149e-02,-4.378738e-02,-8.985243e-02,0,-9.843278e-03,0,0,0,0,0,0,0,0
441,4.410000,1.321735e-01,-3.904373e+01,-1.412204e+01,-1.683682e-01,-1.885374e+01,-2.282952e+01,-1.221011e+01,-6.997677e+00,2.969471e+00,-3.085551e+00,7.931400e+00,-1.330315e+00,3.751456e+00,-1.993573e+01,9.492594e+00,-9.543293e+00,-6.313164e+00,-3.863356e+00,-3.808536e+00,-4.693235e+00,-5.058064e+00,-4.195904e+00,-3.077650e+00,-2.662885e+00,3.589917e-01,4.656147e-01,8.252666e-01,1.073206e+00,1.433935e+00,1.545749e+00,1.764751e+00,2.324016e+00,2.231450e+02,6.219879e-01,-7.694030e-03,1.625996e-01,2.480932e-01,3.938173e-01,-1.340002e-01,1.690002e-01,6.831049e-01,-1.614759e+00,-1.521362e+00,3.254697e-01,-7.687192e-02,2.560470e-01,-4.024329e-01,-1.653303e+00,1.877683e-01,-6.258116e-01,9.828119e-02,8.065641e-02,-2.379203e-02,4.096165e-02,-9.813309e-04,-6.566997e-02,8.493888e-02,3.304832e-02,-8.859983e-03,-7.988309e-03,-7.383698e-03,-2.469292e-02,-1.579034e-02,-1.708334e-02,-3.019297e-02,-5.836010e-02,0,-5.504531e-03,0,0,0,0,0,0,0,0
